0 0.525 0.6736111111111112 0.50234375 0.6736111111111112 0.478125 0.6680555555555555 0.525 0.6736111111111112 
0 0.62890625 0.675 0.61484375 0.675 0.6140625 0.6722222222222223 0.62890625 0.6708333333333333 0.62890625 0.675 
0 0.68984375 0.675 0.68671875 0.6736111111111112 0.68984375 0.675 
0 0.72265625 0.675 0.71171875 0.6736111111111112 0.72265625 0.675 
0 0.571875 0.6791666666666667 0.53671875 0.6791666666666667 0.5265625 0.675 0.57578125 0.6763888888888889 0.571875 0.6791666666666667 
0 0.6953125 0.675 0.69296875 0.675 0.6953125 0.675 
0 0.703125 0.675 0.70078125 0.675 0.703125 0.675 
0 0.70859375 0.675 0.70625 0.675 0.70859375 0.675 
0 0.734375 0.6777777777777778 0.73046875 0.6777777777777778 0.734375 0.6777777777777778 
0 0.72734375 0.6791666666666667 0.72109375 0.6791666666666667 0.72734375 0.6791666666666667 
0 0.21328125 0.8541666666666666 0.19609375 0.8513888888888889 0.18828125 0.8388888888888889 0.2296875 0.8263888888888888 0.35234375 0.7597222222222222 0.41015625 0.7236111111111111 0.45703125 0.7013888888888888 0.52421875 0.6805555555555556 0.5296875 0.6791666666666667 0.53046875 0.6833333333333333 0.53046875 0.6861111111111111 0.46875 0.7069444444444445 0.421875 0.7333333333333333 0.378125 0.7694444444444445 0.29375 0.8236111111111111 0.21328125 0.8541666666666666 
0 0.7203125 0.6805555555555556 0.71640625 0.6805555555555556 0.7203125 0.6805555555555556 
0 0.71328125 0.6819444444444445 0.7109375 0.6819444444444445 0.71328125 0.6819444444444445 
0 0.91875 0.7111111111111111 0.875 0.7069444444444445 0.8609375 0.6944444444444444 0.87109375 0.6805555555555556 0.87109375 0.6847222222222222 0.8640625 0.6944444444444444 0.87265625 0.7013888888888888 0.91875 0.7111111111111111 
0 0.70546875 0.6888888888888889 0.68828125 0.6875 0.69140625 0.6819444444444445 0.71015625 0.6833333333333333 0.70546875 0.6888888888888889 
0 0.99921875 0.8569444444444444 0.96796875 0.85 0.93125 0.8347222222222223 0.75625 0.75 0.72421875 0.7291666666666666 0.71796875 0.7180555555555556 0.71796875 0.7125 0.725 0.7069444444444445 0.73203125 0.7083333333333334 0.7328125 0.7125 0.72734375 0.7152777777777778 0.73984375 0.7263888888888889 0.81953125 0.7638888888888888 0.984375 0.8305555555555556 0.99921875 0.8305555555555556 0.99921875 0.8569444444444444 
0 0.99921875 0.7208333333333333 0.91953125 0.7125 0.99921875 0.7208333333333333 
1 0.0125 0.6625 0.0 0.6305555555555555 0.0 0.6194444444444445 0.034375 0.625 0.03203125 0.6472222222222223 0.01875 0.6527777777777778 0.0125 0.6625 
1 0.05703125 0.6722222222222223 0.04921875 0.6652777777777777 0.05234375 0.625 0.1671875 0.6319444444444444 0.1421875 0.6319444444444444 0.13515625 0.6416666666666667 0.1328125 0.6583333333333333 0.084375 0.6541666666666667 0.078125 0.6652777777777777 0.06484375 0.6666666666666666 0.05703125 0.6722222222222223 
1 0.3375 0.7097222222222223 0.32578125 0.7097222222222223 0.3125 0.6847222222222222 0.31171875 0.6638888888888889 0.3015625 0.6625 0.2890625 0.6486111111111111 0.365625 0.6527777777777778 0.3640625 0.7041666666666667 0.36171875 0.7083333333333334 0.3375 0.7097222222222223 
5 0.0796875 0.8652777777777778 0.0 0.85 0.0 0.8291666666666667 0.10390625 0.8416666666666667 0.17578125 0.8416666666666667 0.18828125 0.8375 0.19609375 0.8513888888888889 0.2015625 0.8527777777777777 0.0796875 0.8652777777777778 
2 0.5546875 0.6597222222222222 0.54296875 0.6583333333333333 0.54296875 0.6458333333333334 0.53828125 0.6472222222222223 0.540625 0.6583333333333333 0.53125 0.6583333333333333 0.53046875 0.6375 0.5546875 0.6375 0.5546875 0.6597222222222222 
2 0.5765625 0.6611111111111111 0.55703125 0.6597222222222222 0.55703125 0.6388888888888888 0.5828125 0.6388888888888888 0.57734375 0.6513888888888889 0.5765625 0.6611111111111111 
2 0.625 0.6652777777777777 0.61484375 0.6652777777777777 0.61484375 0.6569444444444444 0.6078125 0.6430555555555556 0.62421875 0.6416666666666667 0.625 0.6652777777777777 
2 0.63125 0.6569444444444444 0.6296875 0.6430555555555556 0.6375 0.6430555555555556 0.63125 0.6569444444444444 
2 0.68984375 0.6708333333333333 0.6859375 0.6694444444444444 0.68671875 0.6611111111111111 0.68359375 0.6583333333333333 0.68046875 0.6458333333333334 0.69921875 0.6444444444444445 0.69921875 0.6541666666666667 0.690625 0.6569444444444444 0.68984375 0.6708333333333333 
2 0.7265625 0.6736111111111112 0.7125 0.6722222222222223 0.7125 0.6652777777777777 0.70625 0.6541666666666667 0.7015625 0.6541666666666667 0.7015625 0.6458333333333334 0.740625 0.6513888888888889 0.740625 0.6652777777777777 0.73515625 0.6652777777777777 0.734375 0.6722222222222223 0.7265625 0.6736111111111112 
2 0.74765625 0.6652777777777777 0.7453125 0.6652777777777777 0.74609375 0.65 0.74765625 0.6513888888888889 0.74765625 0.6652777777777777 
2 0.81875 0.6763888888888889 0.7984375 0.6736111111111112 0.803125 0.6680555555555555 0.80078125 0.6569444444444444 0.80546875 0.65 0.81015625 0.6513888888888889 0.81328125 0.6597222222222222 0.81484375 0.6527777777777778 0.81875 0.6527777777777778 0.81875 0.6763888888888889 
2 0.91484375 0.6972222222222222 0.871875 0.6930555555555555 0.8703125 0.6763888888888889 0.8390625 0.6763888888888889 0.83828125 0.6625 0.8703125 0.6611111111111111 0.86953125 0.6513888888888889 0.87890625 0.6527777777777778 0.87890625 0.6583333333333333 0.89375 0.6583333333333333 0.89453125 0.6541666666666667 0.9015625 0.6527777777777778 0.903125 0.6597222222222222 0.9140625 0.6611111111111111 0.91484375 0.6972222222222222 
2 0.971875 0.7013888888888888 0.93125 0.6986111111111111 0.93046875 0.6527777777777778 0.953125 0.6527777777777778 0.95625 0.6597222222222222 0.97109375 0.6597222222222222 0.971875 0.7013888888888888 
2 0.92890625 0.6986111111111111 0.91875 0.6972222222222222 0.91796875 0.6611111111111111 0.92109375 0.6541666666666667 0.92890625 0.6597222222222222 0.92890625 0.6986111111111111 
2 0.99921875 0.7041666666666667 0.97421875 0.7027777777777777 0.975 0.6597222222222222 0.99921875 0.6611111111111111 0.99921875 0.7041666666666667 
2 0.83203125 0.6763888888888889 0.821875 0.6763888888888889 0.82109375 0.6625 0.83125 0.6611111111111111 0.83203125 0.6763888888888889 
