0 0.1932730923694779 0.7068273092369478 0.1910140562248996 0.7068273092369478 0.19076305220883535 0.7051539491298527 0.1915160642570281 0.7041499330655957 0.21812248995983935 0.7034805890227577 0.2161144578313253 0.7008032128514057 0.22038152610441766 0.6997991967871486 0.22389558232931728 0.7024765729585006 0.2248995983935743 0.7048192771084337 0.22213855421686746 0.7058232931726908 0.1932730923694779 0.7068273092369478 
0 0.16616465863453816 0.7195448460508701 0.16340361445783133 0.7182061579651942 0.17243975903614459 0.7115127175368139 0.1844879518072289 0.7115127175368139 0.20080321285140562 0.7074966532797858 0.20130522088353414 0.7101740294511378 0.18699799196787148 0.715528781793842 0.16616465863453816 0.7195448460508701 
0 0.5587349397590361 0.7218875502008032 0.5579819277108434 0.7218875502008032 0.5579819277108434 0.7188755020080321 0.5687751004016064 0.7175368139223561 0.5700301204819277 0.7208835341365462 0.5700301204819277 0.7215528781793842 0.5587349397590361 0.7218875502008032 
0 0.5499497991967871 0.7232262382864793 0.5481927710843374 0.7202141900937081 0.5539658634538153 0.7195448460508701 0.5539658634538153 0.7225568942436412 0.5499497991967871 0.7232262382864793 
0 0.02635542168674699 0.7392904953145917 0.02610441767068273 0.7379518072289156 0.03965863453815261 0.7366131191432396 0.07379518072289157 0.7272423025435074 0.11671686746987951 0.7225568942436412 0.1280120481927711 0.7198795180722891 0.15436746987951808 0.7198795180722891 0.15512048192771086 0.7218875502008032 0.1478413654618474 0.7218875502008032 0.14006024096385541 0.7242302543507363 0.07329317269076305 0.7329317269076305 0.06224899598393574 0.7352744310575636 0.02635542168674699 0.7392904953145917 
0 0.9997489959839357 0.999665327978581 0.8084839357429718 0.9233601070950469 0.7758534136546185 0.9022757697456493 0.6182228915662651 0.8149263721552878 0.5502008032128514 0.7814591700133868 0.4917168674698795 0.7473226238286479 0.4904618473895582 0.7466532797858099 0.4904618473895582 0.7346050870147256 0.5030120481927711 0.7339357429718876 0.5072791164658634 0.7325970548862115 0.5065261044176707 0.7366131191432396 0.5042670682730924 0.7369477911646586 0.5539658634538153 0.7590361445783133 0.6691767068273092 0.8072289156626506 0.6869979919678715 0.820615796519411 0.7813755020080321 0.8698125836680054 0.8805220883534136 0.9079651941097724 0.9628514056224899 0.9461178045515395 0.9997489959839357 0.9608433734939759 0.9997489959839357 0.999665327978581 
0 0.0 0.7771084337349398 0.0 0.7640562248995983 0.02384538152610442 0.7587014725568942 0.029367469879518073 0.7566934404283802 0.030622489959839357 0.7533467202141901 0.04467871485943775 0.7546854082998661 0.04442771084337349 0.7637215528781793 0.020833333333333332 0.7720883534136547 0.007279116465863454 0.7761044176706827 0.0 0.7771084337349398 
5 0.15637550200803213 0.7215528781793842 0.15512048192771086 0.7215528781793842 0.15436746987951808 0.7202141900937081 0.15988955823293172 0.7195448460508701 0.1629016064257028 0.7182061579651942 0.16541164658634538 0.7192101740294511 0.15637550200803213 0.7215528781793842 
5 0.5276104417670683 0.7332663989290495 0.5215863453815262 0.7332663989290495 0.5223393574297188 0.7319277108433735 0.5311244979919679 0.7272423025435074 0.5434236947791165 0.7215528781793842 0.5481927710843374 0.7205488621151271 0.5494477911646586 0.7228915662650602 0.5276104417670683 0.7332663989290495 
5 0.0 0.7433065595716198 0.0 0.7412985274431058 0.02535140562248996 0.7379518072289156 0.02610441767068273 0.7389558232931727 0.02535140562248996 0.7396251673360107 0.0 0.7433065595716198 
5 0.027610441767068273 0.7392904953145917 0.02635542168674699 0.7392904953145917 0.027610441767068273 0.7392904953145917 
2 0.13227911646586346 0.6987951807228916 0.13052208835341367 0.6984605087014726 0.12751004016064257 0.6951137884872824 0.12349397590361445 0.6947791164658634 0.12123493975903614 0.6931057563587684 0.11571285140562249 0.6840696117804551 0.11395582329317269 0.6850736278447122 0.11420682730923695 0.6639892904953146 0.1179718875502008 0.6639892904953146 0.11822289156626506 0.6619812583668006 0.1209839357429719 0.6623159303882196 0.12223895582329317 0.6639892904953146 0.12274096385542169 0.6599732262382865 0.12550200803212852 0.6596385542168675 0.12575301204819278 0.6613119143239625 0.1297690763052209 0.6613119143239625 0.13002008032128515 0.6589692101740294 0.13102409638554216 0.6593038821954484 0.13152610441767068 0.6629852744310576 0.1390562248995984 0.6636546184738956 0.13805220883534136 0.6823962516733602 0.13755020080321284 0.6693440428380187 0.13453815261044177 0.6693440428380187 0.13428714859437751 0.6680053547523427 0.1285140562248996 0.6706827309236948 0.12876506024096385 0.6860776439089692 0.13227911646586346 0.6867469879518072 0.13227911646586346 0.6987951807228916 
2 0.024096385542168676 0.7011378848728246 0.01957831325301205 0.7011378848728246 0.018323293172690762 0.6997991967871486 0.01430722891566265 0.6994645247657296 0.013303212851405623 0.7008032128514057 0.010793172690763053 0.6994645247657296 0.00853413654618474 0.7004685408299867 0.0 0.7001338688085676 0.0 0.6606425702811245 0.030873493975903613 0.6623159303882196 0.03815261044176707 0.6623159303882196 0.038403614457831324 0.6603078982597055 0.039909638554216864 0.6609772423025435 0.03187751004016064 0.6726907630522089 0.027610441767068273 0.6830655957161981 0.02459839357429719 0.6860776439089692 0.02384538152610442 0.6897590361445783 0.02459839357429719 0.6941097724230254 0.023092369477911646 0.6981258366800536 0.024096385542168676 0.7011378848728246 
2 0.11244979919678715 0.7021419009370816 0.056977911646586346 0.7014725568942436 0.056977911646586346 0.6991298527443106 0.05923694779116466 0.6957831325301205 0.05923694779116466 0.6907630522088354 0.05773092369477912 0.6910977242302544 0.05747991967871486 0.6880856760374833 0.055471887550200806 0.6837349397590361 0.05572289156626506 0.6807228915662651 0.05396586345381526 0.6760374832663989 0.04718875502008032 0.6633199464524766 0.0783132530120482 0.6633199464524766 0.07856425702811246 0.6616465863453815 0.08082329317269077 0.6619812583668006 0.08107429718875502 0.6639892904953146 0.1127008032128514 0.6639892904953146 0.1127008032128514 0.6854082998661312 0.11019076305220883 0.6830655957161981 0.1086847389558233 0.6847389558232931 0.10642570281124498 0.6847389558232931 0.10391566265060241 0.6887550200803213 0.10893574297188754 0.6917670682730924 0.11244979919678715 0.6957831325301205 0.11244979919678715 0.7021419009370816 
2 0.14633534136546184 0.7018072289156626 0.1465863453815261 0.6686746987951807 0.15286144578313254 0.6636546184738956 0.1553714859437751 0.6639892904953146 0.15336345381526104 0.6994645247657296 0.14733935742971888 0.6987951807228916 0.14633534136546184 0.7018072289156626 
2 0.16139558232931728 0.6720214190093708 0.16139558232931728 0.6703480589022758 0.16139558232931728 0.6720214190093708 
2 0.13529116465863453 0.6977911646586346 0.13453815261044177 0.6977911646586346 0.13428714859437751 0.6864123159303882 0.13755020080321284 0.6854082998661312 0.1367971887550201 0.6967871485943775 0.13529116465863453 0.6977911646586346 
2 0.16139558232931728 0.7014725568942436 0.16014056224899598 0.7011378848728246 0.15988955823293172 0.6974564926372155 0.16039156626506024 0.6864123159303882 0.16139558232931728 0.7014725568942436 
