0 0.6959325396825397 0.7913359788359788 0.6165674603174603 0.7903439153439153 0.6197916666666666 0.7890211640211641 0.6217757936507936 0.7853835978835979 0.6217757936507936 0.781084656084656 0.6302083333333334 0.781084656084656 0.6971726190476191 0.7833994708994709 0.6986607142857143 0.7893518518518519 0.6959325396825397 0.7913359788359788 
0 0.0 0.8723544973544973 0.0 0.8462301587301587 0.07589285714285714 0.8326719576719577 0.10094246031746032 0.8310185185185185 0.13169642857142858 0.832010582010582 0.41021825396825395 0.8323412698412699 0.44543650793650796 0.8287037037037037 0.46726190476190477 0.8287037037037037 0.4928075396825397 0.8250661375661376 0.511656746031746 0.808531746031746 0.5084325396825397 0.8058862433862434 0.5014880952380952 0.8035714285714286 0.4965277777777778 0.8042328042328042 0.48387896825396826 0.8015873015873016 0.4670138888888889 0.8015873015873016 0.4565972222222222 0.7992724867724867 0.4476686507936508 0.7992724867724867 0.43799603174603174 0.7976190476190477 0.4184027777777778 0.7923280423280423 0.4107142857142857 0.7916666666666666 0.4097222222222222 0.7896825396825397 0.4020337301587302 0.7883597883597884 0.3978174603174603 0.7857142857142857 0.49776785714285715 0.7886904761904762 0.5066964285714286 0.7939814814814815 0.5161210317460317 0.7919973544973545 0.5173611111111112 0.7939814814814815 0.5275297619047619 0.7939814814814815 0.5290178571428571 0.7916666666666666 0.5406746031746031 0.7919973544973545 0.5404265873015873 0.7943121693121693 0.4625496031746032 0.7936507936507936 0.5121527777777778 0.8009259259259259 0.5218253968253969 0.8045634920634921 0.5240575396825397 0.8151455026455027 0.5089285714285714 0.8326719576719577 0.49975198412698413 0.8409391534391535 0.46279761904761907 0.8465608465608465 0.3970734126984127 0.8508597883597884 0.11334325396825397 0.8508597883597884 0.11185515873015874 0.8495370370370371 0.10615079365079365 0.8498677248677249 0.0 0.8723544973544973 
0 0.7814980158730159 0.794973544973545 0.7425595238095238 0.7936507936507936 0.7420634920634921 0.7903439153439153 0.7435515873015873 0.7893518518518519 0.7681051587301587 0.7906746031746031 0.7728174603174603 0.7926587301587301 0.7785218253968254 0.7913359788359788 0.7814980158730159 0.794973544973545 
0 0.8025793650793651 0.7956349206349206 0.7946428571428571 0.7956349206349206 0.7971230158730159 0.7933201058201058 0.8003472222222222 0.7933201058201058 0.8025793650793651 0.7956349206349206 
0 0.8283730158730159 0.7966269841269841 0.8199404761904762 0.7962962962962963 0.8211805555555556 0.7943121693121693 0.8286210317460317 0.7943121693121693 0.8283730158730159 0.7966269841269841 
0 0.9928075396825397 0.8161375661375662 0.9350198412698413 0.8134920634920635 0.871031746031746 0.8088624338624338 0.871031746031746 0.7999338624338624 0.8762400793650794 0.7986111111111112 0.8888888888888888 0.798941798941799 0.9995039682539683 0.8091931216931217 0.9928075396825397 0.8161375661375662 
0 0.9997519841269841 0.8568121693121693 0.9799107142857143 0.8442460317460317 0.9801587301587301 0.832010582010582 0.9873511904761905 0.8277116402116402 0.9942956349206349 0.8273809523809523 0.9933035714285714 0.8296957671957672 0.9937996031746031 0.8336640211640212 0.9997519841269841 0.8379629629629629 0.9997519841269841 0.8568121693121693 
1 0.6773313492063492 0.7691798941798942 0.6770833333333334 0.7645502645502645 0.689484126984127 0.765542328042328 0.689484126984127 0.7665343915343915 0.6775793650793651 0.7658730158730159 0.6773313492063492 0.7691798941798942 
1 0.7557043650793651 0.7883597883597884 0.6979166666666666 0.7857142857142857 0.6964285714285714 0.7824074074074074 0.7566964285714286 0.7853835978835979 0.7564484126984127 0.7688492063492064 0.6961805555555556 0.7668650793650794 0.6959325396825397 0.7658730158730159 0.7745535714285714 0.7688492063492064 0.7678571428571429 0.7698412698412699 0.7668650793650794 0.7741402116402116 0.7606646825396826 0.77744708994709 0.7599206349206349 0.779431216931217 0.7599206349206349 0.7876984126984127 0.7557043650793651 0.7883597883597884 
1 0.6902281746031746 0.7833994708994709 0.6862599206349206 0.783068783068783 0.6860119047619048 0.7820767195767195 0.6899801587301587 0.7817460317460317 0.6902281746031746 0.7833994708994709 
