0 0.6963848039215687 0.7054738562091504 0.6948529411764706 0.7054738562091504 0.6948529411764706 0.7001633986928104 0.6957720588235294 0.6993464052287581 0.8639705882352942 0.6752450980392157 0.8627450980392157 0.6785130718954249 0.8609068627450981 0.678921568627451 0.6963848039215687 0.7054738562091504 
0 0.4420955882352941 0.7026143790849673 0.42953431372549017 0.701797385620915 0.42953431372549017 0.6968954248366013 0.43167892156862747 0.6944444444444444 0.4368872549019608 0.6944444444444444 0.4371936274509804 0.690359477124183 0.44546568627450983 0.6899509803921569 0.45067401960784315 0.6911764705882353 0.46721813725490197 0.6883169934640523 0.4678308823529412 0.6928104575163399 0.4724264705882353 0.6928104575163399 0.47487745098039214 0.6948529411764706 0.47518382352941174 0.6968954248366013 0.47518382352941174 0.6981209150326797 0.4678308823529412 0.7001633986928104 0.4420955882352941 0.7026143790849673 
0 0.28737745098039214 0.7165032679738562 0.28400735294117646 0.7165032679738562 0.2858455882352941 0.7083333333333334 0.28982843137254904 0.7079248366013072 0.2935049019607843 0.7058823529411765 0.29534313725490197 0.701797385620915 0.30300245098039214 0.7005718954248366 0.30422794117647056 0.7005718954248366 0.30545343137254904 0.7034313725490197 0.31954656862745096 0.7026143790849673 0.3232230392156863 0.701797385620915 0.3235294117647059 0.7001633986928104 0.33118872549019607 0.7005718954248366 0.3324142156862745 0.7054738562091504 0.3391544117647059 0.704248366013072 0.34160539215686275 0.7075163398692811 0.34191176470588236 0.7103758169934641 0.34191176470588236 0.7124183006535948 0.33578431372549017 0.7128267973856209 0.3321078431372549 0.7144607843137255 0.3131127450980392 0.7144607843137255 0.28737745098039214 0.7165032679738562 
1 0.14675245098039216 0.6748366013071896 0.14583333333333334 0.6748366013071896 0.14644607843137256 0.6580882352941176 0.1479779411764706 0.6531862745098039 0.14583333333333334 0.6482843137254902 0.14613970588235295 0.6425653594771242 0.21599264705882354 0.639297385620915 0.21599264705882354 0.6425653594771242 0.21354166666666666 0.6409313725490197 0.21017156862745098 0.6421568627450981 0.20894607843137256 0.6499183006535948 0.20496323529411764 0.6527777777777778 0.2028186274509804 0.6564542483660131 0.2025122549019608 0.6621732026143791 0.2037377450980392 0.6695261437908496 0.14675245098039216 0.6748366013071896 
1 0.09313725490196079 0.6797385620915033 0.09068627450980392 0.6785130718954249 0.09221813725490197 0.6719771241830066 0.09160539215686274 0.6674836601307189 0.0940563725490196 0.6642156862745098 0.09466911764705882 0.6609477124183006 0.0897671568627451 0.6605392156862745 0.09068627450980392 0.6450163398692811 0.1412377450980392 0.6433823529411765 0.13817401960784315 0.6527777777777778 0.13786764705882354 0.6756535947712419 0.13082107843137256 0.676062091503268 0.13112745098039216 0.6674836601307189 0.12806372549019607 0.6683006535947712 0.12745098039215685 0.6764705882352942 0.11917892156862746 0.6772875816993464 0.12009803921568628 0.6711601307189542 0.11887254901960784 0.6678921568627451 0.11979166666666667 0.6646241830065359 0.11917892156862746 0.6609477124183006 0.10416666666666667 0.6654411764705882 0.0977328431372549 0.6695261437908496 0.09589460784313726 0.6715686274509803 0.09589460784313726 0.678921568627451 0.09313725490196079 0.6797385620915033 
1 0.047487745098039214 0.6838235294117647 0.03707107843137255 0.6838235294117647 0.03676470588235294 0.678921568627451 0.03431372549019608 0.6768790849673203 0.03615196078431373 0.6466503267973857 0.08486519607843138 0.6454248366013072 0.08394607843137254 0.6605392156862745 0.08026960784313726 0.6621732026143791 0.07904411764705882 0.6650326797385621 0.07935049019607843 0.6683006535947712 0.07628676470588236 0.6752450980392157 0.07689950980392157 0.6797385620915033 0.07996323529411764 0.6801470588235294 0.07965686274509803 0.6809640522875817 0.047487745098039214 0.6838235294117647 
1 0.8305759803921569 0.6564542483660131 0.8244485294117647 0.6564542483660131 0.8235294117647058 0.6540032679738562 0.8244485294117647 0.6462418300653595 0.8455882352941176 0.6470588235294118 0.8455882352941176 0.6544117647058824 0.8449754901960784 0.6548202614379085 0.8305759803921569 0.6564542483660131 
1 0.8186274509803921 0.6572712418300654 0.8167892156862745 0.6572712418300654 0.8167892156862745 0.6462418300653595 0.8183210784313726 0.6462418300653595 0.8201593137254902 0.6499183006535948 0.8201593137254902 0.6568627450980392 0.8186274509803921 0.6572712418300654 
1 0.8066789215686274 0.6580882352941176 0.8008578431372549 0.6580882352941176 0.7993259803921569 0.6474673202614379 0.8137254901960784 0.6466503267973857 0.8140318627450981 0.6572712418300654 0.8066789215686274 0.6580882352941176 
1 0.030637254901960783 0.6736111111111112 0.025735294117647058 0.6646241830065359 0.021139705882352942 0.6589052287581699 0.015012254901960785 0.6552287581699346 0.00030637254901960784 0.6527777777777778 0.0 0.6482843137254902 0.031862745098039214 0.6470588235294118 0.030637254901960783 0.6736111111111112 
1 0.7938112745098039 0.6589052287581699 0.789828431372549 0.6589052287581699 0.7892156862745098 0.6474673202614379 0.7935049019607843 0.6474673202614379 0.7938112745098039 0.6589052287581699 
1 0.6924019607843137 0.6638071895424836 0.6878063725490197 0.6638071895424836 0.6792279411764706 0.6605392156862745 0.678921568627451 0.6568627450980392 0.6798406862745098 0.6548202614379085 0.6792279411764706 0.6503267973856209 0.7046568627450981 0.6503267973856209 0.7261029411764706 0.6478758169934641 0.7359068627450981 0.6486928104575164 0.7322303921568627 0.6527777777777778 0.7291666666666666 0.6621732026143791 0.7236519607843137 0.6621732026143791 0.7233455882352942 0.6580882352941176 0.7193627450980392 0.6589052287581699 0.7190563725490197 0.6625816993464052 0.7159926470588235 0.6625816993464052 0.7156862745098039 0.6605392156862745 0.7120098039215687 0.6601307189542484 0.711703431372549 0.6625816993464052 0.7095588235294118 0.6629901960784313 0.7089460784313726 0.6548202614379085 0.7071078431372549 0.6556372549019608 0.7074142156862745 0.6605392156862745 0.7040441176470589 0.6609477124183006 0.7037377450980392 0.6629901960784313 0.6979166666666666 0.6629901960784313 0.6966911764705882 0.6560457516339869 0.6951593137254902 0.6556372549019608 0.696078431372549 0.6633986928104575 0.6924019607843137 0.6638071895424836 
1 0.21629901960784315 0.6613562091503268 0.21507352941176472 0.6523692810457516 0.21629901960784315 0.6482843137254902 0.21629901960784315 0.6613562091503268 
1 0.6709558823529411 0.6629901960784313 0.6697303921568627 0.6617647058823529 0.6712622549019608 0.6589052287581699 0.6703431372549019 0.6503267973856209 0.6727941176470589 0.6499183006535948 0.6734068627450981 0.6617647058823529 0.6709558823529411 0.6629901960784313 
1 0.7821691176470589 0.6593137254901961 0.7818627450980392 0.6535947712418301 0.7830882352941176 0.6499183006535948 0.7830882352941176 0.6589052287581699 0.7821691176470589 0.6593137254901961 
1 0.6770833333333334 0.6605392156862745 0.6758578431372549 0.6605392156862745 0.6761642156862745 0.6589052287581699 0.6770833333333334 0.6605392156862745 
1 0.7077205882352942 0.6629901960784313 0.7077205882352942 0.6613562091503268 0.7077205882352942 0.6629901960784313 
2 0.1482843137254902 0.6891339869281046 0.14736519607843138 0.6891339869281046 0.14736519607843138 0.6825980392156863 0.14552696078431374 0.6781045751633987 0.14552696078431374 0.6752450980392157 0.14705882352941177 0.6744281045751634 0.20404411764705882 0.6691176470588235 0.2037377450980392 0.6744281045751634 0.20618872549019607 0.6772875816993464 0.20802696078431374 0.6821895424836601 0.20772058823529413 0.6830065359477124 0.2025122549019608 0.6825980392156863 0.20067401960784315 0.6838235294117647 0.17524509803921567 0.6862745098039216 0.17524509803921567 0.678921568627451 0.1724877450980392 0.6785130718954249 0.171875 0.6866830065359477 0.1482843137254902 0.6891339869281046 
2 0.1332720588235294 0.6907679738562091 0.12990196078431374 0.6907679738562091 0.13051470588235295 0.6764705882352942 0.13817401960784315 0.6752450980392157 0.13817401960784315 0.6801470588235294 0.13602941176470587 0.6870915032679739 0.13664215686274508 0.690359477124183 0.1332720588235294 0.6907679738562091 
2 0.11580882352941177 0.6928104575163399 0.11366421568627451 0.6928104575163399 0.1170343137254902 0.6919934640522876 0.12009803921568628 0.6834150326797386 0.11917892156862746 0.6776960784313726 0.12745098039215685 0.6764705882352942 0.12683823529411764 0.6907679738562091 0.12622549019607843 0.6915849673202614 0.11580882352941177 0.6928104575163399 
2 0.09466911764705882 0.6801470588235294 0.09191176470588236 0.6801470588235294 0.09497549019607843 0.6793300653594772 0.09466911764705882 0.6801470588235294 
2 0.03860294117647059 0.701797385620915 0.0352328431372549 0.701797385620915 0.03676470588235294 0.6952614379084967 0.03707107843137255 0.6838235294117647 0.07935049019607843 0.6813725490196079 0.07536764705882353 0.6870915032679739 0.07506127450980392 0.6924019607843137 0.07689950980392157 0.6973039215686274 0.03860294117647059 0.701797385620915 
