0 0.9996936274509803 0.7888071895424836 0.7763480392156863 0.7144607843137255 0.6375612745098039 0.6629901960784313 0.5860906862745098 0.6462418300653595 0.5713848039215687 0.6446078431372549 0.5287990196078431 0.6258169934640523 0.5309436274509803 0.6213235294117647 0.555453431372549 0.6311274509803921 0.5756740196078431 0.636437908496732 0.5863970588235294 0.6376633986928104 0.5943627450980392 0.6413398692810458 0.6332720588235294 0.6519607843137255 0.7236519607843137 0.6805555555555556 0.928921568627451 0.7406045751633987 0.9319852941176471 0.7434640522875817 0.9509803921568627 0.7483660130718954 0.9525122549019608 0.7475490196078431 0.9996936274509803 0.761437908496732 0.9996936274509803 0.7888071895424836 
0 0.2702205882352941 0.6515522875816994 0.2699142156862745 0.6462418300653595 0.2653186274509804 0.6376633986928104 0.32536764705882354 0.6266339869281046 0.32598039215686275 0.6384803921568627 0.2702205882352941 0.6515522875816994 
1 0.2665441176470588 0.6376633986928104 0.2650122549019608 0.6376633986928104 0.25735294117647056 0.6274509803921569 0.25245098039215685 0.6245915032679739 0.26256127450980393 0.6196895424836601 0.26256127450980393 0.6094771241830066 0.2549019607843137 0.6058006535947712 0.24356617647058823 0.6058006535947712 0.23897058823529413 0.5947712418300654 0.23039215686274508 0.5821078431372549 0.24601715686274508 0.5821078431372549 0.3400735294117647 0.5906862745098039 0.3318014705882353 0.5984477124183006 0.3293504901960784 0.6033496732026143 0.32628676470588236 0.6111111111111112 0.32536764705882354 0.6262254901960784 0.2665441176470588 0.6376633986928104 
1 0.38817401960784315 0.6008986928104575 0.3851102941176471 0.5988562091503268 0.38296568627450983 0.5927287581699346 0.3918504901960784 0.5935457516339869 0.38817401960784315 0.6008986928104575 
1 0.5560661764705882 0.6156045751633987 0.5542279411764706 0.6151960784313726 0.5551470588235294 0.6025326797385621 0.5560661764705882 0.6029411764705882 0.5560661764705882 0.6156045751633987 
1 0.5600490196078431 0.6160130718954249 0.5597426470588235 0.6029411764705882 0.5615808823529411 0.6025326797385621 0.5600490196078431 0.6160130718954249 
1 0.5652573529411765 0.6172385620915033 0.5628063725490197 0.6168300653594772 0.5646446078431373 0.6025326797385621 0.5655637254901961 0.6029411764705882 0.5652573529411765 0.6172385620915033 
1 0.5713848039215687 0.6180555555555556 0.5689338235294118 0.6176470588235294 0.5692401960784313 0.6025326797385621 0.5719975490196079 0.6029411764705882 0.5713848039215687 0.6180555555555556 
1 0.585171568627451 0.6205065359477124 0.5765931372549019 0.619281045751634 0.5768995098039216 0.6025326797385621 0.5833333333333334 0.6033496732026143 0.5848651960784313 0.610702614379085 0.585171568627451 0.6205065359477124 
1 0.6038602941176471 0.6233660130718954 0.5925245098039216 0.6217320261437909 0.5925245098039216 0.6025326797385621 0.6050857843137255 0.6033496732026143 0.6050857843137255 0.6139705882352942 0.6038602941176471 0.6233660130718954 
1 0.6136642156862745 0.6245915032679739 0.6081495098039216 0.6237745098039216 0.6090686274509803 0.6029411764705882 0.6127450980392157 0.6041666666666666 0.6136642156862745 0.6245915032679739 
1 0.6277573529411765 0.6266339869281046 0.617953431372549 0.6254084967320261 0.6176470588235294 0.6033496732026143 0.6277573529411765 0.6041666666666666 0.6277573529411765 0.6266339869281046 
1 0.6544117647058824 0.630718954248366 0.6519607843137255 0.6303104575163399 0.6519607843137255 0.619281045751634 0.6507352941176471 0.6139705882352942 0.6464460784313726 0.6143790849673203 0.6452205882352942 0.6213235294117647 0.6439950980392157 0.6229575163398693 0.6452205882352942 0.6294934640522876 0.6332720588235294 0.6274509803921569 0.6329656862745098 0.6041666666666666 0.6510416666666666 0.6041666666666666 0.6544117647058824 0.630718954248366 
1 0.7052696078431373 0.6380718954248366 0.664828431372549 0.6323529411764706 0.6636029411764706 0.6045751633986928 0.7046568627450981 0.6041666666666666 0.7052696078431373 0.6380718954248366 
1 0.7993259803921569 0.6535947712418301 0.7582720588235294 0.6458333333333334 0.7254901960784313 0.6413398692810458 0.7248774509803921 0.6372549019607843 0.7261029411764706 0.6229575163398693 0.7285539215686274 0.6213235294117647 0.7267156862745098 0.6049836601307189 0.789828431372549 0.6053921568627451 0.7938112745098039 0.6094771241830066 0.7971813725490197 0.6094771241830066 0.7993259803921569 0.6535947712418301 
1 0.9996936274509803 0.7148692810457516 0.8434436274509803 0.681781045751634 0.8425245098039216 0.6813725490196079 0.8416053921568627 0.6683006535947712 0.8403799019607843 0.6678921568627451 0.8400735294117647 0.6609477124183006 0.8060661764705882 0.6548202614379085 0.8045343137254902 0.6058006535947712 0.84375 0.6058006535947712 0.8452818627450981 0.6111111111111112 0.8541666666666666 0.6160130718954249 0.961703431372549 0.6209150326797386 0.9993872549019608 0.6241830065359477 0.9996936274509803 0.7148692810457516 
