0 0.9838541666666667 0.8240740740740741 0.671875 0.7787037037037037 0.540625 0.7574074074074074 0.6375 0.7657407407407407 0.9994791666666667 0.8083333333333333 0.9994791666666667 0.8231481481481482 0.9838541666666667 0.8240740740740741 
0 0.28489583333333335 0.9990740740740741 0.24114583333333334 0.9990740740740741 0.41354166666666664 0.8388888888888889 0.4119791666666667 0.8314814814814815 0.42916666666666664 0.8240740740740741 0.49375 0.7601851851851852 0.49375 0.7638888888888888 0.48854166666666665 0.7712962962962963 0.45416666666666666 0.812037037037037 0.43125 0.8351851851851851 0.4171875 0.8416666666666667 0.4166666666666667 0.8481481481481481 0.28489583333333335 0.9990740740740741 
0 0.4276041666666667 0.7648148148148148 0.425 0.7648148148148148 0.4244791666666667 0.762962962962963 0.4322916666666667 0.762962962962963 0.4276041666666667 0.7648148148148148 
0 0.3932291666666667 0.7685185185185185 0.3880208333333333 0.7675925925925926 0.4078125 0.7648148148148148 0.4078125 0.7666666666666667 0.3932291666666667 0.7685185185185185 
0 0.36666666666666664 0.7703703703703704 0.35520833333333335 0.7694444444444445 0.3671875 0.7675925925925926 0.36666666666666664 0.7703703703703704 
0 0.0 0.812037037037037 0.0 0.8 0.25833333333333336 0.7787037037037037 0.2864583333333333 0.7722222222222223 0.3333333333333333 0.7712962962962963 0.3302083333333333 0.7731481481481481 0.13385416666666666 0.7953703703703704 0.06302083333333333 0.8074074074074075 0.0 0.812037037037037 
1 0.021354166666666667 0.7925925925925926 0.0 0.7925925925925926 0.0 0.7240740740740741 0.20052083333333334 0.737037037037037 0.19895833333333332 0.75 0.20625 0.7518518518518519 0.20572916666666666 0.7796296296296297 0.021354166666666667 0.7925925925925926 
1 0.215625 0.7787037037037037 0.20833333333333334 0.7787037037037037 0.20885416666666667 0.7518518518518519 0.21510416666666668 0.7509259259259259 0.215625 0.7379629629629629 0.2453125 0.7416666666666667 0.240625 0.7592592592592593 0.24166666666666667 0.775 0.215625 0.7787037037037037 
1 0.253125 0.774074074074074 0.25 0.774074074074074 0.2515625 0.7481481481481481 0.24895833333333334 0.7444444444444445 0.24947916666666667 0.7407407407407407 0.334375 0.7444444444444445 0.3333333333333333 0.7685185185185185 0.253125 0.774074074074074 
1 0.36041666666666666 0.7675925925925926 0.35520833333333335 0.7675925925925926 0.35625 0.7453703703703703 0.4192708333333333 0.75 0.4119791666666667 0.7509259259259259 0.4078125 0.7638888888888888 0.3885416666666667 0.7666666666666667 0.3885416666666667 0.7555555555555555 0.38645833333333335 0.7490740740740741 0.37395833333333334 0.7481481481481481 0.36822916666666666 0.7564814814814815 0.3671875 0.7666666666666667 0.36041666666666666 0.7675925925925926 
1 0.42291666666666666 0.7555555555555555 0.42291666666666666 0.75 0.42291666666666666 0.7555555555555555 
1 0.4322916666666667 0.7620370370370371 0.425 0.7620370370370371 0.425 0.7509259259259259 0.4322916666666667 0.75 0.4322916666666667 0.7620370370370371 
4 0.23385416666666667 0.9990740740740741 0.15989583333333332 0.9990740740740741 0.25 0.9055555555555556 0.3223958333333333 0.8361111111111111 0.39166666666666666 0.7851851851851852 0.4203125 0.7759259259259259 0.4265625 0.7694444444444445 0.42864583333333334 0.7712962962962963 0.4296875 0.775 0.4276041666666667 0.7824074074074074 0.4296875 0.7898148148148149 0.4197916666666667 0.799074074074074 0.4192708333333333 0.8287037037037037 0.41354166666666664 0.8305555555555556 0.41354166666666664 0.8009259259259259 0.3875 0.8203703703703704 0.38697916666666665 0.8537037037037037 0.37864583333333335 0.8518518518518519 0.3770833333333333 0.8333333333333334 0.375 0.8342592592592593 0.3359375 0.8722222222222222 0.296875 0.9185185185185185 0.26875 0.9638888888888889 0.23385416666666667 0.9990740740740741 
