0 0.5807291666666666 0.7240740740740741 0.5729166666666666 0.7152777777777778 0.5734375 0.7143518518518519 0.5807291666666666 0.7240740740740741 
0 0.659375 0.7412037037037037 0.6447916666666667 0.7412037037037037 0.6330729166666667 0.7393518518518518 0.6330729166666667 0.736574074074074 0.61171875 0.737037037037037 0.6028645833333334 0.7328703703703704 0.5950520833333334 0.7328703703703704 0.5947916666666667 0.7314814814814815 0.6033854166666667 0.7319444444444444 0.6122395833333333 0.7351851851851852 0.634375 0.7351851851851852 0.6447916666666667 0.7379629629629629 0.659375 0.7384259259259259 0.659375 0.7412037037037037 
0 0.44817708333333334 0.7458333333333333 0.4440104166666667 0.7458333333333333 0.44375 0.7449074074074075 0.5096354166666667 0.736574074074074 0.5091145833333334 0.7375 0.49375 0.7402777777777778 0.44817708333333334 0.7458333333333333 
0 0.6971354166666667 0.7416666666666667 0.696875 0.7388888888888889 0.6971354166666667 0.7416666666666667 
0 0.79140625 0.7430555555555556 0.7213541666666666 0.7421296296296296 0.7075520833333333 0.7416666666666667 0.7072916666666667 0.7407407407407407 0.7078125 0.7388888888888889 0.78984375 0.7388888888888889 0.7911458333333333 0.7398148148148148 0.79140625 0.7430555555555556 
0 0.8611979166666667 0.7439814814814815 0.7971354166666667 0.7430555555555556 0.7966145833333333 0.7398148148148148 0.85546875 0.7402777777777778 0.8609375 0.7407407407407407 0.8611979166666667 0.7439814814814815 
0 0.9997395833333333 0.9277777777777778 0.8653645833333333 0.8597222222222223 0.746875 0.8018518518518518 0.7442708333333333 0.8004629629629629 0.74375 0.7981481481481482 0.7346354166666667 0.7935185185185185 0.7317708333333334 0.7944444444444444 0.7127604166666667 0.7851851851851852 0.7109375 0.7842592592592592 0.7096354166666666 0.7819444444444444 0.71015625 0.7805555555555556 0.7166666666666667 0.7787037037037037 0.7484375 0.787962962962963 0.7940104166666667 0.8064814814814815 0.9997395833333333 0.8967592592592593 0.9997395833333333 0.9277777777777778 
5 0.6966145833333334 0.7421296296296296 0.6596354166666667 0.7416666666666667 0.659375 0.7388888888888889 0.6966145833333334 0.7384259259259259 0.6966145833333334 0.7421296296296296 
2 0.6526041666666667 0.7319444444444444 0.65234375 0.7171296296296297 0.653125 0.7166666666666667 0.6533854166666667 0.7314814814814815 0.6526041666666667 0.7319444444444444 
2 0.6575520833333334 0.7314814814814815 0.6567708333333333 0.7314814814814815 0.6567708333333333 0.7171296296296297 0.6604166666666667 0.7166666666666667 0.66015625 0.7245370370370371 0.66171875 0.7310185185185185 0.6575520833333334 0.7314814814814815 
2 0.6671875 0.7305555555555555 0.6658854166666667 0.7305555555555555 0.6653645833333334 0.7291666666666666 0.66484375 0.7171296296296297 0.6700520833333333 0.7166666666666667 0.6692708333333334 0.7226851851851852 0.6697916666666667 0.7268518518518519 0.6729166666666667 0.7296296296296296 0.6671875 0.7305555555555555 
4 0.5109375 0.7407407407407407 0.509375 0.7402777777777778 0.509375 0.7388888888888889 0.5104166666666666 0.7384259259259259 0.509375 0.7361111111111112 0.5098958333333333 0.7291666666666666 0.5268229166666667 0.7296296296296296 0.5265625 0.7384259259259259 0.5109375 0.7407407407407407 
4 0.5109375 0.7375 0.5145833333333333 0.737037037037037 0.5143229166666666 0.7305555555555555 0.51171875 0.7305555555555555 0.5106770833333333 0.7324074074074074 0.5109375 0.7375 
4 0.4283854166666667 0.762962962962963 0.42682291666666666 0.7439814814814815 0.4270833333333333 0.7337962962962963 0.4356770833333333 0.7324074074074074 0.4427083333333333 0.7333333333333333 0.44375 0.7467592592592592 0.4427083333333333 0.7490740740740741 0.44088541666666664 0.75 0.44088541666666664 0.7578703703703704 0.4283854166666667 0.762962962962963 
3 0.5291666666666667 0.7384259259259259 0.5265625 0.7384259259259259 0.5270833333333333 0.7287037037037037 0.5567708333333333 0.7287037037037037 0.5578125 0.7310185185185185 0.5565104166666667 0.7337962962962963 0.5479166666666667 0.7337962962962963 0.54609375 0.7361111111111112 0.5291666666666667 0.7384259259259259 
3 0.0 0.9060185185185186 0.0 0.799074074074074 0.032552083333333336 0.7967592592592593 0.03802083333333333 0.8009259259259259 0.04088541666666667 0.799074074074074 0.04088541666666667 0.7944444444444444 0.0421875 0.7930555555555555 0.046614583333333334 0.7939814814814815 0.06666666666666667 0.7907407407407407 0.06770833333333333 0.7916666666666666 0.06822916666666666 0.7939814814814815 0.07083333333333333 0.7939814814814815 0.07161458333333333 0.7916666666666666 0.07786458333333333 0.7902777777777777 0.08046875 0.7921296296296296 0.08151041666666667 0.7902777777777777 0.09375 0.7875 0.1015625 0.7912037037037037 0.1015625 0.7893518518518519 0.10026041666666667 0.788425925925926 0.10052083333333334 0.7861111111111111 0.10234375 0.7865740740740741 0.10416666666666667 0.7833333333333333 0.10598958333333333 0.7856481481481481 0.11067708333333333 0.7856481481481481 0.14192708333333334 0.7828703703703703 0.14296875 0.7810185185185186 0.14192708333333334 0.7773148148148148 0.23776041666666667 0.763425925925926 0.24010416666666667 0.7671296296296296 0.240625 0.7657407407407407 0.24453125 0.7648148148148148 0.24635416666666668 0.7611111111111111 0.3223958333333333 0.75 0.33098958333333334 0.75 0.33203125 0.7532407407407408 0.33255208333333336 0.7486111111111111 0.33515625 0.7481481481481481 0.3359375 0.750462962962963 0.3372395833333333 0.7486111111111111 0.34088541666666666 0.7481481481481481 0.34401041666666665 0.7574074074074074 0.34322916666666664 0.7476851851851852 0.3567708333333333 0.7467592592592592 0.3578125 0.75 0.35885416666666664 0.7467592592592592 0.36015625 0.7472222222222222 0.3606770833333333 0.7444444444444445 0.36822916666666666 0.7444444444444445 0.371875 0.7472222222222222 0.3723958333333333 0.7467592592592592 0.37213541666666666 0.7435185185185185 0.4197916666666667 0.736574074074074 0.42526041666666664 0.7347222222222223 0.4270833333333333 0.7356481481481482 0.42682291666666666 0.7439814814814815 0.428125 0.763425925925926 0.17942708333333332 0.8435185185185186 0.0 0.9060185185185186 
3 0.52578125 0.7388888888888889 0.5247395833333334 0.7388888888888889 0.52578125 0.7388888888888889 
3 0.43072916666666666 0.7625 0.42942708333333335 0.7625 0.43072916666666666 0.7625 
3 0.42942708333333335 0.762962962962963 0.4283854166666667 0.762962962962963 0.42942708333333335 0.762962962962963 
