0 0.34160539215686275 0.5187908496732027 0.33455882352941174 0.5187908496732027 0.34987745098039214 0.5122549019607843 0.49295343137254904 0.5073529411764706 0.6403186274509803 0.49836601307189543 0.7328431372549019 0.49468954248366015 0.8247549019607843 0.4848856209150327 0.9996936274509803 0.4795751633986928 0.9996936274509803 0.48570261437908496 0.8250612745098039 0.49060457516339867 0.7671568627450981 0.49468954248366015 0.6838235294117647 0.5036764705882353 0.6351102941176471 0.5065359477124183 0.5594362745098039 0.5089869281045751 0.5076593137254902 0.5122549019607843 0.4065563725490196 0.5151143790849673 0.34160539215686275 0.5187908496732027 
0 0.0 0.5428921568627451 0.00030637254901960784 0.5343137254901961 0.03676470588235294 0.5330882352941176 0.03707107843137255 0.5228758169934641 0.09129901960784313 0.5208333333333334 0.09129901960784313 0.5298202614379085 0.09803921568627451 0.5306372549019608 0.09834558823529412 0.5204248366013072 0.10631127450980392 0.5204248366013072 0.10692401960784313 0.5285947712418301 0.1090686274509804 0.5302287581699346 0.1090686274509804 0.5200163398692811 0.18535539215686275 0.5171568627450981 0.25214460784313725 0.516748366013072 0.2619485294117647 0.5224673202614379 0.18382352941176472 0.5269607843137255 0.13143382352941177 0.5273692810457516 0.13020833333333334 0.5363562091503268 0.0 0.5428921568627451 
0 0.30943627450980393 0.5784313725490197 0.21691176470588236 0.5633169934640523 0.22028186274509803 0.5608660130718954 0.23713235294117646 0.5588235294117647 0.30667892156862747 0.5620915032679739 0.3072916666666667 0.5608660130718954 0.3642769607843137 0.5526960784313726 0.38419117647058826 0.5473856209150327 0.38786764705882354 0.5449346405228758 0.38756127450980393 0.5433006535947712 0.3802083333333333 0.5408496732026143 0.4028799019607843 0.5408496732026143 0.40808823529411764 0.5433006535947712 0.4096200980392157 0.545751633986928 0.4099264705882353 0.5514705882352942 0.40870098039215685 0.553921568627451 0.40349264705882354 0.5580065359477124 0.3939950980392157 0.5625 0.30943627450980393 0.5784313725490197 
0 0.0 0.6519607843137255 0.0 0.6343954248366013 0.07965686274509803 0.6196895424836601 0.0 0.6090686274509803 0.0 0.6078431372549019 0.01685049019607843 0.6029411764705882 0.08486519607843138 0.6102941176470589 0.13204656862745098 0.6196895424836601 0.0 0.6519607843137255 
0 0.9996936274509803 0.639297385620915 0.9883578431372549 0.6372549019607843 0.9996936274509803 0.6115196078431373 0.9996936274509803 0.639297385620915 
0 0.9255514705882353 0.9995915032679739 0.8682598039215687 0.9995915032679739 0.8676470588235294 0.9983660130718954 0.8550857843137255 0.9052287581699346 0.850796568627451 0.8447712418300654 0.850796568627451 0.8059640522875817 0.8538602941176471 0.7736928104575164 0.8584558823529411 0.7581699346405228 0.8682598039215687 0.7344771241830066 0.8792892156862745 0.7116013071895425 0.9004289215686274 0.7156862745098039 0.8958333333333334 0.7312091503267973 0.8887867647058824 0.7634803921568627 0.8943014705882353 0.8668300653594772 0.9194240196078431 0.983251633986928 0.9255514705882353 0.9995915032679739 
1 0.0 0.5347222222222222 0.0 0.48161764705882354 0.03216911764705882 0.4812091503267974 0.031862745098039214 0.5330882352941176 0.0 0.5347222222222222 
5 0.3072916666666667 0.5204248366013072 0.30484068627450983 0.5204248366013072 0.30422794117647056 0.5187908496732027 0.33670343137254904 0.5179738562091504 0.3330269607843137 0.5191993464052288 0.3072916666666667 0.5204248366013072 
5 0.2647058823529412 0.5224673202614379 0.2622549019607843 0.5224673202614379 0.25735294117647056 0.5200163398692811 0.29044117647058826 0.5191993464052288 0.29044117647058826 0.5212418300653595 0.2647058823529412 0.5224673202614379 
5 0.1326593137254902 0.619281045751634 0.11151960784313726 0.6151960784313726 0.11458333333333333 0.6131535947712419 0.2913602941176471 0.5759803921568627 0.3118872549019608 0.5780228758169934 0.3125 0.5796568627450981 0.1326593137254902 0.619281045751634 
5 0.9007352941176471 0.7156862745098039 0.8890931372549019 0.7136437908496732 0.897671568627451 0.701797385620915 0.9344362745098039 0.670751633986928 0.9889705882352942 0.6352124183006536 0.9886642156862745 0.6372549019607843 0.9972426470588235 0.6388888888888888 0.9865196078431373 0.6486928104575164 0.9466911764705882 0.6776960784313726 0.9007352941176471 0.7156862745098039 
2 0.8011642156862745 0.48080065359477125 0.7910539215686274 0.4803921568627451 0.7889093137254902 0.47344771241830064 0.7907475490196079 0.46895424836601307 0.7990196078431373 0.46691176470588236 0.9770220588235294 0.45588235294117646 0.9822303921568627 0.4591503267973856 0.9819240196078431 0.4730392156862745 0.8011642156862745 0.48080065359477125 
2 0.3088235294117647 0.5004084967320261 0.30392156862745096 0.5004084967320261 0.30330882352941174 0.4852941176470588 0.30422794117647056 0.48447712418300654 0.43504901960784315 0.48161764705882354 0.44638480392156865 0.4803921568627451 0.4564950980392157 0.47630718954248363 0.4574142156862745 0.47998366013071897 0.45618872549019607 0.49387254901960786 0.43566176470588236 0.49754901960784315 0.3088235294117647 0.5004084967320261 
2 0.14154411764705882 0.505718954248366 0.1332720588235294 0.5053104575163399 0.1329656862745098 0.49019607843137253 0.27910539215686275 0.4852941176470588 0.29013480392156865 0.4852941176470588 0.29044117647058826 0.4881535947712418 0.29044117647058826 0.5008169934640523 0.14154411764705882 0.505718954248366 
2 0.1053921568627451 0.5069444444444444 0.09803921568627451 0.5069444444444444 0.09803921568627451 0.4934640522875817 0.09895833333333333 0.49060457516339867 0.10447303921568628 0.4910130718954248 0.1053921568627451 0.5069444444444444 
2 0.10784313725490197 0.5069444444444444 0.10661764705882353 0.49060457516339867 0.12071078431372549 0.4910130718954248 0.12071078431372549 0.5061274509803921 0.10784313725490197 0.5069444444444444 
