0 0.12574404761904762 0.6091269841269841 0.14484126984126985 0.5773809523809523 0.1440972222222222 0.5859788359788359 0.14508928571428573 0.5985449735449735 0.140625 0.6071428571428571 0.13864087301587302 0.6081349206349206 0.12574404761904762 0.6091269841269841 
0 0.8139880952380952 0.6630291005291006 0.6669146825396826 0.6597222222222222 0.6517857142857143 0.656415343915344 0.597718253968254 0.6329365079365079 0.6041666666666666 0.6309523809523809 0.6192956349206349 0.6309523809523809 0.628968253968254 0.6329365079365079 0.6597222222222222 0.6448412698412699 0.6927083333333334 0.6494708994708994 0.7725694444444444 0.6511243386243386 0.8139880952380952 0.6593915343915344 0.8139880952380952 0.6630291005291006 
1 0.4367559523809524 0.5499338624338624 0.40302579365079366 0.541005291005291 0.4027777777777778 0.5224867724867724 0.4134424603174603 0.5257936507936508 0.45188492063492064 0.5327380952380952 0.453125 0.5370370370370371 0.4538690476190476 0.5456349206349206 0.4446924603174603 0.5456349206349206 0.4367559523809524 0.5499338624338624 
1 0.46403769841269843 0.5459656084656085 0.4583333333333333 0.5456349206349206 0.4585813492063492 0.5343915343915344 0.4595734126984127 0.5360449735449735 0.4595734126984127 0.5426587301587301 0.46081349206349204 0.5439814814814815 0.4635416666666667 0.5413359788359788 0.46403769841269843 0.5459656084656085 
1 0.47470238095238093 0.5472883597883598 0.46875 0.5462962962962963 0.46924603174603174 0.5426587301587301 0.4694940476190476 0.5453042328042328 0.47098214285714285 0.5456349206349206 0.4732142857142857 0.5396825396825397 0.47346230158730157 0.5353835978835979 0.47470238095238093 0.5357142857142857 0.47470238095238093 0.5472883597883598 
1 0.6969246031746031 0.6243386243386243 0.6180555555555556 0.6011904761904762 0.5850694444444444 0.5889550264550265 0.5510912698412699 0.5806878306878307 0.5389384920634921 0.5793650793650794 0.5386904761904762 0.5476190476190477 0.5426587301587301 0.5472883597883598 0.5860615079365079 0.5565476190476191 0.6068948412698413 0.5625 0.6329365079365079 0.5658068783068783 0.6696428571428571 0.576058201058201 0.7008928571428571 0.5830026455026455 0.6969246031746031 0.6243386243386243 
1 0.7700892857142857 0.646494708994709 0.7648809523809523 0.646494708994709 0.7016369047619048 0.6256613756613757 0.7043650793650794 0.5843253968253969 0.7502480158730159 0.5962301587301587 0.7686011904761905 0.59755291005291 0.7700892857142857 0.646494708994709 
1 0.5927579365079365 0.705026455026455 0.5875496031746031 0.7017195767195767 0.5875496031746031 0.6779100529100529 0.5753968253968254 0.6732804232804233 0.5751488095238095 0.6934523809523809 0.5699404761904762 0.691468253968254 0.5687003968253969 0.6329365079365079 0.5726686507936508 0.6276455026455027 0.5915178571428571 0.6415343915343915 0.5927579365079365 0.705026455026455 
1 0.6393849206349206 0.7367724867724867 0.6339285714285714 0.7367724867724867 0.6329365079365079 0.7113095238095238 0.6321924603174603 0.7076719576719577 0.6158234126984127 0.6984126984126984 0.6140873015873016 0.7235449735449735 0.6101190476190477 0.7202380952380952 0.6128472222222222 0.6511243386243386 0.6381448412698413 0.6646825396825397 0.6393849206349206 0.673941798941799 0.6393849206349206 0.7367724867724867 
1 0.7008928571428571 0.7820767195767195 0.6917162698412699 0.7787698412698413 0.6917162698412699 0.7450396825396826 0.6696428571428571 0.7318121693121693 0.6693948412698413 0.7602513227513228 0.6629464285714286 0.7552910052910053 0.6619543650793651 0.6779100529100529 0.6996527777777778 0.6984126984126984 0.7008928571428571 0.7820767195767195 
1 0.7862103174603174 0.8422619047619048 0.7785218253968254 0.8389550264550265 0.7760416666666666 0.8002645502645502 0.7425595238095238 0.7787698412698413 0.7423115079365079 0.8121693121693122 0.7346230158730159 0.8055555555555556 0.7333829365079365 0.7298280423280423 0.7373511904761905 0.7162698412698413 0.7849702380952381 0.7400793650793651 0.7889384920634921 0.7533068783068783 0.7862103174603174 0.8422619047619048 
1 0.9169146825396826 0.9345238095238095 0.904265873015873 0.9279100529100529 0.9015376984126984 0.8806216931216931 0.8482142857142857 0.845568783068783 0.8467261904761905 0.8875661375661376 0.8350694444444444 0.8826058201058201 0.8350694444444444 0.7820767195767195 0.8390376984126984 0.7718253968253969 0.8487103174603174 0.7721560846560847 0.9057539682539683 0.8019179894179894 0.9131944444444444 0.8138227513227513 0.9156746031746031 0.8538359788359788 0.9169146825396826 0.9345238095238095 
1 0.9997519841269841 0.9957010582010583 0.9942956349206349 0.9927248677248677 0.9930555555555556 0.8763227513227513 0.9930555555555556 0.8660714285714286 0.9997519841269841 0.8650793650793651 0.9997519841269841 0.9957010582010583 
2 0.12946428571428573 0.5383597883597884 0.12921626984126985 0.515542328042328 0.1314484126984127 0.5142195767195767 0.13095238095238096 0.5370370370370371 0.12946428571428573 0.5383597883597884 
2 0.10615079365079365 0.5572089947089947 0.10540674603174603 0.5436507936507936 0.1029265873015873 0.52744708994709 0.12624007936507936 0.5165343915343915 0.1259920634920635 0.541005291005291 0.10615079365079365 0.5572089947089947 
2 0.0642361111111111 0.5882936507936508 0.06398809523809523 0.5436507936507936 0.06696428571428571 0.5423280423280423 0.0642361111111111 0.5882936507936508 
2 0.0 0.6312830687830688 0.0 0.5710978835978836 0.047371031746031744 0.5505952380952381 0.047619047619047616 0.5995370370370371 0.0 0.6312830687830688 
3 0.9997519841269841 0.9996693121693122 0.9375 0.9993386243386243 0.5719246031746031 0.7156084656084656 0.5220734126984127 0.6729497354497355 0.5235615079365079 0.6646825396825397 0.5300099206349206 0.6626984126984127 0.5451388888888888 0.6610449735449735 0.5525793650793651 0.6626984126984127 0.5696924603174603 0.6752645502645502 0.5701884920634921 0.691468253968254 0.5751488095238095 0.6934523809523809 0.5756448412698413 0.6789021164021164 0.5875496031746031 0.6875 0.5877976190476191 0.7017195767195767 0.5927579365079365 0.705026455026455 0.5927579365079365 0.6908068783068783 0.6103670634920635 0.703042328042328 0.6101190476190477 0.7202380952380952 0.6140873015873016 0.7235449735449735 0.6153273809523809 0.7063492063492064 0.6331845238095238 0.718584656084656 0.6341765873015873 0.7367724867724867 0.6393849206349206 0.7367724867724867 0.6396329365079365 0.72255291005291 0.6624503968253969 0.7377645502645502 0.6629464285714286 0.7552910052910053 0.6688988095238095 0.7599206349206349 0.6693948412698413 0.7602513227513228 0.6696428571428571 0.7427248677248677 0.6917162698412699 0.7572751322751323 0.6919642857142857 0.7787698412698413 0.7008928571428571 0.7820767195767195 0.701140873015873 0.763558201058201 0.734375 0.7857142857142857 0.7346230158730159 0.8055555555555556 0.7423115079365079 0.8121693121693122 0.7428075396825397 0.7913359788359788 0.7770337301587301 0.8141534391534392 0.7787698412698413 0.8389550264550265 0.7862103174603174 0.8422619047619048 0.7867063492063492 0.8224206349206349 0.7874503968253969 0.8210978835978836 0.8350694444444444 0.8528439153439153 0.8353174603174603 0.8826058201058201 0.8467261904761905 0.8875661375661376 0.8479662698412699 0.861441798941799 0.902281746031746 0.8974867724867724 0.9045138888888888 0.9279100529100529 0.9169146825396826 0.9345238095238095 0.9166666666666666 0.9070767195767195 0.9942956349206349 0.958994708994709 0.9942956349206349 0.9927248677248677 0.9997519841269841 0.996031746031746 0.9997519841269841 0.9996693121693122 
