0 0.2873995983935743 0.5589022757697456 0.28589357429718876 0.5589022757697456 0.28539156626506024 0.5565595716198126 0.28413654618473894 0.5562248995983936 0.28940763052208834 0.5555555555555556 0.2891566265060241 0.5582329317269076 0.2873995983935743 0.5589022757697456 
0 0.2914156626506024 0.5585676037483266 0.29066265060240964 0.5555555555555556 0.2916666666666667 0.5558902275769746 0.2914156626506024 0.5585676037483266 
0 0.28313253012048195 0.5592369477911646 0.28187751004016065 0.5592369477911646 0.2821285140562249 0.5558902275769746 0.2838855421686747 0.5562248995983936 0.2828815261044177 0.5568942436412316 0.28313253012048195 0.5592369477911646 
0 0.27183734939759036 0.5602409638554217 0.2720883534136546 0.5582329317269076 0.27133534136546184 0.5568942436412316 0.27309236947791166 0.5565595716198126 0.27309236947791166 0.5599062918340026 0.27183734939759036 0.5602409638554217 
0 0.23268072289156627 0.5635876840696118 0.22966867469879518 0.5635876840696118 0.22791164658634538 0.5602409638554217 0.26957831325301207 0.5572289156626506 0.26957831325301207 0.5602409638554217 0.26782128514056225 0.5605756358768407 0.2653112449799197 0.5605756358768407 0.26506024096385544 0.5589022757697456 0.2635542168674699 0.5575635876840697 0.2622991967871486 0.5589022757697456 0.2622991967871486 0.5609103078982597 0.25727911646586343 0.5612449799196787 0.25627510040160645 0.5585676037483266 0.2545180722891566 0.5585676037483266 0.25301204819277107 0.5605756358768407 0.2532630522088353 0.5615796519410977 0.24799196787148595 0.5622489959839357 0.24748995983935743 0.5599062918340026 0.24573293172690763 0.5589022757697456 0.24447791164658633 0.5599062918340026 0.2447289156626506 0.5622489959839357 0.2442269076305221 0.5625836680053548 0.2382028112449799 0.5629183400267738 0.2354417670682731 0.5619143239625167 0.23468875502008033 0.5632530120481928 0.23268072289156627 0.5635876840696118 
0 0.8556726907630522 0.6442436412315931 0.7969377510040161 0.643239625167336 0.7299196787148594 0.6268406961178046 0.6563755020080321 0.6057563587684069 0.5730421686746988 0.5836680053547524 0.5737951807228916 0.5803212851405622 0.5758032128514057 0.5806559571619813 0.6528614457831325 0.6010709504685409 0.7223895582329317 0.6171352074966533 0.7625502008032129 0.6248326639892905 0.8471385542168675 0.6348728246318608 0.8619477911646586 0.6385542168674698 0.8687248995983936 0.641566265060241 0.8556726907630522 0.6442436412315931 
0 0.2540160642570281 0.607429718875502 0.25301204819277107 0.607429718875502 0.2522590361445783 0.6057563587684069 0.2896586345381526 0.5933734939759037 0.2896586345381526 0.5960508701472557 0.2891566265060241 0.5963855421686747 0.2540160642570281 0.607429718875502 
5 0.8689759036144579 0.641566265060241 0.8614457831325302 0.6385542168674698 0.9997489959839357 0.6248326639892905 0.9997489959839357 0.6305220883534136 0.8689759036144579 0.641566265060241 
2 0.6616465863453815 0.5819946452476573 0.6558734939759037 0.5813253012048193 0.6558734939759037 0.5686077643908969 0.6541164658634538 0.5669344042838019 0.6528614457831325 0.5686077643908969 0.6526104417670683 0.5806559571619813 0.6475903614457831 0.5799866131191432 0.6473393574297188 0.5696117804551539 0.6458333333333334 0.5662650602409639 0.6438253012048193 0.5696117804551539 0.6438253012048193 0.5796519410977242 0.6400602409638554 0.5789825970548862 0.6398092369477911 0.5686077643908969 0.6380522088353414 0.5649263721552878 0.6362951807228916 0.5686077643908969 0.6360441767068273 0.5783132530120482 0.6322791164658634 0.5779785809906292 0.6317771084337349 0.5682730923694779 0.6305220883534136 0.5645917001338688 0.6290160642570282 0.5682730923694779 0.6290160642570282 0.5773092369477911 0.6267570281124498 0.5773092369477911 0.6277610441767069 0.5197456492637216 0.6581325301204819 0.5167336010709505 0.679718875502008 0.5190763052208835 0.6789658634538153 0.5572289156626506 0.677710843373494 0.5448460508701473 0.6734437751004017 0.5394912985274432 0.6736947791164659 0.535475234270415 0.6724397590361446 0.5317938420348058 0.6684236947791165 0.5324631860776439 0.6656626506024096 0.5435073627844712 0.661144578313253 0.5468540829986613 0.6603915662650602 0.5518741633199464 0.6639056224899599 0.5572289156626506 0.6641566265060241 0.5672690763052208 0.6641566265060241 0.5699464524765729 0.6629016064257028 0.5672690763052208 0.6618975903614458 0.57095046854083 0.6616465863453815 0.5819946452476573 
2 0.8044678714859438 0.6054216867469879 0.7823795180722891 0.6020749665327979 0.7813755020080321 0.5826639892904953 0.7783634538152611 0.5769745649263721 0.7766064257028112 0.5813253012048193 0.7768574297188755 0.6014056224899599 0.7617971887550201 0.5990629183400268 0.7615461847389559 0.5823293172690763 0.758785140562249 0.5773092369477911 0.7562751004016064 0.5826639892904953 0.7562751004016064 0.5980589022757697 0.7434738955823293 0.5957161981258366 0.7434738955823293 0.5819946452476573 0.740210843373494 0.5749665327978581 0.7379518072289156 0.5813253012048193 0.7379518072289156 0.5947121820615796 0.7261546184738956 0.5927041499330656 0.7259036144578314 0.5806559571619813 0.7233935742971888 0.5749665327978581 0.7221385542168675 0.5803212851405622 0.7221385542168675 0.5920348058902276 0.7118473895582329 0.5903614457831325 0.7110943775100401 0.5763052208835341 0.7090863453815262 0.571954484605087 0.7070783132530121 0.5763052208835341 0.7073293172690763 0.5896921017402945 0.6985441767068273 0.5880187416331994 0.6982931726907631 0.5742971887550201 0.6960341365461847 0.571285140562249 0.6940261044176707 0.5746318607764391 0.6940261044176707 0.5873493975903614 0.6867469879518072 0.5860107095046854 0.6867469879518072 0.5749665327978581 0.6842369477911646 0.570615796519411 0.6824799196787149 0.5742971887550201 0.6824799196787149 0.5853413654618473 0.6812248995983936 0.5853413654618473 0.6822289156626506 0.5194109772423026 0.7178714859437751 0.5217536813922357 0.804718875502008 0.5324631860776439 0.8044678714859438 0.6054216867469879 
2 0.6222389558232931 0.5763052208835341 0.6174698795180723 0.5759705488621151 0.6174698795180723 0.57095046854083 0.6187248995983936 0.5652610441767069 0.6189759036144579 0.5478580990629184 0.617218875502008 0.5411646586345381 0.6174698795180723 0.5207496653279786 0.6227409638554217 0.5207496653279786 0.6222389558232931 0.5763052208835341 
2 0.8727409638554217 0.6137884872824632 0.8634538152610441 0.6137884872824632 0.8283132530120482 0.6087684069611781 0.8283132530120482 0.535140562248996 0.9994979919678715 0.5558902275769746 0.9994979919678715 0.60809906291834 0.8727409638554217 0.6137884872824632 
2 0.6784638554216867 0.5846720214190094 0.6762048192771084 0.5843373493975904 0.6754518072289156 0.5799866131191432 0.6762048192771084 0.5629183400267738 0.6779618473895582 0.5622489959839357 0.6789658634538153 0.5625836680053548 0.6784638554216867 0.5846720214190094 
2 0.6714357429718876 0.5836680053547524 0.668925702811245 0.5833333333333334 0.6701807228915663 0.57095046854083 0.6714357429718876 0.5836680053547524 
