2 0.9996936274509803 0.6805555555555556 0.8529411764705882 0.6772875816993464 0.7840073529411765 0.6776960784313726 0.7757352941176471 0.5923202614379085 0.8357843137254902 0.5743464052287581 0.9996936274509803 0.5122549019607843 0.9996936274509803 0.6805555555555556 
2 0.7738970588235294 0.6776960784313726 0.6495098039215687 0.6695261437908496 0.6488970588235294 0.6552287581699346 0.647671568627451 0.6540032679738562 0.6433823529411765 0.6552287581699346 0.6433823529411765 0.6368464052287581 0.6541053921568627 0.6290849673202614 0.7680759803921569 0.5943627450980392 0.7738970588235294 0.6776960784313726 
2 0.5147058823529411 0.6654411764705882 0.5104166666666666 0.6654411764705882 0.5098039215686274 0.6597222222222222 0.5606617647058824 0.6593137254901961 0.5566789215686274 0.6633986928104575 0.5147058823529411 0.6654411764705882 
4 0.8544730392156863 0.7066993464052288 0.7138480392156863 0.693218954248366 0.6384803921568627 0.678921568627451 0.6044730392156863 0.6699346405228758 0.6038602941176471 0.6658496732026143 0.6041666666666666 0.6629901960784313 0.6056985294117647 0.6625816993464052 0.6142769607843137 0.6662581699346405 0.6341911764705882 0.6683006535947712 0.7677696078431373 0.6776960784313726 0.8529411764705882 0.6772875816993464 0.8544730392156863 0.7066993464052288 
4 0.018688725490196078 0.7438725490196079 0.018075980392156864 0.7275326797385621 0.0 0.7295751633986928 0.0 0.7124183006535948 0.04411764705882353 0.7095588235294118 0.04442401960784314 0.7075163398692811 0.061887254901960786 0.7054738562091504 0.06096813725490196 0.7218137254901961 0.049019607843137254 0.7242647058823529 0.048100490196078434 0.7389705882352942 0.04258578431372549 0.7397875816993464 0.042279411764705885 0.7246732026143791 0.03553921568627451 0.7254901960784313 0.023284313725490197 0.7275326797385621 0.02297794117647059 0.7434640522875817 0.018688725490196078 0.7438725490196079 
3 0.05024509803921569 0.7381535947712419 0.048100490196078434 0.7381535947712419 0.04871323529411765 0.7246732026143791 0.06096813725490196 0.7218137254901961 0.061887254901960786 0.7050653594771242 0.04442401960784314 0.7075163398692811 0.04411764705882353 0.7095588235294118 0.0 0.7124183006535948 0.0 0.704248366013072 0.012561274509803922 0.7030228758169934 0.008272058823529412 0.6899509803921569 0.05606617647058824 0.6879084967320261 0.056372549019607844 0.6907679738562091 0.05821078431372549 0.6879084967320261 0.1326593137254902 0.684640522875817 0.12928921568627452 0.6899509803921569 0.1323529411764706 0.6899509803921569 0.15962009803921567 0.6879084967320261 0.1556372549019608 0.6838235294117647 0.15931372549019607 0.6830065359477124 0.24816176470588236 0.6776960784313726 0.24662990196078433 0.6825980392156863 0.265625 0.6813725490196079 0.2668504901960784 0.6809640522875817 0.2647058823529412 0.6772875816993464 0.26715686274509803 0.6764705882352942 0.3075980392156863 0.6740196078431373 0.30667892156862747 0.6781045751633987 0.30943627450980393 0.6781045751633987 0.35324754901960786 0.6748366013071896 0.3544730392156863 0.6740196078431373 0.3550857843137255 0.6670751633986928 0.36151960784313725 0.6670751633986928 0.36151960784313725 0.6740196078431373 0.3630514705882353 0.6740196078431373 0.3630514705882353 0.6670751633986928 0.38204656862745096 0.6670751633986928 0.38204656862745096 0.6727941176470589 0.38327205882352944 0.6727941176470589 0.38327205882352944 0.6674836601307189 0.38756127450980393 0.6666666666666666 0.3897058823529412 0.6670751633986928 0.38848039215686275 0.6683006535947712 0.38817401960784315 0.6723856209150327 0.3939950980392157 0.6723856209150327 0.4025735294117647 0.6715686274509803 0.4022671568627451 0.6691176470588235 0.39950980392156865 0.6687091503267973 0.39950980392156865 0.6662581699346405 0.42463235294117646 0.6650326797385621 0.42463235294117646 0.6703431372549019 0.4258578431372549 0.6703431372549019 0.4261642156862745 0.6650326797385621 0.4417892156862745 0.6646241830065359 0.4417892156862745 0.6674836601307189 0.4381127450980392 0.6654411764705882 0.4335171568627451 0.6658496732026143 0.43045343137254904 0.6699346405228758 0.4338235294117647 0.6699346405228758 0.4427083333333333 0.6691176470588235 0.4430147058823529 0.6642156862745098 0.4525122549019608 0.6633986928104575 0.4543504901960784 0.6683006535947712 0.4644607843137255 0.6683006535947712 0.49325980392156865 0.6658496732026143 0.5572916666666666 0.6633986928104575 0.5569852941176471 0.6670751633986928 0.5257352941176471 0.6691176470588235 0.46875 0.676062091503268 0.46660539215686275 0.676062091503268 0.46599264705882354 0.6703431372549019 0.4653799019607843 0.6699346405228758 0.4650735294117647 0.6764705882352942 0.23590686274509803 0.7079248366013072 0.07536764705882353 0.7340686274509803 0.07383578431372549 0.7336601307189542 0.06893382352941177 0.6985294117647058 0.06862745098039216 0.6968954248366013 0.06678921568627451 0.6968954248366013 0.06525735294117647 0.735702614379085 0.05024509803921569 0.7381535947712419 
3 0.5680147058823529 0.6666666666666666 0.5664828431372549 0.6666666666666666 0.5664828431372549 0.6629901960784313 0.5762867647058824 0.6633986928104575 0.5762867647058824 0.6658496732026143 0.5680147058823529 0.6666666666666666 
3 0.5919117647058824 0.6658496732026143 0.5860906862745098 0.6658496732026143 0.5854779411764706 0.6633986928104575 0.5925245098039216 0.6629901960784313 0.5919117647058824 0.6658496732026143 
3 0.6035539215686274 0.6654411764705882 0.5974264705882353 0.6654411764705882 0.5971200980392157 0.6633986928104575 0.6035539215686274 0.6629901960784313 0.6035539215686274 0.6654411764705882 
3 0.5958946078431373 0.6654411764705882 0.5934436274509803 0.6654411764705882 0.5958946078431373 0.6654411764705882 
3 0.5811887254901961 0.6658496732026143 0.578125 0.6658496732026143 0.5811887254901961 0.6658496732026143 
3 0.02542892156862745 0.7418300653594772 0.02297794117647059 0.7418300653594772 0.023284313725490197 0.7275326797385621 0.042279411764705885 0.7250816993464052 0.042279411764705885 0.7393790849673203 0.02542892156862745 0.7418300653594772 
3 0.0 0.7455065359477124 0.00030637254901960784 0.7291666666666666 0.018075980392156864 0.7279411764705882 0.01838235294117647 0.7426470588235294 0.0 0.7455065359477124 
