0 0.8921898928024502 0.6173948550428746 0.888208269525268 0.6129032258064516 0.8885145482388974 0.6092282564311964 0.9035222052067381 0.6092282564311964 0.9038284839203675 0.6112699060841159 0.9062787136294027 0.6112699060841159 0.9062787136294027 0.6092282564311964 0.9133231240428791 0.6092282564311964 0.9145482388973967 0.6129032258064516 0.9145482388973967 0.6141282155982033 0.8921898928024502 0.6173948550428746 
0 0.889739663093415 0.6333197223356472 0.8885145482388974 0.6218864842792977 0.8934150076569678 0.6198448346263781 0.8955589586523737 0.620253164556962 0.8964777947932618 0.6263781135157207 0.8946401225114855 0.630053082890976 0.889739663093415 0.6333197223356472 
0 0.8116385911179173 0.6459779501837485 0.8119448698315467 0.6443446304614128 0.8162327718223583 0.6443446304614128 0.8196018376722818 0.6369946917109024 0.8211332312404288 0.6357697019191507 0.8581929555895865 0.6320947325438955 0.858499234303216 0.6382196815026542 0.8116385911179173 0.6459779501837485 
0 0.6101071975497703 0.6627194773376889 0.6082695252679938 0.6627194773376889 0.6088820826952527 0.6557778685177623 0.6722817764165391 0.6521028991425072 0.6722817764165391 0.6529195590036749 0.6578866768759571 0.6533278889342589 0.6101071975497703 0.6627194773376889 
0 0.4480857580398162 0.6565945283789302 0.44716692189892804 0.6565945283789302 0.4480857580398162 0.6565945283789302 
0 0.4444104134762634 0.6570028583095141 0.4419601837672282 0.6570028583095141 0.4444104134762634 0.6570028583095141 
0 0.4407350689127106 0.657411188240098 0.4367534456355283 0.657411188240098 0.4407350689127106 0.657411188240098 
0 0.42358346094946403 0.6590445079624336 0.41960183767228176 0.6590445079624336 0.4367534456355283 0.657819518170682 0.42358346094946403 0.6590445079624336 
0 0.41898928024502297 0.6594528378930176 0.41745788667687594 0.6594528378930176 0.41898928024502297 0.6594528378930176 
0 0.38591117917304746 0.662311147407105 0.3822358346094946 0.662311147407105 0.38591117917304746 0.662311147407105 
0 0.381010719754977 0.6627194773376889 0.3788667687595712 0.6627194773376889 0.381010719754977 0.6627194773376889 
0 0.39203675344563554 0.675786035116374 0.3895865237366003 0.675786035116374 0.3871362940275651 0.6729277256022866 0.45941807044410415 0.6676194365046958 0.45941807044410415 0.671702735810535 0.39203675344563554 0.675786035116374 
0 0.9996937212863706 0.9995916700694161 0.9751914241960183 0.9877501020824826 0.8811638591117917 0.893834218048183 0.7923430321592649 0.7909350755410371 0.777947932618683 0.7721518987341772 0.7767228177641654 0.7635769701919151 0.7767228177641654 0.750102082482646 0.7776416539050536 0.7484687627603104 0.7831546707503828 0.7403021641486321 0.7926493108728944 0.7386688444262964 0.7911179173047473 0.740710494079216 0.7935681470137825 0.7443854634544712 0.7957120980091884 0.7554103715802368 0.8716692189892803 0.8244181298489179 0.9996937212863706 0.9297672519395672 0.9996937212863706 0.9995916700694161 
5 0.8162327718223583 0.745610453246223 0.7950995405819296 0.745610453246223 0.7911179173047473 0.740710494079216 0.8588055130168454 0.6929358922008984 0.8618683001531393 0.6937525520620661 0.8646248085758039 0.740710494079216 0.8777947932618683 0.7411188240097999 0.8505359877488514 0.7439771335238873 0.8162327718223583 0.745610453246223 
5 0.8946401225114855 0.7198856676194365 0.8931087289433385 0.6974275214373213 0.900459418070444 0.6978358513679053 0.9050535987748851 0.7027358105349122 0.8946401225114855 0.7198856676194365 
