0 0.5972826086956522 0.6641304347826087 0.5771739130434783 0.6605072463768116 0.5782608695652174 0.6583333333333333 0.5942934782608695 0.6597826086956522 0.5967391304347827 0.6612318840579711 0.5972826086956522 0.6641304347826087 
0 0.9997282608695652 0.7318840579710145 0.9035326086956522 0.7210144927536232 0.8529891304347826 0.7126811594202899 0.8519021739130435 0.7115942028985507 0.8510869565217392 0.7054347826086956 0.8483695652173913 0.7021739130434783 0.8445652173913043 0.7021739130434783 0.8407608695652173 0.7083333333333334 0.8404891304347826 0.7105072463768116 0.8396739130434783 0.7105072463768116 0.7279891304347826 0.6909420289855073 0.6986413043478261 0.6847826086956522 0.6980978260869565 0.6811594202898551 0.6967391304347826 0.6800724637681159 0.6948369565217392 0.683695652173913 0.69375 0.683695652173913 0.61875 0.6684782608695652 0.6171195652173913 0.6630434782608695 0.7676630434782609 0.6840579710144927 0.9315217391304348 0.6967391304347826 0.9994565217391305 0.6985507246376812 0.9997282608695652 0.7318840579710145 
0 0.6448369565217391 0.6728260869565217 0.6448369565217391 0.6702898550724637 0.6426630434782609 0.6702898550724637 0.6426630434782609 0.672463768115942 0.6448369565217391 0.6728260869565217 
5 0.6184782608695653 0.6684782608695652 0.5972826086956522 0.6644927536231884 0.5967391304347827 0.6615942028985508 0.6160326086956521 0.658695652173913 0.6222826086956522 0.6590579710144927 0.6247282608695652 0.663768115942029 0.6173913043478261 0.6626811594202898 0.6184782608695653 0.6684782608695652 
2 0.2154891304347826 0.6134057971014493 0.21440217391304348 0.6134057971014493 0.21168478260869567 0.6101449275362318 0.21820652173913044 0.6108695652173913 0.2171195652173913 0.611231884057971 0.21684782608695652 0.6130434782608696 0.2154891304347826 0.6134057971014493 
2 0.2388586956521739 0.613768115942029 0.23315217391304346 0.613768115942029 0.22880434782608697 0.6123188405797102 0.2388586956521739 0.613768115942029 
2 0.30380434782608695 0.6264492753623189 0.30217391304347824 0.6260869565217392 0.3 0.6235507246376811 0.29538043478260867 0.6260869565217392 0.2910326086956522 0.6260869565217392 0.2828804347826087 0.6202898550724638 0.27717391304347827 0.6213768115942029 0.2717391304347826 0.619927536231884 0.2684782608695652 0.6173913043478261 0.26331521739130437 0.6170289855072464 0.3040760869565217 0.6206521739130435 0.30380434782608695 0.6264492753623189 
2 0.30625 0.6264492753623189 0.3065217391304348 0.6210144927536232 0.3279891304347826 0.6231884057971014 0.3105978260869565 0.6242753623188406 0.30625 0.6264492753623189 
2 0.3377717391304348 0.6315217391304347 0.3358695652173913 0.6315217391304347 0.3339673913043478 0.6297101449275362 0.3328804347826087 0.625 0.3298913043478261 0.6231884057971014 0.3502717391304348 0.6246376811594203 0.34646739130434784 0.630072463768116 0.34103260869565216 0.6278985507246376 0.33967391304347827 0.631159420289855 0.3377717391304348 0.6315217391304347 
2 0.3516304347826087 0.6246376811594203 0.35054347826086957 0.6246376811594203 0.3516304347826087 0.6246376811594203 
2 0.37418478260869564 0.6398550724637682 0.3714673913043478 0.6380434782608696 0.36983695652173915 0.6351449275362319 0.36195652173913045 0.6275362318840579 0.3529891304347826 0.625 0.3733695652173913 0.6260869565217392 0.3736413043478261 0.6275362318840579 0.37907608695652173 0.631159420289855 0.3766304347826087 0.6326086956521739 0.37228260869565216 0.6326086956521739 0.3744565217391304 0.6351449275362319 0.3766304347826087 0.636231884057971 0.37472826086956523 0.6376811594202898 0.37418478260869564 0.6398550724637682 
2 0.41875 0.6391304347826087 0.41657608695652176 0.6376811594202898 0.41494565217391305 0.6344202898550725 0.4154891304347826 0.6318840579710145 0.41875 0.6289855072463768 0.453804347826087 0.6318840579710145 0.4464673913043478 0.6326086956521739 0.4470108695652174 0.6347826086956522 0.4494565217391304 0.6358695652173914 0.44918478260869565 0.6373188405797101 0.44565217391304346 0.6358695652173914 0.4418478260869565 0.6369565217391304 0.43967391304347825 0.6355072463768116 0.42418478260869563 0.6369565217391304 0.42445652173913045 0.6322463768115942 0.42146739130434785 0.6318840579710145 0.41793478260869565 0.6347826086956522 0.41875 0.6391304347826087 
2 0.46304347826086956 0.6340579710144928 0.4567934782608696 0.6322463768115942 0.4597826086956522 0.6318840579710145 0.46304347826086956 0.6340579710144928 
4 0.0 0.8307971014492753 0.0 0.6072463768115942 0.059782608695652176 0.6170289855072464 0.1375 0.6278985507246376 0.21494565217391304 0.6351449275362319 0.28831521739130433 0.6394927536231884 0.3766304347826087 0.643840579710145 0.48885869565217394 0.6452898550724637 0.48994565217391306 0.6467391304347826 0.49755434782608693 0.6481884057971015 0.49728260869565216 0.6394927536231884 0.4994565217391304 0.6380434782608696 0.4994565217391304 0.6333333333333333 0.5021739130434782 0.6322463768115942 0.5029891304347827 0.6344202898550725 0.5021739130434782 0.6376811594202898 0.502445652173913 0.6474637681159421 0.5043478260869565 0.6550724637681159 0.5029891304347827 0.6565217391304348 0.5029891304347827 0.6623188405797101 0.4638586956521739 0.675 0.35407608695652176 0.7206521739130435 0.2798913043478261 0.7481884057971014 0.16820652173913042 0.7851449275362319 0.08125 0.8123188405797102 0.0 0.8307971014492753 
3 0.6220108695652173 0.6590579710144927 0.6114130434782609 0.657608695652174 0.58125 0.6579710144927536 0.5809782608695652 0.6492753623188405 0.5831521739130435 0.6489130434782608 0.5839673913043478 0.6467391304347826 0.61875 0.6413043478260869 0.6192934782608696 0.6373188405797101 0.623641304347826 0.6376811594202898 0.6241847826086957 0.6398550724637682 0.6285326086956522 0.6394927536231884 0.6285326086956522 0.6355072463768116 0.6304347826086957 0.6347826086956522 0.6301630434782609 0.6376811594202898 0.6315217391304347 0.6380434782608696 0.6317934782608695 0.6452898550724637 0.6266304347826087 0.6460144927536232 0.6220108695652173 0.6590579710144927 
3 0.503804347826087 0.6619565217391304 0.5029891304347827 0.6619565217391304 0.5029891304347827 0.6565217391304348 0.5043478260869565 0.6543478260869565 0.502445652173913 0.6474637681159421 0.5027173913043478 0.6445652173913043 0.5076086956521739 0.644927536231884 0.5165760869565217 0.6489130434782608 0.5168478260869566 0.6547101449275362 0.5182065217391304 0.6561594202898551 0.5179347826086956 0.6597826086956522 0.5103260869565217 0.6597826086956522 0.503804347826087 0.6619565217391304 
