0 0.4944852941176471 0.6527777777777778 0.4856004901960784 0.6527777777777778 0.4944852941176471 0.6527777777777778 
0 0.4540441176470588 0.6552287581699346 0.42830882352941174 0.6552287581699346 0.42769607843137253 0.6535947712418301 0.4543504901960784 0.6531862745098039 0.4540441176470588 0.6552287581699346 
0 0.5790441176470589 0.6576797385620915 0.5030637254901961 0.6552287581699346 0.46170343137254904 0.6552287581699346 0.46139705882352944 0.6535947712418301 0.4638480392156863 0.6531862745098039 0.4635416666666667 0.6548202614379085 0.5686274509803921 0.6560457516339869 0.5790441176470589 0.6564542483660131 0.5790441176470589 0.6576797385620915 
0 0.6574754901960784 0.6560457516339869 0.6207107843137255 0.6552287581699346 0.6571691176470589 0.6548202614379085 0.6574754901960784 0.6560457516339869 
0 0.003676470588235294 0.9995915032679739 0.0 0.9995915032679739 0.00030637254901960784 0.948937908496732 0.09957107843137254 0.858251633986928 0.22242647058823528 0.7426470588235294 0.2643995098039216 0.6948529411764706 0.2705269607843137 0.678921568627451 0.2705269607843137 0.6584967320261438 0.26807598039215685 0.6556372549019608 0.27267156862745096 0.6564542483660131 0.2757352941176471 0.6809640522875817 0.2708333333333333 0.7038398692810458 0.2264093137254902 0.764297385620915 0.10876225490196079 0.8868464052287581 0.003676470588235294 0.9995915032679739 
0 0.5903799019607843 0.6580882352941176 0.5854779411764706 0.6576797385620915 0.5860906862745098 0.6564542483660131 0.5900735294117647 0.6564542483660131 0.5903799019607843 0.6580882352941176 
0 0.6041666666666666 0.6580882352941176 0.5943627450980392 0.6580882352941176 0.5940563725490197 0.6568627450980392 0.6038602941176471 0.6564542483660131 0.6041666666666666 0.6580882352941176 
0 0.6583946078431373 0.6584967320261438 0.6069240196078431 0.6584967320261438 0.6056985294117647 0.6568627450980392 0.6577818627450981 0.6564542483660131 0.6583946078431373 0.6584967320261438 
0 0.4522058823529412 0.6646241830065359 0.43933823529411764 0.6613562091503268 0.4408700980392157 0.6576797385620915 0.45006127450980393 0.6609477124183006 0.46599264705882354 0.6593137254901961 0.5174632352941176 0.6597222222222222 0.5174632352941176 0.6613562091503268 0.508578431372549 0.6629901960784313 0.4638480392156863 0.6629901960784313 0.4522058823529412 0.6646241830065359 
0 0.9996936274509803 0.7589869281045751 0.9276960784313726 0.7434640522875817 0.7371323529411765 0.7062908496732027 0.6731004901960784 0.6956699346405228 0.6715686274509803 0.6952614379084967 0.671875 0.6948529411764706 0.6706495098039216 0.6928104575163399 0.6645220588235294 0.6911764705882353 0.6605392156862745 0.6911764705882353 0.6602328431372549 0.693218954248366 0.6583946078431373 0.693218954248366 0.5931372549019608 0.6821895424836601 0.5392156862745098 0.6703431372549019 0.5379901960784313 0.6691176470588235 0.6482843137254902 0.6866830065359477 0.8685661764705882 0.7254901960784313 0.9996936274509803 0.7520424836601307 0.9996936274509803 0.7589869281045751 
1 0.9859068627450981 0.6948529411764706 0.9396446078431373 0.6854575163398693 0.9390318627450981 0.5923202614379085 0.9856004901960784 0.5882352941176471 0.9862132352941176 0.6209150326797386 0.9754901960784313 0.6213235294117647 0.9751838235294118 0.6233660130718954 0.9779411764705882 0.6568627450980392 0.984375 0.6572712418300654 0.9859068627450981 0.6948529411764706 
1 0.9261642156862745 0.6830065359477124 0.8875612745098039 0.676062091503268 0.9166666666666666 0.6017156862745098 0.9129901960784313 0.5980392156862745 0.8829656862745098 0.6752450980392157 0.7674632352941176 0.6552287581699346 0.7683823529411765 0.6151960784313726 0.9313725490196079 0.5931372549019608 0.9301470588235294 0.6736111111111112 0.9261642156862745 0.6830065359477124 
1 0.45465686274509803 0.6531862745098039 0.42800245098039214 0.6531862745098039 0.4273897058823529 0.6507352941176471 0.43137254901960786 0.6503267973856209 0.43167892156862747 0.6339869281045751 0.4564950980392157 0.6319444444444444 0.45618872549019607 0.6458333333333334 0.45465686274509803 0.6531862745098039 
