0 0.32107843137254904 0.4522058823529412 0.32138480392156865 0.43423202614379086 0.33639705882352944 0.4297385620915033 0.34129901960784315 0.4297385620915033 0.34558823529411764 0.4272875816993464 0.35018382352941174 0.42769607843137253 0.35202205882352944 0.42606209150326796 0.35723039215686275 0.42687908496732024 0.3581495098039216 0.4338235294117647 0.32107843137254904 0.4522058823529412 
0 0.4488357843137255 0.4930555555555556 0.4488357843137255 0.4881535947712418 0.46568627450980393 0.46691176470588236 0.47487745098039214 0.45302287581699346 0.47518382352941174 0.45669934640522875 0.4488357843137255 0.4930555555555556 
0 0.9996936274509803 0.7071078431372549 0.7055759803921569 0.47630718954248363 0.6914828431372549 0.4624183006535948 0.6936274509803921 0.45588235294117646 0.7098651960784313 0.4579248366013072 0.7699142156862745 0.5106209150326797 0.9996936274509803 0.676062091503268 0.9996936274509803 0.7071078431372549 
0 0.42922794117647056 0.5212418300653595 0.42892156862745096 0.5151143790849673 0.4384191176470588 0.5016339869281046 0.4381127450980392 0.508578431372549 0.42922794117647056 0.5212418300653595 
0 0.09283088235294118 0.9995915032679739 0.07689950980392157 0.9995915032679739 0.1568627450980392 0.8848039215686274 0.24632352941176472 0.7683823529411765 0.4053308823529412 0.5473856209150327 0.4068627450980392 0.5453431372549019 0.4108455882352941 0.545751633986928 0.4111519607843137 0.5445261437908496 0.4111519607843137 0.5465686274509803 0.4096200980392157 0.5490196078431373 0.32628676470588236 0.6662581699346405 0.27971813725490197 0.7348856209150327 0.20588235294117646 0.8361928104575164 0.09283088235294118 0.9995915032679739 
1 0.41299019607843135 0.3958333333333333 0.3333333333333333 0.3880718954248366 0.33425245098039214 0.38235294117647056 0.33425245098039214 0.36764705882352944 0.32996323529411764 0.35784313725490197 0.32506127450980393 0.3545751633986928 0.3290441176470588 0.27532679738562094 0.4206495098039216 0.289624183006536 0.41942401960784315 0.31699346405228757 0.4163602941176471 0.3194444444444444 0.41605392156862747 0.32312091503267976 0.41299019607843135 0.3958333333333333 
1 0.44485294117647056 0.3991013071895425 0.43075980392156865 0.397875816993464 0.4329044117647059 0.29125816993464054 0.45128676470588236 0.29411764705882354 0.44485294117647056 0.3991013071895425 
1 0.5330882352941176 0.40808823529411764 0.4543504901960784 0.40032679738562094 0.46109068627450983 0.29534313725490197 0.539828431372549 0.3075980392156863 0.5330882352941176 0.40808823529411764 
1 0.7714460784313726 0.502859477124183 0.7631740196078431 0.5024509803921569 0.7588848039215687 0.5004084967320261 0.7598039215686274 0.497140522875817 0.7634803921568627 0.497140522875817 0.7634803921568627 0.48856209150326796 0.7447916666666666 0.4750816993464052 0.7420343137254902 0.4738562091503268 0.7423406862745098 0.4783496732026144 0.7469362745098039 0.4803921568627451 0.7469362745098039 0.48447712418300654 0.7389705882352942 0.48366013071895425 0.7346813725490197 0.47998366013071897 0.7383578431372549 0.4783496732026144 0.7383578431372549 0.47263071895424835 0.7368259803921569 0.4709967320261438 0.71875 0.4579248366013072 0.7181372549019608 0.46078431372549017 0.7218137254901961 0.4632352941176471 0.7205882352941176 0.4660947712418301 0.7190563725490197 0.4660947712418301 0.7126225490196079 0.46078431372549017 0.7147671568627451 0.45955882352941174 0.7156862745098039 0.4571078431372549 0.7092524509803921 0.4526143790849673 0.7092524509803921 0.4562908496732026 0.7123161764705882 0.4562908496732026 0.7123161764705882 0.4591503267973856 0.7092524509803921 0.45751633986928103 0.7022058823529411 0.45669934640522875 0.7022058823529411 0.4554738562091503 0.7058823529411765 0.4554738562091503 0.7046568627450981 0.44730392156862747 0.7074142156862745 0.4440359477124183 0.7092524509803921 0.4444444444444444 0.7120098039215687 0.42687908496732024 0.5407475490196079 0.4089052287581699 0.5462622549019608 0.3088235294117647 0.7628676470588235 0.34068627450980393 0.7625612745098039 0.3472222222222222 0.7745098039215687 0.3480392156862745 0.7757352941176471 0.3423202614379085 0.9996936274509803 0.3713235294117647 0.9996936274509803 0.38562091503267976 0.9368872549019608 0.3770424836601307 0.9188112745098039 0.3786764705882353 0.9059436274509803 0.38643790849673204 0.8998161764705882 0.38031045751633985 0.8841911764705882 0.37173202614379086 0.8302696078431373 0.3639705882352941 0.8017769607843137 0.3631535947712418 0.7910539215686274 0.3700980392156863 0.7821691176470589 0.38112745098039214 0.7757352941176471 0.3925653594771242 0.7686887254901961 0.47263071895424835 0.7693014705882353 0.4775326797385621 0.7677696078431373 0.49754901960784315 0.7717524509803921 0.4987745098039216 0.7714460784313726 0.502859477124183 
1 0.741421568627451 0.37826797385620914 0.7457107843137255 0.3770424836601307 0.7475490196078431 0.37050653594771243 0.7475490196078431 0.3660130718954248 0.7457107843137255 0.3602941176470588 0.7395833333333334 0.3590686274509804 0.7365196078431373 0.36356209150326796 0.7377450980392157 0.3729575163398693 0.7365196078431373 0.3770424836601307 0.741421568627451 0.37826797385620914 
1 0.7432598039215687 0.4338235294117647 0.7478553921568627 0.38031045751633985 0.7313112745098039 0.37663398692810457 0.7276348039215687 0.42606209150326796 0.7432598039215687 0.4338235294117647 
2 0.41268382352941174 0.42034313725490197 0.3538602941176471 0.41625816993464054 0.35049019607843135 0.41299019607843135 0.35079656862745096 0.4076797385620915 0.3483455882352941 0.40032679738562094 0.34221813725490197 0.397875816993464 0.34191176470588236 0.3937908496732026 0.33762254901960786 0.3909313725490196 0.3336397058823529 0.3909313725490196 0.3333333333333333 0.38848039215686275 0.41299019607843135 0.3958333333333333 0.41268382352941174 0.42034313725490197 
2 0.44332107843137253 0.42320261437908496 0.43045343137254904 0.42197712418300654 0.43106617647058826 0.397875816993464 0.44485294117647056 0.39950980392156865 0.44332107843137253 0.42320261437908496 
2 0.7092524509803921 0.4444444444444444 0.45526960784313725 0.4244281045751634 0.4528186274509804 0.42401960784313725 0.4540441176470588 0.4011437908496732 0.4571078431372549 0.40032679738562094 0.5327818627450981 0.40808823529411764 0.5315563725490197 0.42810457516339867 0.5395220588235294 0.42892156862745096 0.5395220588235294 0.42320261437908496 0.5416666666666666 0.4195261437908497 0.5407475490196079 0.4178921568627451 0.5407475490196079 0.4089052287581699 0.7120098039215687 0.42687908496732024 0.7092524509803921 0.4444444444444444 
