0 0.999690594059406 0.7665016501650165 0.7741336633663366 0.7306105610561056 0.656559405940594 0.7157590759075908 0.6553217821782178 0.7116336633663366 0.6516089108910891 0.7116336633663366 0.650680693069307 0.7145214521452146 0.6451113861386139 0.7141089108910891 0.5946782178217822 0.6992574257425742 0.5857054455445545 0.6951320132013201 0.5823019801980198 0.6827557755775577 0.5683787128712872 0.6761551155115512 0.568069306930693 0.6740924092409241 0.5693069306930693 0.6707920792079208 0.5708539603960396 0.66996699669967 0.5705445544554455 0.6740924092409241 0.5847772277227723 0.6802805280528053 0.5897277227722773 0.6938943894389439 0.6058168316831684 0.6984323432343235 0.6992574257425742 0.7174092409240924 0.849009900990099 0.735973597359736 0.999690594059406 0.7578382838283828 0.999690594059406 0.7665016501650165 
0 0.4879331683168317 0.7264851485148515 0.4718440594059406 0.724009900990099 0.46379950495049505 0.7207095709570958 0.45853960396039606 0.716996699669967 0.45235148514851486 0.7108085808580858 0.45235148514851486 0.6988448844884488 0.4551361386138614 0.698019801980198 0.4551361386138614 0.7079207920792079 0.4560643564356436 0.7103960396039604 0.4603960396039604 0.7145214521452146 0.47308168316831684 0.7207095709570958 0.47988861386138615 0.721947194719472 0.4900990099009901 0.7215346534653465 0.4900990099009901 0.7182343234323433 0.48050742574257427 0.7029702970297029 0.48205445544554454 0.6992574257425742 0.4910272277227723 0.7124587458745875 0.4907178217821782 0.724009900990099 0.4879331683168317 0.7264851485148515 
0 0.12376237623762376 0.7343234323432343 0.12283415841584158 0.7343234323432343 0.12314356435643564 0.7318481848184818 0.14139851485148514 0.7297854785478548 0.13830445544554457 0.726897689768977 0.14077970297029702 0.7260726072607261 0.14665841584158415 0.7306105610561056 0.12376237623762376 0.7343234323432343 
0 0.11138613861386139 0.7363861386138614 0.11014851485148515 0.7363861386138614 0.11107673267326733 0.7339108910891089 0.11571782178217822 0.733085808580858 0.11633663366336634 0.7355610561056105 0.11138613861386139 0.7363861386138614 
0 0.09870049504950495 0.7384488448844885 0.0968440594059406 0.7384488448844885 0.09746287128712872 0.7363861386138614 0.10055693069306931 0.735973597359736 0.10148514851485149 0.7376237623762376 0.09870049504950495 0.7384488448844885 
0 0.08353960396039604 0.740924092409241 0.08106435643564357 0.740924092409241 0.08199257425742575 0.7388613861386139 0.08879950495049505 0.7376237623762376 0.08941831683168316 0.7396864686468647 0.08353960396039604 0.740924092409241 
0 0.0655940594059406 0.7438118811881188 0.06311881188118812 0.7438118811881188 0.06466584158415842 0.7417491749174917 0.06930693069306931 0.740924092409241 0.0708539603960396 0.740924092409241 0.07147277227722772 0.7425742574257426 0.0655940594059406 0.7438118811881188 
0 0.04548267326732673 0.7471122112211221 0.04548267326732673 0.745049504950495 0.054764851485148515 0.7433993399339934 0.056002475247524754 0.745049504950495 0.04548267326732673 0.7471122112211221 
0 0.0 0.7545379537953796 0.0 0.7520627062706271 0.034962871287128716 0.7466996699669967 0.03712871287128713 0.7466996699669967 0.038056930693069306 0.7483498349834984 0.0 0.7545379537953796 
1 0.7778465346534653 0.6489273927392739 0.7766089108910891 0.6489273927392739 0.7766089108910891 0.6225247524752475 0.7892945544554455 0.620049504950495 0.7871287128712872 0.6163366336633663 0.8131188118811881 0.6134488448844885 0.8100247524752475 0.6258250825082509 0.8270420792079208 0.6303630363036303 0.8261138613861386 0.6353135313531353 0.8125 0.6410891089108911 0.7778465346534653 0.6489273927392739 
1 0.6902846534653465 0.66996699669967 0.6828589108910891 0.6674917491749175 0.6853341584158416 0.6592409240924092 0.6837871287128713 0.6505775577557755 0.6803836633663366 0.6406765676567657 0.6813118811881188 0.6316006600660066 0.7029702970297029 0.6266501650165016 0.7336014851485149 0.6241749174917491 0.7357673267326733 0.6547029702970297 0.6977103960396039 0.6538778877887789 0.6905940594059405 0.6662541254125413 0.6902846534653465 0.66996699669967 
1 0.776299504950495 0.6493399339933993 0.7753712871287128 0.6493399339933993 0.776299504950495 0.6493399339933993 
1 0.7747524752475248 0.6497524752475248 0.7738242574257426 0.6497524752475248 0.7747524752475248 0.6497524752475248 
4 0.20544554455445543 0.7182343234323433 0.2020420792079208 0.7165841584158416 0.1943069306930693 0.7165841584158416 0.1936881188118812 0.7120462046204621 0.20235148514851486 0.7112211221122112 0.20327970297029702 0.7087458745874587 0.20451732673267325 0.7087458745874587 0.20699257425742573 0.7103960396039604 0.2073019801980198 0.7128712871287128 0.20699257425742573 0.7174092409240924 0.20544554455445543 0.7182343234323433 
4 0.17574257425742573 0.7207095709570958 0.17048267326732675 0.7207095709570958 0.1692450495049505 0.716996699669967 0.16429455445544555 0.7141089108910891 0.18162128712871287 0.7128712871287128 0.18193069306930693 0.7112211221122112 0.18378712871287128 0.7108085808580858 0.18378712871287128 0.7120462046204621 0.19183168316831684 0.7120462046204621 0.19183168316831684 0.716996699669967 0.17574257425742573 0.7174092409240924 0.17574257425742573 0.7207095709570958 
4 0.1624381188118812 0.716996699669967 0.16274752475247525 0.7136963696369637 0.1624381188118812 0.716996699669967 
4 0.15439356435643564 0.7186468646864687 0.1454207920792079 0.7178217821782178 0.1463490099009901 0.7145214521452146 0.15563118811881188 0.7141089108910891 0.15439356435643564 0.7186468646864687 
3 0.6098391089108911 0.6353135313531353 0.6027227722772277 0.6353135313531353 0.6030321782178217 0.6208745874587459 0.6067450495049505 0.6216996699669967 0.6073638613861386 0.6266501650165016 0.6058168316831684 0.6278877887788779 0.6098391089108911 0.6353135313531353 
3 0.619430693069307 0.6353135313531353 0.6166460396039604 0.6344884488448845 0.6116955445544554 0.6287128712871287 0.6349009900990099 0.6266501650165016 0.6349009900990099 0.6332508250825083 0.619430693069307 0.6353135313531353 
3 0.6525371287128713 0.639026402640264 0.651299504950495 0.639026402640264 0.651299504950495 0.6320132013201321 0.6649133663366337 0.6316006600660066 0.6655321782178217 0.6365511551155115 0.6525371287128713 0.639026402640264 
3 0.5949876237623762 0.6386138613861386 0.59375 0.6386138613861386 0.594059405940594 0.6361386138613861 0.5996287128712872 0.6357260726072608 0.5996287128712872 0.6377887788778878 0.5949876237623762 0.6386138613861386 
3 0.6191212871287128 0.6443894389438944 0.6163366336633663 0.6443894389438944 0.6203589108910891 0.6435643564356436 0.6209777227722773 0.6398514851485149 0.6188118811881188 0.6365511551155115 0.635519801980198 0.6357260726072608 0.6358292079207921 0.641914191419142 0.6191212871287128 0.6443894389438944 
3 0.5906559405940595 0.639026402640264 0.5850866336633663 0.6373762376237624 0.5906559405940595 0.6365511551155115 0.5906559405940595 0.639026402640264 
3 0.49288366336633666 0.6625412541254125 0.4900990099009901 0.6625412541254125 0.4900990099009901 0.6588283828382838 0.49535891089108913 0.6588283828382838 0.494740099009901 0.6452145214521452 0.5173267326732673 0.643976897689769 0.5176361386138614 0.6489273927392739 0.5194925742574258 0.6493399339933993 0.5402227722772277 0.6468646864686468 0.5399133663366337 0.6423267326732673 0.5662128712871287 0.6398514851485149 0.5662128712871287 0.6427392739273927 0.567759900990099 0.643976897689769 0.5754950495049505 0.6435643564356436 0.5742574257425742 0.6456270627062707 0.5776608910891089 0.6497524752475248 0.49288366336633666 0.6625412541254125 
3 0.5971534653465347 0.6472772277227723 0.594059405940594 0.6468646864686468 0.594059405940594 0.6423267326732673 0.5996287128712872 0.6415016501650165 0.5999381188118812 0.6468646864686468 0.5971534653465347 0.6472772277227723 
3 0.5909653465346535 0.6443894389438944 0.5897277227722773 0.6423267326732673 0.5909653465346535 0.6427392739273927 0.5909653465346535 0.6443894389438944 
3 0.6157178217821783 0.6448019801980198 0.614480198019802 0.6448019801980198 0.6157178217821783 0.6448019801980198 
3 0.5912747524752475 0.648102310231023 0.588490099009901 0.648102310231023 0.5909653465346535 0.6448019801980198 0.5912747524752475 0.648102310231023 
3 0.6039603960396039 0.6460396039603961 0.6036509900990099 0.6452145214521452 0.6039603960396039 0.6460396039603961 
