0 0.38265931372549017 0.6891339869281046 0.37285539215686275 0.6883169934640523 0.3707107843137255 0.6870915032679739 0.38235294117647056 0.6879084967320261 0.38265931372549017 0.6891339869281046 
0 0.39736519607843135 0.690359477124183 0.3955269607843137 0.690359477124183 0.39736519607843135 0.690359477124183 
0 0.40471813725490197 0.6911764705882353 0.40349264705882354 0.6911764705882353 0.40471813725490197 0.6911764705882353 
0 0.40931372549019607 0.6915849673202614 0.4065563725490196 0.6915849673202614 0.40931372549019607 0.6915849673202614 
0 0.5147058823529411 0.7173202614379085 0.44424019607843135 0.696078431372549 0.4096200980392157 0.6919934640522876 0.44577205882352944 0.6944444444444444 0.508578431372549 0.7128267973856209 0.5147058823529411 0.7148692810457516 0.5147058823529411 0.7173202614379085 
0 0.2270220588235294 0.7246732026143791 0.21599264705882354 0.7234477124183006 0.21568627450980393 0.7201797385620915 0.2270220588235294 0.7197712418300654 0.2270220588235294 0.7246732026143791 
0 0.22855392156862744 0.7201797385620915 0.22732843137254902 0.7201797385620915 0.22855392156862744 0.7201797385620915 
0 0.5925245098039216 0.7279411764705882 0.5349264705882353 0.7230392156862745 0.5361519607843137 0.7201797385620915 0.5401348039215687 0.7201797385620915 0.5912990196078431 0.7242647058823529 0.5925245098039216 0.7250816993464052 0.5925245098039216 0.7279411764705882 
0 0.5965073529411765 0.7258986928104575 0.5928308823529411 0.7250816993464052 0.5965073529411765 0.7246732026143791 0.5965073529411765 0.7258986928104575 
0 0.7291666666666666 0.7352941176470589 0.6933210784313726 0.7336601307189542 0.6917892156862745 0.7299836601307189 0.7291666666666666 0.7312091503267973 0.7291666666666666 0.7352941176470589 
0 0.7748161764705882 0.7369281045751634 0.7334558823529411 0.735702614379085 0.7319240196078431 0.7352941176470589 0.7319240196078431 0.7316176470588235 0.7748161764705882 0.733251633986928 0.7748161764705882 0.7369281045751634 
0 0.7787990196078431 0.7340686274509803 0.7751225490196079 0.7336601307189542 0.7787990196078431 0.7340686274509803 
0 0.8915441176470589 0.741421568627451 0.835171568627451 0.738562091503268 0.8348651960784313 0.735702614379085 0.8912377450980392 0.7365196078431373 0.8915441176470589 0.741421568627451 
0 0.6427696078431373 0.7418300653594772 0.6354166666666666 0.7418300653594772 0.6351102941176471 0.7369281045751634 0.6424632352941176 0.7373366013071896 0.6427696078431373 0.7418300653594772 
0 0.7582720588235294 0.7418300653594772 0.7558210784313726 0.7418300653594772 0.7582720588235294 0.7418300653594772 
0 0.8008578431372549 0.7475490196078431 0.7588848039215687 0.7467320261437909 0.758578431372549 0.7418300653594772 0.8005514705882353 0.7418300653594772 0.8008578431372549 0.7475490196078431 
0 0.8284313725490197 0.7483660130718954 0.8060661764705882 0.7479575163398693 0.805453431372549 0.7426470588235294 0.828125 0.7426470588235294 0.8284313725490197 0.7483660130718954 
0 0.8921568627450981 0.75 0.8357843137254902 0.7487745098039216 0.835171568627451 0.7434640522875817 0.8918504901960784 0.7446895424836601 0.8921568627450981 0.75 
0 0.7582720588235294 0.7467320261437909 0.7558210784313726 0.7467320261437909 0.7582720588235294 0.7467320261437909 
0 0.9996936274509803 0.8623366013071896 0.8100490196078431 0.8055555555555556 0.8030024509803921 0.8022875816993464 0.803921568627451 0.7904411764705882 0.8449754901960784 0.7998366013071896 0.9996936274509803 0.8402777777777778 0.9996936274509803 0.8623366013071896 
5 0.5349264705882353 0.7234477124183006 0.5150122549019608 0.7185457516339869 0.5147058823529411 0.7148692810457516 0.5186887254901961 0.7144607843137255 0.5214460784313726 0.7185457516339869 0.5361519607843137 0.7197712418300654 0.5349264705882353 0.7234477124183006 
5 0.22732843137254902 0.7250816993464052 0.22732843137254902 0.7197712418300654 0.2349877450980392 0.7214052287581699 0.24080882352941177 0.7201797385620915 0.24724264705882354 0.7165032679738562 0.2512254901960784 0.7169117647058824 0.25 0.7201797385620915 0.22732843137254902 0.7250816993464052 
5 0.6525735294117647 0.7316176470588235 0.5928308823529411 0.7283496732026143 0.5925245098039216 0.7250816993464052 0.5980392156862745 0.7267156862745098 0.632046568627451 0.7299836601307189 0.6525735294117647 0.7303921568627451 0.6525735294117647 0.7316176470588235 
5 0.6896446078431373 0.7336601307189542 0.6571691176470589 0.7320261437908496 0.6553308823529411 0.7312091503267973 0.678921568627451 0.7312091503267973 0.6896446078431373 0.7295751633986928 0.6896446078431373 0.7336601307189542 
5 0.8002450980392157 0.7373366013071896 0.7751225490196079 0.7369281045751634 0.7748161764705882 0.7336601307189542 0.7840073529411765 0.7352941176470589 0.7987132352941176 0.735702614379085 0.8002450980392157 0.7361111111111112 0.8002450980392157 0.7373366013071896 
5 0.8278186274509803 0.7381535947712419 0.805453431372549 0.7377450980392157 0.8051470588235294 0.7365196078431373 0.8223039215686274 0.7365196078431373 0.8278186274509803 0.7352941176470589 0.8278186274509803 0.7381535947712419 
5 0.758578431372549 0.7467320261437909 0.6430759803921569 0.7418300653594772 0.6427696078431373 0.7369281045751634 0.6547181372549019 0.7418300653594772 0.7383578431372549 0.7446895424836601 0.758578431372549 0.741421568627451 0.758578431372549 0.7467320261437909 
5 0.8455882352941176 0.7741013071895425 0.8373161764705882 0.7741013071895425 0.8370098039215687 0.7724673202614379 0.8575367647058824 0.7704248366013072 0.875 0.764297385620915 0.8737745098039216 0.7675653594771242 0.8618259803921569 0.7700163398692811 0.8566176470588235 0.7736928104575164 0.8455882352941176 0.7741013071895425 
5 0.8103553921568627 0.7757352941176471 0.8079044117647058 0.7757352941176471 0.8072916666666666 0.7741013071895425 0.8302696078431373 0.7728758169934641 0.8302696078431373 0.7745098039215687 0.8103553921568627 0.7757352941176471 
5 0.8026960784313726 0.803921568627451 0.7757352941176471 0.7900326797385621 0.7720588235294118 0.7871732026143791 0.7723651960784313 0.7830882352941176 0.7754289215686274 0.7777777777777778 0.7800245098039216 0.7732843137254902 0.7889093137254902 0.7749183006535948 0.8023897058823529 0.7741013071895425 0.8023897058823529 0.7769607843137255 0.7886029411764706 0.7769607843137255 0.7861519607843137 0.7790032679738562 0.7876838235294118 0.7839052287581699 0.7910539215686274 0.7875816993464052 0.7956495098039216 0.7900326797385621 0.803921568627451 0.7904411764705882 0.8026960784313726 0.803921568627451 
2 0.9414828431372549 0.7197712418300654 0.9384191176470589 0.7197712418300654 0.9332107843137255 0.7128267973856209 0.9283088235294118 0.7144607843137255 0.9295343137254902 0.7038398692810458 0.9264705882352942 0.6850490196078431 0.9258578431372549 0.6617647058823529 0.9371936274509803 0.6560457516339869 0.9996936274509803 0.6499183006535948 0.9996936274509803 0.7128267973856209 0.9859068627450981 0.7095588235294118 0.9810049019607843 0.7111928104575164 0.975796568627451 0.7111928104575164 0.9708946078431373 0.7079248366013072 0.9647671568627451 0.7079248366013072 0.9577205882352942 0.7111928104575164 0.9509803921568627 0.7079248366013072 0.9442401960784313 0.7132352941176471 0.9396446078431373 0.7144607843137255 0.9414828431372549 0.7197712418300654 
2 0.9708946078431373 0.6527777777777778 0.9699754901960784 0.6527777777777778 0.9708946078431373 0.6527777777777778 
2 0.5435049019607843 0.6895424836601307 0.5235906862745098 0.6862745098039216 0.4944852941176471 0.6862745098039216 0.4800857843137255 0.6842320261437909 0.4797794117647059 0.6752450980392157 0.5012254901960784 0.6727941176470589 0.5015318627450981 0.6809640522875817 0.539828431372549 0.6809640522875817 0.5410539215686274 0.6748366013071896 0.5435049019607843 0.6744281045751634 0.5435049019607843 0.6895424836601307 
2 0.5949754901960784 0.7013888888888888 0.5912990196078431 0.6993464052287581 0.5909926470588235 0.673202614379085 0.600796568627451 0.6744281045751634 0.6513480392156863 0.6748366013071896 0.6516544117647058 0.6850490196078431 0.6443014705882353 0.6862745098039216 0.6409313725490197 0.6895424836601307 0.6317401960784313 0.684640522875817 0.6243872549019608 0.6895424836601307 0.6216299019607843 0.6809640522875817 0.6200980392156863 0.6891339869281046 0.6167279411764706 0.684640522875817 0.6035539215686274 0.6879084967320261 0.5977328431372549 0.6879084967320261 0.5962009803921569 0.6899509803921569 0.5962009803921569 0.6968954248366013 0.5949754901960784 0.7013888888888888 
2 0.08823529411764706 0.6899509803921569 0.06525735294117647 0.6879084967320261 0.06403186274509803 0.6895424836601307 0.06158088235294118 0.6895424836601307 0.056372549019607844 0.684640522875817 0.05024509803921569 0.6862745098039216 0.04993872549019608 0.6879084967320261 0.033394607843137254 0.6887254901960784 0.032475490196078434 0.6797385620915033 0.030943627450980393 0.678921568627451 0.032475490196078434 0.6744281045751634 0.12990196078431374 0.6805555555555556 0.12285539215686274 0.6809640522875817 0.11948529411764706 0.6830065359477124 0.10049019607843138 0.6809640522875817 0.0940563725490196 0.6830065359477124 0.08823529411764706 0.6899509803921569 
2 0.47763480392156865 0.6838235294117647 0.3955269607843137 0.6838235294117647 0.3943014705882353 0.6809640522875817 0.39307598039215685 0.6809640522875817 0.39307598039215685 0.6772875816993464 0.44577205882352944 0.6744281045751634 0.44699754901960786 0.676062091503268 0.47794117647058826 0.6748366013071896 0.47763480392156865 0.6838235294117647 
2 0.5857843137254902 0.6956699346405228 0.5814950980392157 0.6928104575163399 0.5713848039215687 0.6895424836601307 0.5683210784313726 0.6911764705882353 0.5600490196078431 0.6895424836601307 0.5569852941176471 0.6911764705882353 0.5465686274509803 0.6899509803921569 0.5462622549019608 0.6748366013071896 0.5854779411764706 0.6744281045751634 0.5857843137254902 0.6956699346405228 
2 0.6587009803921569 0.6895424836601307 0.6580882352941176 0.6793300653594772 0.6541053921568627 0.6797385620915033 0.6537990196078431 0.6887254901960784 0.6534926470588235 0.6748366013071896 0.6685049019607843 0.6744281045751634 0.6688112745098039 0.6870915032679739 0.6681985294117647 0.684640522875817 0.6657475490196079 0.6830065359477124 0.6660539215686274 0.6875 0.6587009803921569 0.6895424836601307 
2 0.7230392156862745 0.6911764705882353 0.6850490196078431 0.6895424836601307 0.6758578431372549 0.6862745098039216 0.6712622549019608 0.6870915032679739 0.6706495098039216 0.6785130718954249 0.6731004901960784 0.6781045751633987 0.6734068627450981 0.6748366013071896 0.725796568627451 0.676062091503268 0.7261029411764706 0.681781045751634 0.7230392156862745 0.6834150326797386 0.7230392156862745 0.6911764705882353 
2 0.00030637254901960784 0.6928104575163399 0.0 0.676062091503268 0.0196078431372549 0.6781045751633987 0.018995098039215685 0.6891339869281046 0.003676470588235294 0.6895424836601307 0.00030637254901960784 0.6928104575163399 
2 0.7999387254901961 0.7308006535947712 0.7665441176470589 0.7299836601307189 0.7686887254901961 0.7218137254901961 0.772671568627451 0.7181372549019608 0.7754289215686274 0.7124183006535948 0.7763480392156863 0.7079248366013072 0.7751225490196079 0.7026143790849673 0.7763480392156863 0.6964869281045751 0.772671568627451 0.693218954248366 0.7711397058823529 0.6895424836601307 0.7686887254901961 0.6895424836601307 0.7653186274509803 0.6928104575163399 0.7598039215686274 0.6895424836601307 0.7561274509803921 0.6911764705882353 0.7524509803921569 0.696078431372549 0.7515318627450981 0.6956699346405228 0.7536764705882353 0.6915849673202614 0.7484681372549019 0.6879084967320261 0.7417279411764706 0.6911764705882353 0.7362132352941176 0.6911764705882353 0.7359068627450981 0.6879084967320261 0.7300857843137255 0.6866830065359477 0.7297794117647058 0.6764705882352942 0.7674632352941176 0.676062091503268 0.7677696078431373 0.6866830065359477 0.7974877450980392 0.6887254901960784 0.7999387254901961 0.7308006535947712 
2 0.38265931372549017 0.6870915032679739 0.3694852941176471 0.6866830065359477 0.36917892156862747 0.6781045751633987 0.38296568627450983 0.6772875816993464 0.38265931372549017 0.6870915032679739 
2 0.021139705882352942 0.6781045751633987 0.01991421568627451 0.6781045751633987 0.021139705882352942 0.6781045751633987 
2 0.17310049019607843 0.6895424836601307 0.171875 0.6895424836601307 0.17003676470588236 0.6838235294117647 0.16636029411764705 0.6813725490196079 0.14552696078431374 0.6813725490196079 0.16329656862745098 0.6793300653594772 0.1868872549019608 0.6793300653594772 0.1951593137254902 0.681781045751634 0.19362745098039216 0.6850490196078431 0.1868872549019608 0.6862745098039216 0.18504901960784315 0.6887254901960784 0.17830882352941177 0.6879084967320261 0.17310049019607843 0.6895424836601307 
2 0.8275122549019608 0.7320261437908496 0.8048406862745098 0.7312091503267973 0.8030024509803921 0.6968954248366013 0.8100490196078431 0.6964869281045751 0.8100490196078431 0.6895424836601307 0.819546568627451 0.6899509803921569 0.8201593137254902 0.693218954248366 0.8247549019607843 0.6924019607843137 0.8250612745098039 0.696078431372549 0.8223039215686274 0.6964869281045751 0.8186274509803921 0.7050653594771242 0.821078431372549 0.7116013071895425 0.8265931372549019 0.7201797385620915 0.8275122549019608 0.7320261437908496 
2 0.8388480392156863 0.6948529411764706 0.8370098039215687 0.6940359477124183 0.8373161764705882 0.690359477124183 0.8670343137254902 0.6911764705882353 0.866421568627451 0.6944444444444444 0.8627450980392157 0.6944444444444444 0.8590686274509803 0.6911764705882353 0.8544730392156863 0.6944444444444444 0.8428308823529411 0.6928104575163399 0.8388480392156863 0.6948529411764706 
2 0.8740808823529411 0.6928104575163399 0.8704044117647058 0.6928104575163399 0.8694852941176471 0.6911764705882353 0.8746936274509803 0.6907679738562091 0.8740808823529411 0.6928104575163399 
2 0.6001838235294118 0.7234477124183006 0.5934436274509803 0.7222222222222222 0.5940563725490197 0.7218137254901961 0.5916053921568627 0.7185457516339869 0.5919117647058824 0.7160947712418301 0.5940563725490197 0.7185457516339869 0.5943627450980392 0.7177287581699346 0.5952818627450981 0.7136437908496732 0.5952818627450981 0.7034313725490197 0.5974264705882353 0.701797385620915 0.6011029411764706 0.7091503267973857 0.602328431372549 0.7144607843137255 0.6001838235294118 0.7148692810457516 0.6001838235294118 0.7234477124183006 
2 0.5634191176470589 0.7160947712418301 0.5557598039215687 0.7140522875816994 0.5600490196078431 0.7050653594771242 0.5625 0.7116013071895425 0.5634191176470589 0.7160947712418301 
2 0.5842524509803921 0.7197712418300654 0.5821078431372549 0.7189542483660131 0.5818014705882353 0.7173202614379085 0.5827205882352942 0.7116013071895425 0.585171568627451 0.7083333333333334 0.5860906862745098 0.7099673202614379 0.5860906862745098 0.7185457516339869 0.5842524509803921 0.7197712418300654 
2 0.6902573529411765 0.7271241830065359 0.6734068627450981 0.7258986928104575 0.6721813725490197 0.7111928104575164 0.6767769607843137 0.7083333333333334 0.6798406862745098 0.7083333333333334 0.6825980392156863 0.7107843137254902 0.6893382352941176 0.7185457516339869 0.6902573529411765 0.7271241830065359 
2 0.6525735294117647 0.7250816993464052 0.6259191176470589 0.7234477124183006 0.6280637254901961 0.7197712418300654 0.6256127450980392 0.7120098039215687 0.6289828431372549 0.7116013071895425 0.6430759803921569 0.7169117647058824 0.6525735294117647 0.7185457516339869 0.6525735294117647 0.7250816993464052 
2 0.6703431372549019 0.7258986928104575 0.6620710784313726 0.7254901960784313 0.6654411764705882 0.7152777777777778 0.6697303921568627 0.7124183006535948 0.6703431372549019 0.7258986928104575 
2 0.8575367647058824 0.7336601307189542 0.8431372549019608 0.7328431372549019 0.8416053921568627 0.7201797385620915 0.8452818627450981 0.7148692810457516 0.8501838235294118 0.7181372549019608 0.8541666666666666 0.7254901960784313 0.8575367647058824 0.7336601307189542 
2 0.7104779411764706 0.7283496732026143 0.6917892156862745 0.7271241830065359 0.6948529411764706 0.7214052287581699 0.6982230392156863 0.7201797385620915 0.7018995098039216 0.7169117647058824 0.7043504901960784 0.7169117647058824 0.7043504901960784 0.7201797385620915 0.7083333333333334 0.7238562091503268 0.7104779411764706 0.7283496732026143 
2 0.7288602941176471 0.7295751633986928 0.7120098039215687 0.7287581699346405 0.7107843137254902 0.7283496732026143 0.7107843137254902 0.7234477124183006 0.7181372549019608 0.7169117647058824 0.725796568627451 0.7185457516339869 0.7288602941176471 0.7295751633986928 
2 0.7659313725490197 0.7299836601307189 0.7484681372549019 0.7295751633986928 0.7515318627450981 0.7214052287581699 0.7613357843137255 0.7169117647058824 0.7634803921568627 0.7185457516339869 0.7634803921568627 0.7234477124183006 0.7659313725490197 0.7299836601307189 
2 0.7481617647058824 0.7299836601307189 0.7362132352941176 0.7299836601307189 0.7359068627450981 0.7197712418300654 0.7386642156862745 0.7185457516339869 0.7423406862745098 0.7234477124183006 0.7432598039215687 0.7222222222222222 0.7432598039215687 0.7250816993464052 0.7481617647058824 0.7299836601307189 
2 0.6602328431372549 0.7254901960784313 0.6553308823529411 0.7250816993464052 0.6550245098039216 0.7197712418300654 0.6565563725490197 0.7197712418300654 0.6577818627450981 0.7234477124183006 0.6602328431372549 0.7254901960784313 
2 0.9996936274509803 0.8071895424836601 0.9436274509803921 0.7953431372549019 0.9457720588235294 0.7953431372549019 0.9494485294117647 0.7818627450980392 0.9546568627450981 0.7736928104575164 0.9558823529411765 0.755718954248366 0.960171568627451 0.7553104575163399 0.9656862745098039 0.758578431372549 0.9678308823529411 0.7696078431372549 0.9761029411764706 0.7863562091503268 0.9794730392156863 0.8022875816993464 0.9898897058823529 0.803921568627451 0.9898897058823529 0.7855392156862745 0.9984681372549019 0.7753267973856209 0.9996936274509803 0.7205882352941176 0.9996936274509803 0.8071895424836601 
2 0.6253063725490197 0.7234477124183006 0.6207107843137255 0.7234477124183006 0.6204044117647058 0.7218137254901961 0.6253063725490197 0.7234477124183006 
2 0.8753063725490197 0.7344771241830066 0.8639705882352942 0.7340686274509803 0.8642769607843137 0.7254901960784313 0.867953431372549 0.7258986928104575 0.8704044117647058 0.7336601307189542 0.8716299019607843 0.7222222222222222 0.8737745098039216 0.7218137254901961 0.8753063725490197 0.7344771241830066 
2 0.8909313725490197 0.7352941176470589 0.8759191176470589 0.7340686274509803 0.8795955882352942 0.7234477124183006 0.8863357843137255 0.7234477124183006 0.8903186274509803 0.7246732026143791 0.8909313725490197 0.7352941176470589 
2 0.9074754901960784 0.7863562091503268 0.9041053921568627 0.7855392156862745 0.9074754901960784 0.7851307189542484 0.9074754901960784 0.7863562091503268 
2 0.9430147058823529 0.7949346405228758 0.9417892156862745 0.7949346405228758 0.9430147058823529 0.7949346405228758 
3 0.26378676470588236 0.6883169934640523 0.2533700980392157 0.6883169934640523 0.25183823529411764 0.6838235294117647 0.26409313725490197 0.6830065359477124 0.26378676470588236 0.6883169934640523 
3 0.2662377450980392 0.6883169934640523 0.2653186274509804 0.6883169934640523 0.2659313725490196 0.6830065359477124 0.2665441176470588 0.6834150326797386 0.2662377450980392 0.6883169934640523 
3 0.26838235294117646 0.6883169934640523 0.26838235294117646 0.6830065359477124 0.26838235294117646 0.6883169934640523 
3 0.2821691176470588 0.6883169934640523 0.2775735294117647 0.6883169934640523 0.2769607843137255 0.6842320261437909 0.2821691176470588 0.6842320261437909 0.2821691176470588 0.6883169934640523 
3 0.29871323529411764 0.690359477124183 0.2821691176470588 0.6887254901960784 0.28370098039215685 0.6883169934640523 0.28400735294117646 0.6842320261437909 0.2977941176470588 0.6854575163398693 0.29871323529411764 0.6866830065359477 0.29901960784313725 0.6854575163398693 0.29871323529411764 0.690359477124183 
3 0.24080882352941177 0.7201797385620915 0.23988970588235295 0.7201797385620915 0.24050245098039216 0.7144607843137255 0.25275735294117646 0.7120098039215687 0.25306372549019607 0.7087418300653595 0.2610294117647059 0.6977124183006536 0.26746323529411764 0.6981209150326797 0.26838235294117646 0.6968954248366013 0.26868872549019607 0.6981209150326797 0.2711397058823529 0.6981209150326797 0.27236519607843135 0.696078431372549 0.2977941176470588 0.6924019607843137 0.3002450980392157 0.693218954248366 0.3008578431372549 0.6919934640522876 0.30606617647058826 0.6915849673202614 0.3005514705882353 0.690359477124183 0.3008578431372549 0.6858660130718954 0.3088235294117647 0.6862745098039216 0.3088235294117647 0.6899509803921569 0.31004901960784315 0.6899509803921569 0.31035539215686275 0.6862745098039216 0.3112745098039216 0.6858660130718954 0.31096813725490197 0.6915849673202614 0.3128063725490196 0.6915849673202614 0.3137254901960784 0.6854575163398693 0.31525735294117646 0.6875 0.31495098039215685 0.6915849673202614 0.3174019607843137 0.6928104575163399 0.3177083333333333 0.6948529411764706 0.3112745098039216 0.7001633986928104 0.2775735294117647 0.7132352941176471 0.25183823529411764 0.7193627450980392 0.2503063725490196 0.7193627450980392 0.2512254901960784 0.7165032679738562 0.24724264705882354 0.7165032679738562 0.24080882352941177 0.7201797385620915 
3 0.2349877450980392 0.7214052287581699 0.22089460784313725 0.7197712418300654 0.22579656862745098 0.7181372549019608 0.23223039215686275 0.7201797385620915 0.23284313725490197 0.7165032679738562 0.23713235294117646 0.7152777777777778 0.23682598039215685 0.7201797385620915 0.23897058823529413 0.7205882352941176 0.2349877450980392 0.7214052287581699 
