0 0.26884920634920634 0.7496693121693122 0.2681051587301587 0.7496693121693122 0.26860119047619047 0.7473544973544973 0.27554563492063494 0.7463624338624338 0.29389880952380953 0.746031746031746 0.3040674603174603 0.7476851851851852 0.3038194444444444 0.7490079365079365 0.28249007936507936 0.748015873015873 0.26884920634920634 0.7496693121693122 
0 0.21899801587301587 0.7562830687830688 0.21726190476190477 0.7562830687830688 0.21626984126984128 0.7536375661375662 0.26537698412698413 0.748015873015873 0.26537698412698413 0.75 0.21899801587301587 0.7562830687830688 
0 0.5406746031746031 0.7658730158730159 0.5379464285714286 0.7638888888888888 0.5406746031746031 0.7638888888888888 0.5406746031746031 0.7658730158730159 
0 0.609375 0.7867063492063492 0.5669642857142857 0.77744708994709 0.5622519841269841 0.7781084656084656 0.564484126984127 0.7748015873015873 0.5632440476190477 0.7728174603174603 0.5473710317460317 0.7681878306878307 0.5471230158730159 0.7662037037037037 0.5682043650793651 0.7724867724867724 0.5694444444444444 0.7764550264550265 0.6101190476190477 0.7843915343915344 0.6101190476190477 0.7863756613756614 0.609375 0.7867063492063492 
0 0.30505952380952384 0.8019179894179894 0.09523809523809523 0.7982804232804233 0.10243055555555555 0.7906746031746031 0.10590277777777778 0.7906746031746031 0.15922619047619047 0.7926587301587301 0.16021825396825398 0.794973544973545 0.1671626984126984 0.7992724867724867 0.17906746031746032 0.798941798941799 0.18452380952380953 0.7966269841269841 0.19270833333333334 0.7992724867724867 0.19816468253968253 0.7982804232804233 0.20262896825396826 0.7959656084656085 0.20535714285714285 0.7893518518518519 0.21254960317460317 0.7880291005291006 0.3072916666666667 0.7906746031746031 0.30505952380952384 0.8019179894179894 
0 0.05009920634920635 0.7972883597883598 0.0 0.7966269841269841 0.0 0.7893518518518519 0.046378968253968256 0.7900132275132276 0.05009920634920635 0.7972883597883598 
0 0.6130952380952381 0.8075396825396826 0.6086309523809523 0.8048941798941799 0.6212797619047619 0.7972883597883598 0.6252480158730159 0.7936507936507936 0.6222718253968254 0.7903439153439153 0.6202876984126984 0.7900132275132276 0.6200396825396826 0.7890211640211641 0.6235119047619048 0.7890211640211641 0.6307043650793651 0.792989417989418 0.6319444444444444 0.796957671957672 0.6316964285714286 0.8019179894179894 0.6294642857142857 0.8039021164021164 0.6130952380952381 0.8075396825396826 
0 0.34375 0.8025793650793651 0.32688492063492064 0.8022486772486772 0.3246527777777778 0.7913359788359788 0.34697420634920634 0.7916666666666666 0.3444940476190476 0.7979497354497355 0.34375 0.8025793650793651 
0 0.3169642857142857 0.8022486772486772 0.31299603174603174 0.8019179894179894 0.3152281746031746 0.796957671957672 0.3169642857142857 0.8022486772486772 
0 0.591765873015873 0.8068783068783069 0.5491071428571429 0.8062169312169312 0.5461309523809523 0.7972883597883598 0.5528273809523809 0.796957671957672 0.5709325396825397 0.7992724867724867 0.5905257936507936 0.8048941798941799 0.591765873015873 0.8068783068783069 
1 0.7018849206349206 0.7589285714285714 0.6966765873015873 0.7526455026455027 0.6847718253968254 0.7509920634920635 0.6778273809523809 0.7506613756613757 0.6736111111111112 0.7556216931216931 0.6716269841269841 0.7529761904761905 0.667906746031746 0.7549603174603174 0.6649305555555556 0.7493386243386243 0.6708829365079365 0.7503306878306878 0.6808035714285714 0.7496693121693122 0.7095734126984127 0.7529761904761905 0.707093253968254 0.7533068783068783 0.7018849206349206 0.7589285714285714 
1 0.7279265873015873 0.7536375661375662 0.7212301587301587 0.7529761904761905 0.7279265873015873 0.7536375661375662 
1 0.7368551587301587 0.7589285714285714 0.7286706349206349 0.753968253968254 0.7403273809523809 0.7552910052910053 0.7368551587301587 0.7589285714285714 
5 0.6123511904761905 0.8072089947089947 0.5922619047619048 0.8072089947089947 0.5905257936507936 0.8052248677248677 0.6091269841269841 0.8048941798941799 0.6123511904761905 0.8072089947089947 
5 0.591765873015873 0.8072089947089947 0.5880456349206349 0.8072089947089947 0.591765873015873 0.8072089947089947 
