0 0.19678714859437751 0.6874163319946452 0.196285140562249 0.6860776439089692 0.19728915662650603 0.6854082998661312 0.20833333333333334 0.6827309236947792 0.21310240963855423 0.679718875502008 0.22088353413654618 0.677376171352075 0.22264056224899598 0.6763721552878179 0.22515060240963855 0.6726907630522089 0.2289156626506024 0.6730254350736279 0.22866465863453816 0.6743641231593038 0.22515060240963855 0.6750334672021419 0.2191265060240964 0.679718875502008 0.19678714859437751 0.6874163319946452 
0 0.47540160642570284 0.6880856760374833 0.4748995983935743 0.6850736278447122 0.47565261044176704 0.6854082998661312 0.47540160642570284 0.6880856760374833 
0 0.5017570281124498 0.6921017402945113 0.4789156626506024 0.6894243641231593 0.4779116465863454 0.6890896921017403 0.4779116465863454 0.6857429718875502 0.5022590361445783 0.6874163319946452 0.5017570281124498 0.6921017402945113 
0 0.4402610441767068 0.6870816599732262 0.4402610441767068 0.6860776439089692 0.4402610441767068 0.6870816599732262 
0 0.14733935742971888 0.6941097724230254 0.1460843373493976 0.6937751004016064 0.14633534136546184 0.6917670682730924 0.1875 0.6877510040160643 0.18699799196787148 0.6894243641231593 0.14733935742971888 0.6941097724230254 
0 0.44879518072289154 0.6924364123159303 0.44854417670682734 0.6884203480589023 0.45130522088353414 0.6884203480589023 0.44879518072289154 0.6924364123159303 
0 0.4643574297188755 0.6957831325301205 0.4608433734939759 0.6954484605087015 0.45732931726907633 0.6904283801874164 0.46460843373493976 0.6917670682730924 0.4643574297188755 0.6957831325301205 
0 0.48343373493975905 0.6984605087014726 0.4691265060240964 0.6964524765729585 0.46862449799196787 0.6931057563587684 0.48343373493975905 0.6964524765729585 0.48343373493975905 0.6984605087014726 
0 0.5823293172690763 0.7101740294511378 0.5366465863453815 0.7038152610441767 0.5353915662650602 0.6974564926372155 0.5820783132530121 0.7034805890227577 0.5823293172690763 0.7101740294511378 
0 0.5072791164658634 0.7178714859437751 0.45306224899598396 0.7034805890227577 0.45607429718875503 0.7028112449799196 0.45732931726907633 0.7004685408299867 0.4598393574297189 0.6994645247657296 0.46937751004016065 0.6997991967871486 0.47565261044176704 0.7014725568942436 0.5095381526104418 0.7108433734939759 0.5072791164658634 0.7178714859437751 
0 0.8245481927710844 0.7556894243641231 0.5870983935742972 0.7111780455153949 0.5863453815261044 0.7108433734939759 0.5863453815261044 0.7044846050870147 0.6340361445783133 0.7101740294511378 0.822289156626506 0.7392904953145917 0.8235441767068273 0.7406291834002677 0.8245481927710844 0.7556894243641231 
0 0.5818273092369478 0.7386211512717537 0.5363955823293173 0.7259036144578314 0.5389056224899599 0.7188755020080321 0.5818273092369478 0.7289156626506024 0.5818273092369478 0.7386211512717537 
0 0.8265562248995983 0.8058902275769746 0.5953815261044176 0.7426372155287818 0.5933734939759037 0.7406291834002677 0.5860943775100401 0.7389558232931727 0.5858433734939759 0.7305890227576974 0.7035642570281124 0.7570281124497992 0.8265562248995983 0.786813922356091 0.8275602409638554 0.7955153949129853 0.8275602409638554 0.7968540829986613 0.8263052208835341 0.7971887550200804 0.8265562248995983 0.8058902275769746 
0 0.9997489959839357 0.785475234270415 0.8619477911646586 0.7630522088353414 0.8609437751004017 0.7627175368139224 0.8599397590361446 0.7456492637215528 0.9997489959839357 0.7667336010709505 0.9997489959839357 0.785475234270415 
0 0.9997489959839357 0.8524096385542169 0.9696285140562249 0.8457161981258366 0.8664658634538153 0.8169344042838019 0.8654618473895582 0.8005354752342704 0.8629518072289156 0.7988621151271754 0.8629518072289156 0.7961847389558233 0.9997489959839357 0.8286479250334672 0.9997489959839357 0.8524096385542169 
1 0.2331827309236948 0.6362115127175368 0.2319277108433735 0.6355421686746988 0.23217871485943775 0.6291834002677377 0.23368473895582328 0.6298527443105756 0.2331827309236948 0.6362115127175368 
1 0.24447791164658633 0.6378848728246319 0.24096385542168675 0.6378848728246319 0.2419678714859438 0.6305220883534136 0.2464859437751004 0.6311914323962516 0.24623493975903615 0.6338688085676037 0.24447791164658633 0.6378848728246319 
1 0.23694779116465864 0.6378848728246319 0.23443775100401607 0.6375502008032129 0.23694779116465864 0.6378848728246319 
