0 0.8453125 0.5359375 0.7578125 0.5145833333333333 0.718359375 0.5083333333333333 0.71640625 0.5078125 0.716796875 0.5036458333333333 0.776171875 0.5125 0.835546875 0.5260416666666666 0.848046875 0.5333333333333333 0.8453125 0.5359375 
0 0.14140625 0.9994791666666667 0.0 0.9994791666666667 0.0 0.9890625 0.05390625 0.9510416666666667 0.228515625 0.8385416666666666 0.348828125 0.7447916666666666 0.453125 0.6526041666666667 0.51875 0.590625 0.536328125 0.5588541666666667 0.5421875 0.53125 0.53671875 0.5166666666666667 0.53203125 0.5135416666666667 0.5265625 0.5046875 0.53359375 0.5072916666666667 0.5421875 0.5182291666666666 0.547265625 0.5317708333333333 0.54765625 0.5635416666666667 0.538671875 0.5895833333333333 0.533984375 0.6026041666666667 0.49453125 0.65625 0.449609375 0.7088541666666667 0.33828125 0.8208333333333333 0.14140625 0.9994791666666667 
0 0.999609375 0.5802083333333333 0.959765625 0.5692708333333333 0.951171875 0.5651041666666666 0.9453125 0.5651041666666666 0.89921875 0.5515625 0.901953125 0.5484375 0.909765625 0.5463541666666667 0.95390625 0.5598958333333334 0.999609375 0.5713541666666667 0.999609375 0.5802083333333333 
0 0.897265625 0.5505208333333333 0.895703125 0.5505208333333333 0.897265625 0.5505208333333333 
0 0.89921875 0.5510416666666667 0.89765625 0.5510416666666667 0.89921875 0.5510416666666667 
1 0.23828125 0.43072916666666666 0.068359375 0.40989583333333335 0.07109375 0.35208333333333336 0.101171875 0.35833333333333334 0.10078125 0.3390625 0.105859375 0.33541666666666664 0.109375 0.33541666666666664 0.109765625 0.3411458333333333 0.1078125 0.3484375 0.107421875 0.3578125 0.1390625 0.36770833333333336 0.141796875 0.36822916666666666 0.141796875 0.35625 0.1375 0.3463541666666667 0.145703125 0.3463541666666667 0.1484375 0.3489583333333333 0.145703125 0.3651041666666667 0.14765625 0.36822916666666666 0.178515625 0.3765625 0.178515625 0.3671875 0.176953125 0.35989583333333336 0.1828125 0.3572916666666667 0.18359375 0.3651041666666667 0.18203125 0.37395833333333334 0.186328125 0.3770833333333333 0.20390625 0.38385416666666666 0.205859375 0.37083333333333335 0.21171875 0.36614583333333334 0.212890625 0.3765625 0.2125 0.38385416666666666 0.241015625 0.39166666666666666 0.23828125 0.43072916666666666 
1 0.579296875 0.48541666666666666 0.56875 0.484375 0.553515625 0.48020833333333335 0.5375 0.48125 0.53828125 0.4479166666666667 0.560546875 0.44635416666666666 0.5609375 0.44479166666666664 0.576953125 0.4484375 0.603125 0.45 0.60234375 0.45260416666666664 0.5921875 0.45260416666666664 0.584375 0.46458333333333335 0.57421875 0.46875 0.5703125 0.47239583333333335 0.570703125 0.4791666666666667 0.576171875 0.484375 0.579296875 0.48541666666666666 
1 0.53515625 0.48125 0.528125 0.48125 0.514453125 0.478125 0.516796875 0.4453125 0.53671875 0.4479166666666667 0.53515625 0.48125 
1 0.530859375 0.4625 0.530859375 0.45 0.526953125 0.44895833333333335 0.52578125 0.4625 0.530859375 0.4625 
1 0.727734375 0.4947916666666667 0.7171875 0.4947916666666667 0.715625 0.4828125 0.7125 0.478125 0.71328125 0.47552083333333334 0.7125 0.4739583333333333 0.7078125 0.4703125 0.704296875 0.4635416666666667 0.69140625 0.4546875 0.68359375 0.4546875 0.682421875 0.4505208333333333 0.694921875 0.45 0.7453125 0.4557291666666667 0.74375 0.47708333333333336 0.73359375 0.4744791666666667 0.730078125 0.47760416666666666 0.72734375 0.48385416666666664 0.729296875 0.49166666666666664 0.727734375 0.4947916666666667 
1 0.58671875 0.4875 0.580859375 0.4869791666666667 0.5796875 0.48541666666666666 0.580859375 0.48489583333333336 0.583203125 0.465625 0.59296875 0.4661458333333333 0.588671875 0.47239583333333335 0.58671875 0.4875 
5 0.899609375 0.5510416666666667 0.8453125 0.5359375 0.849609375 0.5322916666666667 0.902734375 0.5463541666666667 0.899609375 0.5510416666666667 
2 0.0 0.5473958333333333 0.0 0.296875 0.00625 0.3015625 0.02265625 0.2833333333333333 0.03515625 0.271875 0.046484375 0.2640625 0.06640625 0.290625 0.07578125 0.3151041666666667 0.07109375 0.3484375 0.068359375 0.40989583333333335 0.23828125 0.43072916666666666 0.242578125 0.37135416666666665 0.276953125 0.3776041666666667 0.28203125 0.4041666666666667 0.303125 0.4171875 0.307421875 0.42864583333333334 0.310546875 0.4473958333333333 0.318359375 0.45416666666666666 0.327734375 0.45364583333333336 0.334765625 0.44947916666666665 0.345703125 0.43854166666666666 0.353125 0.4270833333333333 0.390234375 0.43645833333333334 0.39296875 0.43645833333333334 0.393359375 0.4328125 0.40078125 0.43333333333333335 0.40078125 0.4552083333333333 0.398828125 0.47708333333333336 0.391015625 0.4739583333333333 0.3859375 0.48020833333333335 0.375 0.48541666666666666 0.36171875 0.496875 0.32734375 0.503125 0.287109375 0.5005208333333333 0.2734375 0.4947916666666667 0.269140625 0.5088541666666667 0.045703125 0.5395833333333333 0.0 0.5473958333333333 
2 0.999609375 0.55 0.9890625 0.55 0.951953125 0.5432291666666667 0.925 0.5322916666666667 0.9265625 0.4979166666666667 0.930859375 0.4979166666666667 0.93203125 0.48854166666666665 0.93203125 0.4864583333333333 0.92734375 0.4864583333333333 0.929296875 0.45729166666666665 0.9453125 0.4546875 0.999609375 0.46145833333333336 0.999609375 0.55 
2 0.8609375 0.51875 0.764453125 0.5052083333333334 0.7640625 0.5015625 0.766796875 0.5005208333333333 0.76796875 0.490625 0.765234375 0.48385416666666664 0.74375 0.47708333333333336 0.74453125 0.45677083333333335 0.865625 0.4583333333333333 0.8609375 0.51875 
2 0.919140625 0.5302083333333333 0.90546875 0.5244791666666667 0.866015625 0.5192708333333333 0.86796875 0.4901041666666667 0.86875 0.48802083333333335 0.873046875 0.48854166666666665 0.8734375 0.46979166666666666 0.86953125 0.46875 0.8703125 0.4588541666666667 0.908203125 0.45989583333333334 0.92421875 0.4583333333333333 0.919140625 0.5302083333333333 
