0 0.3209325396825397 0.7648809523809523 0.3196924603174603 0.7648809523809523 0.3196924603174603 0.7599206349206349 0.34151785714285715 0.7585978835978836 0.34226190476190477 0.7609126984126984 0.3209325396825397 0.7648809523809523 
0 0.7351190476190477 0.7906746031746031 0.6984126984126984 0.7824074074074074 0.7222222222222222 0.7853835978835979 0.7346230158730159 0.7883597883597884 0.7351190476190477 0.7906746031746031 
0 0.9997519841269841 0.9540343915343915 0.9017857142857143 0.9262566137566137 0.8628472222222222 0.9093915343915344 0.8489583333333334 0.8958333333333334 0.84375 0.8763227513227513 0.8425099206349206 0.857473544973545 0.8526785714285714 0.8369708994708994 0.8392857142857143 0.8283730158730159 0.7457837301587301 0.7933201058201058 0.7475198412698413 0.783068783068783 0.7926587301587301 0.7976190476190477 0.8467261904761905 0.8134920634920635 0.8692956349206349 0.8237433862433863 0.8767361111111112 0.8306878306878307 0.8720238095238095 0.841931216931217 0.8603670634920635 0.857473544973545 0.8658234126984127 0.8673941798941799 0.8970734126984127 0.8908730158730159 0.9997519841269841 0.9259259259259259 0.9997519841269841 0.9540343915343915 
0 0.0 0.833994708994709 0.0 0.8134920634920635 0.022569444444444444 0.8098544973544973 0.01711309523809524 0.8171296296296297 0.015128968253968254 0.830026455026455 0.0 0.833994708994709 
2 0.9784226190476191 0.6960978835978836 0.96875 0.6703042328042328 0.9903273809523809 0.6676587301587301 0.9784226190476191 0.6960978835978836 
2 0.8747519841269841 0.7718253968253969 0.8278769841269841 0.7652116402116402 0.8278769841269841 0.7096560846560847 0.8328373015873016 0.6967592592592593 0.8340773809523809 0.6908068783068783 0.888640873015873 0.6815476190476191 0.908234126984127 0.6815476190476191 0.9139384920634921 0.6772486772486772 0.9295634920634921 0.6746031746031746 0.9548611111111112 0.6716269841269841 0.9573412698412699 0.6716269841269841 0.9593253968253969 0.6746031746031746 0.9608134920634921 0.6772486772486772 0.9670138888888888 0.7003968253968254 0.9732142857142857 0.7182539682539683 0.9744543650793651 0.7321428571428571 0.9769345238095238 0.7414021164021164 0.9761904761904762 0.7427248677248677 0.9747023809523809 0.7443783068783069 0.9434523809523809 0.7450396825396826 0.9432043650793651 0.7466931216931217 0.9357638888888888 0.7414021164021164 0.921875 0.7380952380952381 0.9067460317460317 0.7437169312169312 0.8856646825396826 0.7450396825396826 0.873015873015873 0.75 0.8702876984126984 0.7536375661375662 0.8702876984126984 0.7572751322751323 0.8747519841269841 0.7718253968253969 
2 0.8162202380952381 0.763558201058201 0.7941468253968254 0.7605820105820106 0.7938988095238095 0.7453703703703703 0.792906746031746 0.7440476190476191 0.7926587301587301 0.7390873015873016 0.7951388888888888 0.718584656084656 0.792906746031746 0.7136243386243386 0.7889384920634921 0.7096560846560847 0.7834821428571429 0.71494708994709 0.7872023809523809 0.7298280423280423 0.7881944444444444 0.7374338624338624 0.7849702380952381 0.7331349206349206 0.7475198412698413 0.7301587301587301 0.7472718253968254 0.7208994708994709 0.7485119047619048 0.7116402116402116 0.7537202380952381 0.7066798941798942 0.7574404761904762 0.7066798941798942 0.7609126984126984 0.7116402116402116 0.7609126984126984 0.7251984126984127 0.7648809523809523 0.728505291005291 0.7661210317460317 0.7251984126984127 0.7663690476190477 0.7086640211640212 0.7725694444444444 0.71494708994709 0.7750496031746031 0.7166005291005291 0.7775297619047619 0.7166005291005291 0.7837301587301587 0.7116402116402116 0.7864583333333334 0.6997354497354498 0.8062996031746031 0.6951058201058201 0.8112599206349206 0.7017195767195767 0.8162202380952381 0.7182539682539683 0.8162202380952381 0.763558201058201 
2 0.9995039682539683 0.7437169312169312 0.9918154761904762 0.7433862433862434 0.9947916666666666 0.71494708994709 0.9997519841269841 0.7083333333333334 0.9995039682539683 0.7437169312169312 
3 0.4935515873015873 0.7642195767195767 0.4905753968253968 0.7642195767195767 0.4913194444444444 0.7625661375661376 0.4935515873015873 0.7625661375661376 0.4935515873015873 0.7642195767195767 
3 0.46130952380952384 0.7761243386243386 0.4573412698412698 0.7761243386243386 0.45882936507936506 0.7741402116402116 0.4603174603174603 0.7741402116402116 0.4615575396825397 0.7748015873015873 0.46130952380952384 0.7761243386243386 
3 0.47643849206349204 0.7764550264550265 0.47668650793650796 0.7741402116402116 0.4801587301587302 0.7744708994708994 0.4806547619047619 0.7761243386243386 0.47643849206349204 0.7764550264550265 
3 0.42237103174603174 0.8022486772486772 0.41865079365079366 0.8019179894179894 0.41691468253968256 0.8005952380952381 0.4176587301587302 0.798941798941799 0.4228670634920635 0.7992724867724867 0.42237103174603174 0.8022486772486772 
3 0.45089285714285715 0.8025793650793651 0.44419642857142855 0.8025793650793651 0.44717261904761907 0.7996031746031746 0.4503968253968254 0.7996031746031746 0.45089285714285715 0.8025793650793651 
3 0.3179563492063492 0.8766534391534392 0.3090277777777778 0.8756613756613757 0.31101190476190477 0.8707010582010583 0.31374007936507936 0.8700396825396826 0.32068452380952384 0.871031746031746 0.3211805555555556 0.8723544973544973 0.3179563492063492 0.8766534391534392 
3 0.36929563492063494 0.8792989417989417 0.35714285714285715 0.8792989417989417 0.3603670634920635 0.8743386243386243 0.36904761904761907 0.8743386243386243 0.36929563492063494 0.8792989417989417 
