0 0.6493108728943339 0.6500612494895875 0.6496171516079633 0.648019599836668 0.6655436447166921 0.6447529603919967 0.6655436447166921 0.6459779501837485 0.6493108728943339 0.6500612494895875 
0 0.77947932618683 0.7047774601878317 0.7424196018376723 0.6933442221314823 0.6728943338437978 0.6659861167823602 0.6306278713629403 0.6553695385871784 0.6318529862174579 0.652511229073091 0.6453292496171517 0.6492445896284198 0.6453292496171517 0.6508779093507554 0.636447166921899 0.6533278889342589 0.6416539050535988 0.6553695385871784 0.6572741194486983 0.6565945283789302 0.7807044410413476 0.6937525520620661 0.77947932618683 0.7047774601878317 
0 0.23767228177641653 0.735810534912209 0.23644716692189893 0.735810534912209 0.23614088820826953 0.7243772968558595 0.2352220520673813 0.7207023274806044 0.23736600306278713 0.717844017966517 0.4131699846860643 0.6708860759493671 0.4643185298621746 0.6602694977541854 0.4643185298621746 0.6643527970600245 0.41960183767228176 0.6774193548387096 0.23767228177641653 0.735810534912209 
0 0.9996937212863706 0.7844017966516945 0.8437978560490046 0.7247856267864434 0.822052067381317 0.7182523478971009 0.8171516079632466 0.7060024499795835 0.9996937212863706 0.7599020008166598 0.9996937212863706 0.7844017966516945 
1 0.33751914241960185 0.6672111065741119 0.3350689127105666 0.6672111065741119 0.3350689127105666 0.6614944875459371 0.34027565084226646 0.6561861984483462 0.3460949464012251 0.6594528378930176 0.35160796324655436 0.6561861984483462 0.3592649310872894 0.6582278481012658 0.3592649310872894 0.6651694569211923 0.33751914241960185 0.6672111065741119 
1 0.23675344563552833 0.6786443446304614 0.23124042879019907 0.6786443446304614 0.2315467075038285 0.6643527970600245 0.2343032159264931 0.6639444671294406 0.2462480857580398 0.6672111065741119 0.2462480857580398 0.6782360146998775 0.23675344563552833 0.6786443446304614 
1 0.22817764165390506 0.6786443446304614 0.22725880551301683 0.6786443446304614 0.22725880551301683 0.6647611269906084 0.22817764165390506 0.6651694569211923 0.22817764165390506 0.6786443446304614 
1 0.22450229709035222 0.6790526745610453 0.21776416539050536 0.6790526745610453 0.21960183767228178 0.671294405879951 0.21684532924961716 0.6692527562270314 0.21715160796324656 0.6655777868517763 0.22450229709035222 0.6655777868517763 0.22450229709035222 0.6790526745610453 
2 0.9996937212863706 0.6782360146998775 0.9534456355283307 0.6737443854634545 0.9473200612557428 0.6684360963658637 0.9473200612557428 0.666394446712944 0.9439509954058193 0.6594528378930176 0.9436447166921899 0.6565945283789302 0.9421133231240428 0.6108615761535321 0.9996937212863706 0.6075949367088608 0.9996937212863706 0.6782360146998775 
2 0.8575803981623277 0.662311147407105 0.8180704441041348 0.6582278481012658 0.8245022970903522 0.6459779501837485 0.8278713629402756 0.6565945283789302 0.8312404287901991 0.6504695794201715 0.8315467075038285 0.6259697835851368 0.8343032159264931 0.6190281747652103 0.9059724349157734 0.6133115557370356 0.888208269525268 0.6206614944875459 0.8879019908116386 0.629644752960392 0.8817764165390506 0.634136382196815 0.8793261868300153 0.6394446712944059 0.8701378254211333 0.6394446712944059 0.8618683001531393 0.6374030216414863 0.8597243491577335 0.6394446712944059 0.8563552833078101 0.6431196406696611 0.8575803981623277 0.662311147407105 
2 0.8241960183767228 0.6459779501837485 0.8140888208269526 0.6329113924050633 0.8140888208269526 0.620253164556962 0.8211332312404288 0.6206614944875459 0.8211332312404288 0.6365863617803185 0.8241960183767228 0.6459779501837485 
2 0.743032159264931 0.6521028991425072 0.732312404287902 0.6512862392813393 0.7316998468606432 0.6259697835851368 0.7402756508422664 0.6259697835851368 0.743032159264931 0.6521028991425072 
2 0.3298621745788668 0.6529195590036749 0.32894333843797857 0.6467946100449163 0.32588055130168453 0.6463862801143324 0.3255742725880551 0.6418946508779093 0.3479326186830015 0.6414863209473254 0.3479326186830015 0.6459779501837485 0.3439509954058193 0.6508779093507554 0.33415007656967843 0.6508779093507554 0.3298621745788668 0.6529195590036749 
2 0.3929555895865237 0.6582278481012658 0.3895865237366003 0.657411188240098 0.38437978560490044 0.652511229073091 0.38131699846860645 0.6541445487954267 0.38070444104134765 0.652511229073091 0.38437978560490044 0.6512862392813393 0.3856049004594181 0.6496529195590037 0.38070444104134765 0.6492445896284198 0.3803981623277182 0.643527970600245 0.38652373660030626 0.6431196406696611 0.3868300153139357 0.6410779910167416 0.3917304747320061 0.6410779910167416 0.3929555895865237 0.6582278481012658 
2 0.31607963246554366 0.6467946100449163 0.3127105666156202 0.6467946100449163 0.3124042879019908 0.6451612903225806 0.31454823889739664 0.6423029808084932 0.31914241960183765 0.6418946508779093 0.3194486983154671 0.6463862801143324 0.31607963246554366 0.6467946100449163 
2 0.29647779479326186 0.6533278889342589 0.29586523736600306 0.6427113107390772 0.3081163859111792 0.6423029808084932 0.308728943338438 0.643527970600245 0.3081163859111792 0.648019599836668 0.30719754977029096 0.6492445896284198 0.2989280245022971 0.6508779093507554 0.29647779479326186 0.6533278889342589 
2 0.36845329249617154 0.6516945692119233 0.3675344563552833 0.6516945692119233 0.3666156202143951 0.6443446304614128 0.36998468606431856 0.643527970600245 0.36998468606431856 0.6512862392813393 0.36845329249617154 0.6516945692119233 
2 0.37580398162327716 0.6508779093507554 0.37182235834609495 0.6508779093507554 0.3721286370597244 0.643527970600245 0.3773353751914242 0.643936300530829 0.37580398162327716 0.6508779093507554 
2 0.36294027565084225 0.6529195590036749 0.3592649310872894 0.6529195590036749 0.35895865237366004 0.6472029399755002 0.35773353751914244 0.6463862801143324 0.3580398162327718 0.6443446304614128 0.36385911179173047 0.6443446304614128 0.36385911179173047 0.652511229073091 0.36294027565084225 0.6529195590036749 
2 0.34946401225114854 0.657819518170682 0.34915773353751917 0.6496529195590037 0.3479326186830015 0.6463862801143324 0.35160796324655436 0.6443446304614128 0.3565084226646248 0.6443446304614128 0.3568147013782542 0.6492445896284198 0.355895865237366 0.6529195590036749 0.3525267993874426 0.6565945283789302 0.34946401225114854 0.657819518170682 
2 0.3108728943338438 0.6463862801143324 0.3108728943338438 0.6451612903225806 0.3108728943338438 0.6463862801143324 
2 0.2119448698315467 0.6492445896284198 0.20980091883614088 0.648019599836668 0.2107197549770291 0.6455696202531646 0.21286370597243492 0.6459779501837485 0.2119448698315467 0.6463862801143324 0.2119448698315467 0.6492445896284198 
2 0.19693721286370597 0.6590445079624336 0.19540581929555895 0.657819518170682 0.19571209800918837 0.6459779501837485 0.20735068912710566 0.6463862801143324 0.20551301684532924 0.6504695794201715 0.20459418070444105 0.6476112699060841 0.20214395099540583 0.6476112699060841 0.2012251148545176 0.6516945692119233 0.19969372128637058 0.6476112699060841 0.19724349157733537 0.6492445896284198 0.19693721286370597 0.6590445079624336 
2 0.3108728943338438 0.6521028991425072 0.3099540581929556 0.6508779093507554 0.3108728943338438 0.6484279297672519 0.3108728943338438 0.6521028991425072 
2 0.21470137825421134 0.6570028583095141 0.21286370597243492 0.6496529195590037 0.21439509954058192 0.6500612494895875 0.21470137825421134 0.6570028583095141 
2 0.21531393568147014 0.6676194365046958 0.21316998468606432 0.666394446712944 0.21347626339969372 0.661902817476521 0.21470137825421134 0.6614944875459371 0.21500765696784074 0.6594528378930176 0.21531393568147014 0.6676194365046958 
2 0.9467075038284839 0.6729277256022866 0.9460949464012252 0.6704777460187832 0.9467075038284839 0.6729277256022866 
