0 0.23713235294117646 0.7303921568627451 0.23713235294117646 0.7283496732026143 0.24908088235294118 0.7267156862745098 0.23713235294117646 0.7303921568627451 
0 0.7674632352941176 0.7696078431372549 0.7095588235294118 0.7504084967320261 0.710171568627451 0.7426470588235294 0.7677696078431373 0.7589869281045751 0.7714460784313726 0.7626633986928104 0.7674632352941176 0.7696078431372549 
0 0.6976102941176471 0.7463235294117647 0.6948529411764706 0.7455065359477124 0.6973039215686274 0.7450980392156863 0.6976102941176471 0.7463235294117647 
0 0.10294117647058823 0.7544934640522876 0.09803921568627451 0.7520424836601307 0.09221813725490197 0.7512254901960784 0.09191176470588236 0.7475490196078431 0.09865196078431372 0.7459150326797386 0.10110294117647059 0.7491830065359477 0.10294117647058823 0.7544934640522876 
0 0.11519607843137254 0.7520424836601307 0.11488970588235294 0.7487745098039216 0.1329656862745098 0.7483660130718954 0.11519607843137254 0.7520424836601307 
0 0.9996936274509803 0.8415032679738562 0.9044117647058824 0.8141339869281046 0.8048406862745098 0.7806372549019608 0.8094362745098039 0.7732843137254902 0.8125 0.7728758169934641 0.9996936274509803 0.8214869281045751 0.9996936274509803 0.8415032679738562 
0 0.0 0.7920751633986928 0.0 0.7773692810457516 0.029105392156862746 0.7777777777777778 0.029411764705882353 0.7855392156862745 0.0 0.7920751633986928 
1 0.9996936274509803 0.7618464052287581 0.9932598039215687 0.761437908496732 0.992953431372549 0.7561274509803921 0.9555759803921569 0.752859477124183 0.9466911764705882 0.6290849673202614 0.9996936274509803 0.6254084967320261 0.9996936274509803 0.7618464052287581 
1 0.9160539215686274 0.7544934640522876 0.9096200980392157 0.7540849673202614 0.9090073529411765 0.752859477124183 0.9013480392156863 0.6339869281045751 0.9016544117647058 0.6315359477124183 0.9050245098039216 0.630718954248366 0.9056372549019608 0.6356209150326797 0.9215686274509803 0.6327614379084967 0.921875 0.636437908496732 0.9295343137254902 0.7504084967320261 0.9154411764705882 0.7491830065359477 0.9160539215686274 0.7544934640522876 
1 0.8878676470588235 0.7446895424836601 0.8854166666666666 0.7446895424836601 0.8844975490196079 0.7422385620915033 0.8811274509803921 0.6973039215686274 0.8814338235294118 0.696078431372549 0.8838848039215687 0.696078431372549 0.8838848039215687 0.6940359477124183 0.8805147058823529 0.6478758169934641 0.8777573529411765 0.6482843137254902 0.8774509803921569 0.6466503267973857 0.8578431372549019 0.6466503267973857 0.8572303921568627 0.6425653594771242 0.850796568627451 0.6429738562091504 0.850796568627451 0.6470588235294118 0.8336397058823529 0.6486928104575164 0.8360906862745098 0.696078431372549 0.7524509803921569 0.6928104575163399 0.7521446078431373 0.6850490196078431 0.7484681372549019 0.6752450980392157 0.7450980392156863 0.673202614379085 0.7447916666666666 0.6638071895424836 0.7466299019607843 0.6650326797385621 0.7472426470588235 0.6625816993464052 0.7487745098039216 0.6617647058823529 0.7527573529411765 0.6666666666666666 0.7555147058823529 0.6609477124183006 0.7598039215686274 0.6633986928104575 0.7607230392156863 0.6560457516339869 0.7561274509803921 0.6515522875816994 0.7579656862745098 0.6507352941176471 0.7625612745098039 0.6503267973856209 0.7640931372549019 0.6540032679738562 0.7735906862745098 0.6544117647058824 0.7800245098039216 0.6491013071895425 0.7879901960784313 0.6486928104575164 0.7889093137254902 0.6466503267973857 0.7907475490196079 0.6462418300653595 0.805453431372549 0.6441993464052288 0.8075980392156863 0.6441993464052288 0.8085171568627451 0.6454248366013072 0.8112745098039216 0.6433823529411765 0.8443627450980392 0.6388888888888888 0.8477328431372549 0.6401143790849673 0.8511029411764706 0.6380718954248366 0.8805147058823529 0.6339869281045751 0.8878676470588235 0.7446895424836601 
1 0.6942401960784313 0.6797385620915033 0.6917892156862745 0.676062091503268 0.6868872549019608 0.6744281045751634 0.6868872549019608 0.6629901960784313 0.6939338235294118 0.6625816993464052 0.6942401960784313 0.6797385620915033 
1 0.7248774509803921 0.6915849673202614 0.7080269607843137 0.6911764705882353 0.7074142156862745 0.6895424836601307 0.7215073529411765 0.6891339869281046 0.7205882352941176 0.6666666666666666 0.7236519607843137 0.6678921568627451 0.7251838235294118 0.6662581699346405 0.7285539215686274 0.6662581699346405 0.7297794117647058 0.6736111111111112 0.7328431372549019 0.6736111111111112 0.7331495098039216 0.6666666666666666 0.7352941176470589 0.6662581699346405 0.7356004901960784 0.673202614379085 0.7313112745098039 0.6756535947712419 0.7248774509803921 0.6915849673202614 
1 0.7322303921568627 0.6919934640522876 0.7303921568627451 0.6919934640522876 0.7322303921568627 0.6919934640522876 
5 0.02971813725490196 0.7855392156862745 0.029411764705882353 0.7769607843137255 0.0585171568627451 0.7757352941176471 0.08823529411764706 0.7687908496732027 0.0934436274509804 0.7634803921568627 0.09252450980392157 0.7569444444444444 0.0977328431372549 0.7540849673202614 0.09803921568627451 0.752859477124183 0.11060049019607843 0.7569444444444444 0.11397058823529412 0.761437908496732 0.13602941176470587 0.761437908496732 0.13725490196078433 0.7651143790849673 0.13602941176470587 0.7671568627450981 0.12377450980392157 0.7716503267973857 0.09589460784313726 0.7777777777777778 0.07169117647058823 0.7777777777777778 0.0585171568627451 0.7814542483660131 0.02971813725490196 0.7855392156862745 
5 0.8045343137254902 0.7810457516339869 0.7671568627450981 0.7704248366013072 0.7720588235294118 0.761437908496732 0.7745098039215687 0.7622549019607843 0.7766544117647058 0.7663398692810458 0.7763480392156863 0.7634803921568627 0.7775735294117647 0.7630718954248366 0.7791053921568627 0.7647058823529411 0.7818627450980392 0.764297385620915 0.8097426470588235 0.7724673202614379 0.8045343137254902 0.7810457516339869 
2 0.9093137254901961 0.7540849673202614 0.8939950980392157 0.7540849673202614 0.8872549019607843 0.7524509803921569 0.8851102941176471 0.7450980392156863 0.8878676470588235 0.7446895424836601 0.8878676470588235 0.7434640522875817 0.8808210784313726 0.6368464052287581 0.8795955882352942 0.6315359477124183 0.8746936274509803 0.548202614379085 0.8759191176470589 0.5461601307189542 0.8795955882352942 0.5445261437908496 0.8946078431372549 0.5445261437908496 0.9044117647058824 0.5428921568627451 0.9041053921568627 0.5445261437908496 0.9178921568627451 0.5449346405228758 0.9181985294117647 0.5465686274509803 0.9231004901960784 0.616421568627451 0.9231004901960784 0.6200980392156863 0.9206495098039216 0.6205065359477124 0.9215686274509803 0.6327614379084967 0.9056372549019608 0.6356209150326797 0.9050245098039216 0.630718954248366 0.9013480392156863 0.6319444444444444 0.9093137254901961 0.7540849673202614 
2 0.9059436274509803 0.5996732026143791 0.9050245098039216 0.5743464052287581 0.9090073529411765 0.5731209150326797 0.9120710784313726 0.5645424836601307 0.9096200980392157 0.5543300653594772 0.9016544117647058 0.5506535947712419 0.8949142156862745 0.5526960784313726 0.8909313725490197 0.5620915032679739 0.8939950980392157 0.571078431372549 0.8964460784313726 0.5735294117647058 0.9001225490196079 0.5743464052287581 0.8998161764705882 0.576797385620915 0.8961397058823529 0.576797385620915 0.8967524509803921 0.5910947712418301 0.9010416666666666 0.5923202614379085 0.9019607843137255 0.5996732026143791 0.9059436274509803 0.5996732026143791 
2 0.6868872549019608 0.6744281045751634 0.6813725490196079 0.673202614379085 0.6816789215686274 0.6638071895424836 0.6862745098039216 0.6638071895424836 0.6868872549019608 0.6744281045751634 
2 0.7392769607843137 0.7275326797385621 0.7159926470588235 0.7234477124183006 0.7120098039215687 0.6944444444444444 0.7077205882352942 0.6928104575163399 0.7074142156862745 0.6911764705882353 0.7245710784313726 0.6915849673202614 0.7221200980392157 0.6973039215686274 0.7230392156862745 0.6997549019607843 0.7245710784313726 0.6997549019607843 0.7303921568627451 0.6919934640522876 0.7322303921568627 0.6919934640522876 0.7313112745098039 0.6985294117647058 0.7319240196078431 0.7034313725490197 0.7331495098039216 0.7087418300653595 0.7349877450980392 0.7095588235294118 0.7401960784313726 0.7234477124183006 0.7392769607843137 0.7275326797385621 
2 0.836703431372549 0.7438725490196079 0.8155637254901961 0.7389705882352942 0.8079044117647058 0.7389705882352942 0.7904411764705882 0.7352941176470589 0.7886029411764706 0.7214052287581699 0.7907475490196079 0.7209967320261438 0.7907475490196079 0.7124183006535948 0.7886029411764706 0.7120098039215687 0.7867647058823529 0.7009803921568627 0.7840073529411765 0.6968954248366013 0.7791053921568627 0.6964869281045751 0.7751225490196079 0.7005718954248366 0.7751225490196079 0.7124183006535948 0.7732843137254902 0.7140522875816994 0.7760416666666666 0.7218137254901961 0.7711397058823529 0.7258986928104575 0.7702205882352942 0.7291666666666666 0.7714460784313726 0.7324346405228758 0.7475490196078431 0.7291666666666666 0.7475490196078431 0.7263071895424836 0.7457107843137255 0.7254901960784313 0.7457107843137255 0.7058823529411765 0.7481617647058824 0.6952614379084967 0.7524509803921569 0.7058823529411765 0.7552083333333334 0.7038398692810458 0.7527573529411765 0.6928104575163399 0.8360906862745098 0.696078431372549 0.8388480392156863 0.7373366013071896 0.8388480392156863 0.7397875816993464 0.836703431372549 0.7438725490196079 
2 0.9298406862745098 0.7549019607843137 0.9163602941176471 0.7544934640522876 0.9151348039215687 0.7495915032679739 0.9295343137254902 0.7504084967320261 0.9298406862745098 0.7549019607843137 
2 0.992953431372549 0.761437908496732 0.9574142156862745 0.7573529411764706 0.9558823529411765 0.7569444444444444 0.9555759803921569 0.7532679738562091 0.992953431372549 0.7561274509803921 0.992953431372549 0.761437908496732 
