1 0.999609375 0.4421875 0.88125 0.42239583333333336 0.889453125 0.3536458333333333 0.871484375 0.35052083333333334 0.870703125 0.35572916666666665 0.869921875 0.3458333333333333 0.854296875 0.3463541666666667 0.85625 0.3619791666666667 0.869921875 0.36041666666666666 0.86328125 0.4197916666666667 0.8234375 0.41458333333333336 0.823828125 0.3958333333333333 0.821484375 0.38333333333333336 0.813671875 0.3796875 0.808984375 0.3796875 0.806640625 0.3875 0.807421875 0.4125 0.74765625 0.40520833333333334 0.746484375 0.4046875 0.74609375 0.3963541666666667 0.741015625 0.390625 0.73828125 0.2703125 0.999609375 0.15260416666666668 0.999609375 0.4421875 
1 0.72578125 0.4015625 0.7203125 0.4010416666666667 0.719140625 0.3958333333333333 0.71640625 0.28020833333333334 0.728515625 0.27447916666666666 0.7296875 0.390625 0.72578125 0.3963541666666667 0.72578125 0.4015625 
1 0.715625 0.4 0.643359375 0.3885416666666667 0.641796875 0.31302083333333336 0.71328125 0.28125 0.715625 0.4 
1 0.63984375 0.3880208333333333 0.621484375 0.3854166666666667 0.61953125 0.3229166666666667 0.637890625 0.3140625 0.638671875 0.3145833333333333 0.6390625 0.321875 0.63984375 0.3880208333333333 
1 0.61875 0.3848958333333333 0.584765625 0.3796875 0.584765625 0.3380208333333333 0.617578125 0.3234375 0.61875 0.3848958333333333 
1 0.0046875 0.4192708333333333 0.0 0.4192708333333333 0.0 0.334375 0.115625 0.3421875 0.119921875 0.40729166666666666 0.078515625 0.4114583333333333 0.078125 0.40572916666666664 0.0734375 0.40625 0.0734375 0.4119791666666667 0.07109375 0.4125 0.0046875 0.4192708333333333 
1 0.583203125 0.37916666666666665 0.566796875 0.3770833333333333 0.565625 0.35833333333333334 0.566015625 0.346875 0.582421875 0.3390625 0.583203125 0.37916666666666665 
1 0.1234375 0.40729166666666666 0.121484375 0.40729166666666666 0.11796875 0.3416666666666667 0.24921875 0.35208333333333336 0.251953125 0.3953125 0.200390625 0.4 0.19765625 0.38958333333333334 0.192578125 0.3875 0.17421875 0.39114583333333336 0.16796875 0.403125 0.1234375 0.40729166666666666 
1 0.565234375 0.3770833333333333 0.55546875 0.37604166666666666 0.5546875 0.35625 0.555078125 0.35208333333333336 0.564453125 0.34739583333333335 0.565234375 0.3770833333333333 
1 0.55390625 0.37604166666666666 0.54921875 0.37552083333333336 0.548828125 0.36302083333333335 0.548828125 0.3546875 0.553515625 0.35104166666666664 0.55390625 0.37604166666666666 
1 0.25546875 0.3953125 0.25390625 0.3953125 0.253125 0.3932291666666667 0.251171875 0.3515625 0.315625 0.3572916666666667 0.3171875 0.384375 0.313671875 0.384375 0.308984375 0.390625 0.303515625 0.390625 0.300390625 0.384375 0.291796875 0.3848958333333333 0.28828125 0.3890625 0.28828125 0.3921875 0.25546875 0.3953125 
1 0.326953125 0.3890625 0.324609375 0.3890625 0.321484375 0.384375 0.318359375 0.384375 0.316796875 0.3567708333333333 0.353515625 0.3609375 0.35390625 0.3828125 0.352734375 0.38125 0.34609375 0.38177083333333334 0.343359375 0.3854166666666667 0.344140625 0.3875 0.326953125 0.3890625 
1 0.362109375 0.38645833333333335 0.355859375 0.38645833333333335 0.35546875 0.384375 0.357421875 0.38125 0.355078125 0.3765625 0.3546875 0.36041666666666666 0.3640625 0.3619791666666667 0.364453125 0.3859375 0.362109375 0.38645833333333335 
1 0.370703125 0.3859375 0.36953125 0.3859375 0.36796875 0.37916666666666665 0.366796875 0.3619791666666667 0.376953125 0.36354166666666665 0.377734375 0.3854166666666667 0.370703125 0.3859375 
1 0.3875 0.3848958333333333 0.38359375 0.3848958333333333 0.383203125 0.3645833333333333 0.39921875 0.36614583333333334 0.4 0.38385416666666666 0.39765625 0.38385416666666666 0.395703125 0.37864583333333335 0.39140625 0.3796875 0.3875 0.3848958333333333 
1 0.54765625 0.3697916666666667 0.54765625 0.3651041666666667 0.54765625 0.3697916666666667 
4 0.99296875 0.45729166666666665 0.896875 0.4421875 0.834375 0.4296875 0.765625 0.4192708333333333 0.583984375 0.38385416666666666 0.555078125 0.3807291666666667 0.551953125 0.37916666666666665 0.540234375 0.3796875 0.549609375 0.37552083333333336 0.569921875 0.3770833333333333 0.739453125 0.4041666666666667 0.915234375 0.4270833333333333 0.999609375 0.4421875 0.999609375 0.4479166666666667 0.99296875 0.45729166666666665 
4 0.441015625 0.38645833333333335 0.43671875 0.38177083333333334 0.45078125 0.38125 0.45078125 0.3848958333333333 0.441015625 0.38645833333333335 
4 0.465234375 0.3828125 0.462890625 0.3828125 0.4625 0.3807291666666667 0.465234375 0.3802083333333333 0.465234375 0.3828125 
4 0.0 0.48072916666666665 0.0 0.4359375 0.3375 0.3921875 0.325 0.3927083333333333 0.324609375 0.38958333333333334 0.32734375 0.3885416666666667 0.34375 0.3875 0.343359375 0.39114583333333336 0.34609375 0.39114583333333336 0.354296875 0.39010416666666664 0.35546875 0.38645833333333335 0.364453125 0.3859375 0.364453125 0.3885416666666667 0.36640625 0.3885416666666667 0.3703125 0.3880208333333333 0.37109375 0.3854166666666667 0.377734375 0.3854166666666667 0.37890625 0.38697916666666665 0.387890625 0.384375 0.390234375 0.3859375 0.401953125 0.384375 0.39921875 0.3927083333333333 0.399609375 0.3963541666666667 0.39765625 0.396875 0.360546875 0.403125 0.0 0.48072916666666665 
4 0.307421875 0.39479166666666665 0.304296875 0.39479166666666665 0.303515625 0.39114583333333336 0.309375 0.39010416666666664 0.30859375 0.39427083333333335 0.307421875 0.39479166666666665 
4 0.341796875 0.39166666666666666 0.337890625 0.39166666666666666 0.341796875 0.39166666666666666 
4 0.20390625 0.40625 0.20078125 0.40625 0.20078125 0.4 0.28828125 0.3927083333333333 0.2875 0.396875 0.20390625 0.40625 
4 0.0 0.43072916666666666 0.0 0.4192708333333333 0.16796875 0.4036458333333333 0.16796875 0.40989583333333335 0.164453125 0.4109375 0.0 0.43072916666666666 
