0 0.41640625 0.6916666666666667 0.395703125 0.6848958333333334 0.388671875 0.678125 0.392578125 0.6765625 0.40078125 0.6833333333333333 0.41640625 0.6885416666666667 0.41640625 0.6916666666666667 
0 0.165234375 0.6833333333333333 0.13671875 0.6828125 0.13828125 0.6796875 0.167578125 0.68125 0.167578125 0.6828125 0.165234375 0.6833333333333333 
0 0.527734375 0.6911458333333333 0.4390625 0.6864583333333333 0.451953125 0.684375 0.48984375 0.684375 0.527734375 0.6869791666666667 0.527734375 0.6911458333333333 
0 0.028515625 0.6932291666666667 0.0 0.6932291666666667 0.0 0.6880208333333333 0.0609375 0.6854166666666667 0.062109375 0.6901041666666666 0.028515625 0.6932291666666667 
0 0.57265625 0.6932291666666667 0.53828125 0.6916666666666667 0.537890625 0.6880208333333333 0.575390625 0.6911458333333333 0.573046875 0.6916666666666667 0.57265625 0.6932291666666667 
0 0.49140625 0.6958333333333333 0.45546875 0.6942708333333333 0.451171875 0.69375 0.45078125 0.6916666666666667 0.48359375 0.6911458333333333 0.49140625 0.6958333333333333 
0 0.422265625 0.6921875 0.420703125 0.6921875 0.422265625 0.6921875 
0 0.834375 0.9416666666666667 0.7703125 0.9359375 0.7625 0.9307291666666667 0.7546875 0.9307291666666667 0.48125 0.7390625 0.478125 0.7369791666666666 0.479296875 0.7265625 0.6671875 0.8385416666666666 0.834375 0.9416666666666667 
5 0.45078125 0.6947916666666667 0.416796875 0.6916666666666667 0.41640625 0.6880208333333333 0.435546875 0.6875 0.45078125 0.6911458333333333 0.45078125 0.6947916666666667 
2 0.999609375 0.7484375 0.79140625 0.7182291666666667 0.789453125 0.7 0.79453125 0.6994791666666667 0.793359375 0.6802083333333333 0.79453125 0.6677083333333333 0.7921875 0.6619791666666667 0.791015625 0.6494791666666667 0.999609375 0.6338541666666667 0.999609375 0.7484375 
