0 0.5205269607843137 0.6413398692810458 0.4950980392156863 0.6368464052287581 0.4996936274509804 0.636437908496732 0.5125612745098039 0.6397058823529411 0.5140931372549019 0.6388888888888888 0.5196078431372549 0.6401143790849673 0.5205269607843137 0.6413398692810458 
0 0.5894607843137255 0.6519607843137255 0.5631127450980392 0.6491013071895425 0.5275735294117647 0.6433823529411765 0.5287990196078431 0.641748366013072 0.5585171568627451 0.6462418300653595 0.5891544117647058 0.6491013071895425 0.5894607843137255 0.6519607843137255 
0 0.6001838235294118 0.6527777777777778 0.59375 0.6523692810457516 0.5946691176470589 0.6495098039215687 0.5992647058823529 0.6499183006535948 0.6001838235294118 0.6511437908496732 0.6001838235294118 0.6527777777777778 
0 0.6151960784313726 0.6540032679738562 0.6047794117647058 0.6527777777777778 0.6081495098039216 0.6511437908496732 0.6139705882352942 0.6511437908496732 0.6151960784313726 0.6523692810457516 0.6151960784313726 0.6540032679738562 
0 0.6271446078431373 0.6552287581699346 0.6185661764705882 0.6544117647058824 0.6194852941176471 0.6519607843137255 0.6256127450980392 0.6523692810457516 0.6268382352941176 0.6531862745098039 0.6271446078431373 0.6552287581699346 
0 0.0 0.7079248366013072 0.00030637254901960784 0.698937908496732 0.02267156862745098 0.696078431372549 0.1246936274509804 0.6736111111111112 0.19240196078431374 0.6625816993464052 0.23805147058823528 0.6535947712418301 0.24417892156862744 0.6527777777777778 0.24816176470588236 0.6556372549019608 0.24816176470588236 0.6584967320261438 0.24724264705882354 0.6589052287581699 0.20159313725490197 0.6654411764705882 0.0 0.7079248366013072 
0 0.9996936274509803 0.7185457516339869 0.8520220588235294 0.6895424836601307 0.7640931372549019 0.6768790849673203 0.7034313725490197 0.6646241830065359 0.6295955882352942 0.6556372549019608 0.6305147058823529 0.6531862745098039 0.6323529411764706 0.6531862745098039 0.6421568627450981 0.6552287581699346 0.6424632352941176 0.6544117647058824 0.6430759803921569 0.6556372549019608 0.6835171568627451 0.6597222222222222 0.7809436274509803 0.6748366013071896 0.8011642156862745 0.6776960784313726 0.8014705882352942 0.6764705882352942 0.8844975490196079 0.6907679738562091 0.9506740196078431 0.6981209150326797 0.9528186274509803 0.6985294117647058 0.953125 0.6997549019607843 0.9993872549019608 0.7079248366013072 0.9996936274509803 0.7185457516339869 
0 0.26378676470588236 0.6564542483660131 0.2619485294117647 0.6564542483660131 0.26256127450980393 0.6552287581699346 0.2659313725490196 0.6556372549019608 0.26378676470588236 0.6564542483660131 
1 0.0 0.6993464052287581 0.0 0.5825163398692811 0.09589460784313726 0.5906862745098039 0.09589460784313726 0.6058006535947712 0.0940563725490196 0.6070261437908496 0.09375 0.619281045751634 0.10723039215686274 0.6188725490196079 0.10784313725490197 0.6119281045751634 0.11550245098039216 0.6119281045751634 0.1213235294117647 0.613562091503268 0.12408088235294118 0.6078431372549019 0.13480392156862744 0.608251633986928 0.13572303921568626 0.6176470588235294 0.14185049019607843 0.6188725490196079 0.14307598039215685 0.6188725490196079 0.14583333333333334 0.613562091503268 0.14950980392156862 0.6131535947712419 0.15287990196078433 0.6188725490196079 0.16850490196078433 0.6188725490196079 0.17064950980392157 0.6156045751633987 0.17493872549019607 0.6139705882352942 0.1801470588235294 0.6205065359477124 0.19056372549019607 0.6196895424836601 0.19178921568627452 0.6147875816993464 0.19699754901960784 0.6156045751633987 0.19852941176470587 0.6196895424836601 0.20894607843137256 0.6196895424836601 0.20986519607843138 0.616421568627451 0.21262254901960784 0.6151960784313726 0.21660539215686275 0.619281045751634 0.21752450980392157 0.6172385620915033 0.22181372549019607 0.6168300653594772 0.22395833333333334 0.6196895424836601 0.2270220588235294 0.616421568627451 0.234375 0.6176470588235294 0.2346813725490196 0.6196895424836601 0.24571078431372548 0.6196895424836601 0.24601715686274508 0.6294934640522876 0.24295343137254902 0.6466503267973857 0.24417892156862744 0.6527777777777778 0.24356617647058823 0.6531862745098039 0.12683823529411764 0.673202614379085 0.0 0.6993464052287581 
1 0.07383578431372549 0.6548202614379085 0.08026960784313726 0.6491013071895425 0.08639705882352941 0.6511437908496732 0.08915441176470588 0.6478758169934641 0.08639705882352941 0.6425653594771242 0.09068627450980392 0.6388888888888888 0.09129901960784313 0.6360294117647058 0.08854166666666667 0.6176470588235294 0.0821078431372549 0.6131535947712419 0.07720588235294118 0.6123366013071896 0.07322303921568628 0.6196895424836601 0.07383578431372549 0.6237745098039216 0.06770833333333333 0.619281045751634 0.05912990196078431 0.616421568627451 0.046875 0.6245915032679739 0.04197303921568627 0.6229575163398693 0.0392156862745098 0.6237745098039216 0.03431372549019608 0.6184640522875817 0.027879901960784315 0.6205065359477124 0.023590686274509803 0.6233660130718954 0.023284313725490197 0.5988562091503268 0.024509803921568627 0.5984477124183006 0.024509803921568627 0.5959967320261438 0.005821078431372549 0.5935457516339869 0.0055147058823529415 0.5964052287581699 0.007352941176470588 0.5972222222222222 0.006127450980392157 0.6274509803921569 0.007659313725490196 0.6286764705882353 0.01011029411764706 0.6290849673202614 0.010723039215686275 0.6241830065359477 0.017463235294117647 0.6245915032679739 0.018688725490196078 0.6254084967320261 0.011642156862745098 0.6294934640522876 0.022058823529411766 0.6339869281045751 0.04044117647058824 0.6360294117647058 0.04718137254901961 0.6384803921568627 0.056372549019607844 0.6397058823529411 0.05943627450980392 0.6450163398692811 0.06495098039215687 0.6462418300653595 0.07169117647058823 0.6421568627450981 0.07169117647058823 0.6535947712418301 0.07383578431372549 0.6548202614379085 
1 0.9996936274509803 0.7083333333333334 0.953125 0.6997549019607843 0.9515931372549019 0.6744281045751634 0.9319852941176471 0.670751633986928 0.9083946078431373 0.6683006535947712 0.9096200980392157 0.693218954248366 0.8844975490196079 0.6907679738562091 0.8468137254901961 0.6842320261437909 0.8462009803921569 0.6621732026143791 0.8443627450980392 0.6613562091503268 0.8011642156862745 0.6568627450980392 0.8011642156862745 0.6776960784313726 0.6835171568627451 0.6597222222222222 0.6430759803921569 0.6556372549019608 0.6433823529411765 0.6303104575163399 0.6446078431372549 0.6270424836601307 0.6593137254901961 0.6262254901960784 0.7444852941176471 0.6282679738562091 0.7450980392156863 0.6258169934640523 0.7423406862745098 0.6102941176470589 0.7493872549019608 0.6098856209150327 0.7518382352941176 0.6049836601307189 0.7539828431372549 0.6049836601307189 0.7549019607843137 0.6090686274509803 0.8517156862745098 0.6090686274509803 0.9240196078431373 0.6062091503267973 0.9859068627450981 0.6053921568627451 0.9849877450980392 0.6098856209150327 0.9892769607843137 0.6102941176470589 0.9892769607843137 0.641748366013072 0.992953431372549 0.6421568627450981 0.9923406862745098 0.6102941176470589 0.9947916666666666 0.6102941176470589 0.9963235294117647 0.6033496732026143 0.9996936274509803 0.6025326797385621 0.9996936274509803 0.7083333333333334 
1 0.5303308823529411 0.627859477124183 0.5260416666666666 0.6274509803921569 0.5251225490196079 0.6205065359477124 0.5297181372549019 0.6213235294117647 0.5303308823529411 0.627859477124183 
1 0.5441176470588235 0.6290849673202614 0.5379901960784313 0.6282679738562091 0.5379901960784313 0.6254084967320261 0.5358455882352942 0.6233660130718954 0.5358455882352942 0.6213235294117647 0.5441176470588235 0.6209150326797386 0.5441176470588235 0.6290849673202614 
1 0.5493259803921569 0.6343954248366013 0.5484068627450981 0.6294934640522876 0.5450367647058824 0.6286764705882353 0.5453431372549019 0.6209150326797386 0.5493259803921569 0.6217320261437909 0.5493259803921569 0.6343954248366013 
1 0.5609681372549019 0.6343954248366013 0.5606617647058824 0.6303104575163399 0.5582107843137255 0.6294934640522876 0.5560661764705882 0.6294934640522876 0.5560661764705882 0.6343954248366013 0.5545343137254902 0.6343954248366013 0.5545343137254902 0.6217320261437909 0.5612745098039216 0.622140522875817 0.5609681372549019 0.6343954248366013 
1 0.5686274509803921 0.6343954248366013 0.5628063725490197 0.6343954248366013 0.5628063725490197 0.622140522875817 0.5680147058823529 0.6225490196078431 0.5686274509803921 0.6343954248366013 
5 0.5211397058823529 0.641748366013072 0.5205269607843137 0.6405228758169934 0.5309436274509803 0.6397058823529411 0.5211397058823529 0.641748366013072 
5 0.5300245098039216 0.6421568627450981 0.5287990196078431 0.6421568627450981 0.5300245098039216 0.6421568627450981 
2 0.5306372549019608 0.6360294117647058 0.5266544117647058 0.6352124183006536 0.5263480392156863 0.6274509803921569 0.5303308823529411 0.6282679738562091 0.5306372549019608 0.6360294117647058 
2 0.5441176470588235 0.6380718954248366 0.5370710784313726 0.6372549019607843 0.5376838235294118 0.6282679738562091 0.5441176470588235 0.6294934640522876 0.5441176470588235 0.6380718954248366 
2 0.5496323529411765 0.6388888888888888 0.5453431372549019 0.6384803921568627 0.5456495098039216 0.6290849673202614 0.5484068627450981 0.6294934640522876 0.5496323529411765 0.6388888888888888 
2 0.5563725490196079 0.639297385620915 0.5542279411764706 0.639297385620915 0.5545343137254902 0.6343954248366013 0.5560661764705882 0.6348039215686274 0.5563725490196079 0.639297385620915 
2 0.5609681372549019 0.6397058823529411 0.5609681372549019 0.6343954248366013 0.5609681372549019 0.6397058823529411 
2 0.5686274509803921 0.6397058823529411 0.5631127450980392 0.6397058823529411 0.5628063725490197 0.6348039215686274 0.5686274509803921 0.6343954248366013 0.5686274509803921 0.6397058823529411 
4 0.5125612745098039 0.6397058823529411 0.49816176470588236 0.636437908496732 0.49785539215686275 0.6262254901960784 0.5128676470588235 0.6266339869281046 0.5125612745098039 0.6397058823529411 
3 0.7735906862745098 0.8737745098039216 0.7212009803921569 0.872140522875817 0.5888480392156863 0.755718954248366 0.546875 0.7218137254901961 0.46721813725490197 0.6654411764705882 0.4650735294117647 0.6638071895424836 0.4635416666666667 0.6609477124183006 0.47089460784313725 0.6564542483660131 0.48682598039215685 0.6515522875816994 0.49264705882352944 0.6515522875816994 0.5119485294117647 0.6593137254901961 0.522671568627451 0.6650326797385621 0.5980392156862745 0.7209967320261438 0.6917892156862745 0.7973856209150327 0.7772671568627451 0.863562091503268 0.7833946078431373 0.872140522875817 0.7735906862745098 0.8737745098039216 
