0 0.5710341365461847 0.6281793842034806 0.5690261044176707 0.6275100401606426 0.5682730923694779 0.6228246318607764 0.5710341365461847 0.6238286479250335 0.5710341365461847 0.6281793842034806 
0 0.0 0.7650602409638554 0.0 0.7443105756358769 0.17093373493975902 0.6954484605087015 0.17193775100401607 0.6957831325301205 0.17193775100401607 0.7054886211512718 0.1746987951807229 0.7054886211512718 0.196285140562249 0.6971218206157965 0.196285140562249 0.6904283801874164 0.1905120481927711 0.6884203480589023 0.22213855421686746 0.6767068273092369 0.35190763052208834 0.6372155287817939 0.4186746987951807 0.6234939759036144 0.4181726907630522 0.6291834002677377 0.36370481927710846 0.642235609103079 0.3084839357429719 0.6589692101740294 0.06350401606425703 0.7459839357429718 0.0 0.7650602409638554 
0 0.804718875502008 0.6937751004016064 0.7838855421686747 0.6867469879518072 0.6950301204819277 0.6904283801874164 0.6438253012048193 0.6599732262382865 0.5933734939759037 0.6342034805890228 0.5865963855421686 0.6325301204819277 0.5858433734939759 0.6321954484605087 0.5863453815261044 0.6285140562248996 0.5868473895582329 0.6271753681392236 0.5881024096385542 0.6271753681392236 0.6031626506024096 0.6305220883534136 0.6460843373493976 0.6495983935742972 0.6995481927710844 0.678045515394913 0.7831325301204819 0.6763721552878179 0.8303212851405622 0.6921017402945113 0.804718875502008 0.6937751004016064 
0 0.9997489959839357 0.8775100401606426 0.8780120481927711 0.8002008032128514 0.7625502008032129 0.7329317269076305 0.7178714859437751 0.7038152610441767 0.7193775100401606 0.6981258366800536 0.7206325301204819 0.6951137884872824 0.731425702811245 0.6954484605087015 0.9997489959839357 0.8346720214190094 0.9997489959839357 0.8775100401606426 
1 0.8315763052208835 0.5963855421686747 0.8285642570281124 0.5963855421686747 0.8250502008032129 0.5836680053547524 0.8242971887550201 0.5595716198125836 0.8315763052208835 0.5592369477911646 0.8320783132530121 0.5458500669344043 0.8659638554216867 0.5404953145917001 0.9254518072289156 0.5264390896921017 0.9721385542168675 0.5180722891566265 0.9997489959839357 0.5153949129852744 0.9994979919678715 0.5933734939759037 0.8734939759036144 0.5947121820615796 0.8315763052208835 0.5963855421686747 
1 0.7793674698795181 0.5980589022757697 0.7743473895582329 0.5980589022757697 0.7738453815261044 0.5973895582329317 0.7678212851405622 0.5592369477911646 0.7816265060240963 0.5558902275769746 0.7841365461847389 0.5833333333333334 0.7891566265060241 0.5970548862115127 0.7889056224899599 0.5977242302543507 0.7793674698795181 0.5980589022757697 
1 0.8077309236947792 0.5943775100401606 0.8034638554216867 0.5900267737617135 0.7981927710843374 0.5592369477911646 0.8072289156626506 0.5595716198125836 0.8077309236947792 0.5943775100401606 
1 0.757781124497992 0.5980589022757697 0.7429718875502008 0.5977242302543507 0.7409638554216867 0.5840026773761714 0.7399598393574297 0.5642570281124498 0.7525100401606426 0.5612449799196787 0.7550200803212851 0.5676037483266398 0.757781124497992 0.5980589022757697 
1 0.731425702811245 0.5980589022757697 0.7103413654618473 0.5980589022757697 0.7065763052208835 0.5779785809906292 0.7304216867469879 0.5696117804551539 0.731425702811245 0.5980589022757697 
1 0.6980421686746988 0.5943775100401606 0.6940261044176707 0.5833333333333334 0.697289156626506 0.5836680053547524 0.6980421686746988 0.5943775100401606 
1 0.6661646586345381 0.6020749665327979 0.6656626506024096 0.5886880856760375 0.6691767068273092 0.5883534136546185 0.6691767068273092 0.6007362784471219 0.6661646586345381 0.6020749665327979 
1 0.6576305220883534 0.6050870147255689 0.6465863453815262 0.6050870147255689 0.6453313253012049 0.5917001338688086 0.6616465863453815 0.5900267737617135 0.6616465863453815 0.6034136546184738 0.6576305220883534 0.6050870147255689 
5 0.7206325301204819 0.7071619812583668 0.6950301204819277 0.6904283801874164 0.7838855421686747 0.6867469879518072 0.8004518072289156 0.6924364123159303 0.7206325301204819 0.6951137884872824 0.7176204819277109 0.7034805890227577 0.7206325301204819 0.7054886211512718 0.7206325301204819 0.7071619812583668 
5 0.1746987951807229 0.7054886211512718 0.17193775100401607 0.7054886211512718 0.17218875502008033 0.6917670682730924 0.19001004016064257 0.6884203480589023 0.196285140562249 0.6904283801874164 0.196285140562249 0.6971218206157965 0.1746987951807229 0.7054886211512718 
