0 0.7610677083333334 0.5480324074074074 0.6844618055555556 0.5393518518518519 0.6039496527777778 0.5271990740740741 0.5627170138888888 0.5225694444444444 0.5060763888888888 0.5141782407407407 0.505859375 0.5124421296296297 0.5251736111111112 0.515625 0.5590277777777778 0.5188078703703703 0.630859375 0.5274884259259259 0.7606336805555556 0.5407986111111112 0.7610677083333334 0.5480324074074074 
0 0.4793836805555556 0.5138888888888888 0.4774305555555556 0.5135995370370371 0.48046875 0.5135995370370371 0.4793836805555556 0.5138888888888888 
0 0.4704861111111111 0.5159143518518519 0.4704861111111111 0.5141782407407407 0.4704861111111111 0.5159143518518519 
0 0.4809027777777778 0.5214120370370371 0.4778645833333333 0.5199652777777778 0.4774305555555556 0.5182291666666666 0.4809027777777778 0.5196759259259259 0.4809027777777778 0.5214120370370371 
0 0.4984809027777778 0.5309606481481481 0.4884982638888889 0.5257523148148148 0.48828125 0.5240162037037037 0.4984809027777778 0.5280671296296297 0.4984809027777778 0.5309606481481481 
0 0.7649739583333334 0.6927083333333334 0.6723090277777778 0.6310763888888888 0.5466579861111112 0.5538194444444444 0.5041232638888888 0.5338541666666666 0.5036892361111112 0.5306712962962963 0.5279947916666666 0.5402199074074074 0.6156684027777778 0.5830439814814815 0.6746961805555556 0.6195023148148148 0.7680121527777778 0.6739004629629629 0.7693142361111112 0.6750578703703703 0.7647569444444444 0.6898148148148148 0.7649739583333334 0.6927083333333334 
0 0.9270833333333334 0.5694444444444444 0.8344184027777778 0.5572916666666666 0.8333333333333334 0.5480324074074074 0.8491753472222222 0.5489004629629629 0.8843315972222222 0.5555555555555556 0.9294704861111112 0.5656828703703703 0.9270833333333334 0.5694444444444444 
0 0.9997829861111112 0.8492476851851852 0.8519965277777778 0.7508680555555556 0.8504774305555556 0.7222222222222222 0.9997829861111112 0.8072916666666666 0.9997829861111112 0.8492476851851852 
1 0.9997829861111112 0.5627893518518519 0.9947916666666666 0.5627893518518519 0.9342447916666666 0.5489004629629629 0.8791232638888888 0.5405092592592593 0.8326822916666666 0.5373263888888888 0.8292100694444444 0.49508101851851855 0.9997829861111112 0.4887152777777778 0.9997829861111112 0.5627893518518519 
1 0.7521701388888888 0.5315393518518519 0.6480034722222222 0.5231481481481481 0.6456163194444444 0.5190972222222222 0.6451822916666666 0.5023148148148148 0.7504340277777778 0.4982638888888889 0.7521701388888888 0.5315393518518519 
1 0.5939670138888888 0.5188078703703703 0.57421875 0.5173611111111112 0.5735677083333334 0.5037615740740741 0.5935329861111112 0.5023148148148148 0.5939670138888888 0.5188078703703703 
1 0.5473090277777778 0.515625 0.5401475694444444 0.515625 0.5386284722222222 0.5075231481481481 0.5401475694444444 0.5054976851851852 0.5503472222222222 0.5049189814814815 0.5462239583333334 0.5075231481481481 0.5473090277777778 0.5089699074074074 0.5473090277777778 0.515625 
2 0.1618923611111111 0.5694444444444444 0.15321180555555555 0.5694444444444444 0.15299479166666666 0.5659722222222222 0.1462673611111111 0.5668402777777778 0.1430121527777778 0.5636574074074074 0.1408420138888889 0.5575810185185185 0.15147569444444445 0.5558449074074074 0.15169270833333334 0.5541087962962963 0.15104166666666666 0.5538194444444444 0.1499565972222222 0.5457175925925926 0.20442708333333334 0.5457175925925926 0.203125 0.48061342592592593 0.2065972222222222 0.48061342592592593 0.2035590277777778 0.4817708333333333 0.20377604166666666 0.48813657407407407 0.20963541666666666 0.48813657407407407 0.20833333333333334 0.48061342592592593 0.21223958333333334 0.48032407407407407 0.21354166666666666 0.5422453703703703 0.22352430555555555 0.5407986111111112 0.22352430555555555 0.5494791666666666 0.21744791666666666 0.5506365740740741 0.21592881944444445 0.5575810185185185 0.2009548611111111 0.5593171296296297 0.20203993055555555 0.5526620370370371 0.17100694444444445 0.5541087962962963 0.17078993055555555 0.5610532407407407 0.1618923611111111 0.5627893518518519 0.1618923611111111 0.5694444444444444 
2 0.3352864583333333 0.5309606481481481 0.3255208333333333 0.5309606481481481 0.3244357638888889 0.5248842592592593 0.3246527777777778 0.5237268518518519 0.3326822916666667 0.5237268518518519 0.3328993055555556 0.5020254629629629 0.3365885416666667 0.5023148148148148 0.3361545138888889 0.5306712962962963 0.3352864583333333 0.5309606481481481 
2 0.4470486111111111 0.5104166666666666 0.4457465277777778 0.5101273148148148 0.4453125 0.5075231481481481 0.4470486111111111 0.5075231481481481 0.4470486111111111 0.5104166666666666 
2 0.4292534722222222 0.5138888888888888 0.4270833333333333 0.5138888888888888 0.4273003472222222 0.5104166666666666 0.431640625 0.5104166666666666 0.4370659722222222 0.5086805555555556 0.4431423611111111 0.5081018518518519 0.4431423611111111 0.5127314814814815 0.4292534722222222 0.5138888888888888 
2 0.3958333333333333 0.5170717592592593 0.3949652777777778 0.5170717592592593 0.3953993055555556 0.5104166666666666 0.4036458333333333 0.5107060185185185 0.4036458333333333 0.5153356481481481 0.3958333333333333 0.5170717592592593 
2 0.4077690972222222 0.5153356481481481 0.40625 0.5153356481481481 0.4064670138888889 0.5104166666666666 0.4114583333333333 0.5107060185185185 0.4116753472222222 0.5150462962962963 0.4077690972222222 0.5153356481481481 
2 0.4166666666666667 0.5147569444444444 0.4142795138888889 0.5147569444444444 0.4142795138888889 0.5104166666666666 0.4233940972222222 0.5107060185185185 0.4240451388888889 0.5141782407407407 0.4166666666666667 0.5147569444444444 
2 0.3917100694444444 0.5179398148148148 0.3910590277777778 0.5115740740740741 0.3919270833333333 0.5109953703703703 0.3917100694444444 0.5179398148148148 
2 0.3865017361111111 0.5190972222222222 0.3860677083333333 0.5127314814814815 0.3895399305555556 0.5121527777777778 0.3895399305555556 0.5182291666666666 0.3865017361111111 0.5190972222222222 
2 0.3812934027777778 0.5202546296296297 0.3806423611111111 0.5202546296296297 0.3802083333333333 0.5133101851851852 0.384765625 0.5127314814814815 0.384765625 0.5193865740740741 0.3812934027777778 0.5202546296296297 
2 0.3732638888888889 0.5219907407407407 0.3726128472222222 0.5219907407407407 0.3723958333333333 0.5138888888888888 0.3776041666666667 0.5133101851851852 0.3782552083333333 0.5208333333333334 0.3732638888888889 0.5219907407407407 
2 0.3702256944444444 0.5225694444444444 0.3671875 0.5173611111111112 0.3506944444444444 0.5173611111111112 0.3502604166666667 0.5141782407407407 0.3680555555555556 0.5138888888888888 0.3695746527777778 0.5164930555555556 0.3700086805555556 0.5138888888888888 0.3702256944444444 0.5225694444444444 
2 0.3532986111111111 0.5266203703703703 0.3519965277777778 0.5199652777777778 0.3669704861111111 0.5179398148148148 0.3674045138888889 0.5231481481481481 0.3532986111111111 0.5266203703703703 
2 0.3424479166666667 0.5292245370370371 0.341796875 0.5292245370370371 0.3420138888888889 0.5217013888888888 0.3450520833333333 0.5211226851851852 0.3452690972222222 0.5283564814814815 0.3424479166666667 0.5292245370370371 
2 0.3077256944444444 0.5376157407407407 0.3055555555555556 0.5376157407407407 0.3055555555555556 0.5321180555555556 0.3038194444444444 0.5286458333333334 0.3098958333333333 0.5277777777777778 0.3033854166666667 0.5274884259259259 0.3033854166666667 0.5254629629629629 0.3220486111111111 0.5240162037037037 0.3207465277777778 0.5309606481481481 0.3179253472222222 0.5309606481481481 0.31640625 0.5358796296296297 0.3127170138888889 0.5358796296296297 0.3125 0.5324074074074074 0.3079427083333333 0.5324074074074074 0.3077256944444444 0.5376157407407407 
2 0.2994791666666667 0.5274884259259259 0.2823350694444444 0.5274884259259259 0.2994791666666667 0.5257523148148148 0.2994791666666667 0.5274884259259259 
2 0.28125 0.5425347222222222 0.2810329861111111 0.5393518518518519 0.2782118055555556 0.5399305555555556 0.2784288194444444 0.5370370370370371 0.2764756944444444 0.5324074074074074 0.2994791666666667 0.5292245370370371 0.2994791666666667 0.5358796296296297 0.2940538194444444 0.5358796296296297 0.2938368055555556 0.5407986111111112 0.2888454861111111 0.5407986111111112 0.2886284722222222 0.5379050925925926 0.2877604166666667 0.5376157407407407 0.2875434027777778 0.5407986111111112 0.28125 0.5425347222222222 
2 0.25 0.5491898148148148 0.2419704861111111 0.5489004629629629 0.24153645833333334 0.5465856481481481 0.2421875 0.5373263888888888 0.2708333333333333 0.5335648148148148 0.2697482638888889 0.5442708333333334 0.2684461805555556 0.5442708333333334 0.2684461805555556 0.5407986111111112 0.2662760416666667 0.5425347222222222 0.2662760416666667 0.5442708333333334 0.2623697916666667 0.5460069444444444 0.2621527777777778 0.5425347222222222 0.2502170138888889 0.5439814814814815 0.25 0.5491898148148148 
2 0.23828125 0.5509259259259259 0.2361111111111111 0.5509259259259259 0.2358940972222222 0.5387731481481481 0.23719618055555555 0.5381944444444444 0.2384982638888889 0.5384837962962963 0.23828125 0.5509259259259259 
2 0.22721354166666666 0.5486111111111112 0.2267795138888889 0.5402199074074074 0.2300347222222222 0.5396412037037037 0.2302517361111111 0.5477430555555556 0.22721354166666666 0.5486111111111112 
2 0.15559895833333334 0.5535300925925926 0.15494791666666666 0.5535300925925926 0.15559895833333334 0.5535300925925926 
2 0.15364583333333334 0.5538194444444444 0.1527777777777778 0.5538194444444444 0.15364583333333334 0.5538194444444444 
2 0.13368055555555555 0.5688657407407407 0.1325954861111111 0.5685763888888888 0.13151041666666666 0.5656828703703703 0.13172743055555555 0.5590277777777778 0.134765625 0.5593171296296297 0.134765625 0.5685763888888888 0.13368055555555555 0.5688657407407407 
2 0.002387152777777778 0.6044560185185185 0.003472222222222222 0.5949074074074074 0.0 0.5960648148148148 0.0 0.5789930555555556 0.032552083333333336 0.5723379629629629 0.0998263888888889 0.5619212962962963 0.0920138888888889 0.5749421296296297 0.0861545138888889 0.5795717592592593 0.0861545138888889 0.5856481481481481 0.0857204861111111 0.5859375 0.07660590277777778 0.5862268518518519 0.0763888888888889 0.5813078703703703 0.07530381944444445 0.5810185185185185 0.026475694444444444 0.5908564814814815 0.017795138888888888 0.5943287037037037 0.017578125 0.6012731481481481 0.002387152777777778 0.6044560185185185 
