0 0.49785539215686275 0.6233660130718954 0.4883578431372549 0.6180555555555556 0.49111519607843135 0.6156045751633987 0.49846813725490197 0.619281045751634 0.49785539215686275 0.6233660130718954 
0 0.0664828431372549 0.6981209150326797 0.06495098039215687 0.6981209150326797 0.06525735294117647 0.6907679738562091 0.07996323529411764 0.6883169934640523 0.19944852941176472 0.6564542483660131 0.2539828431372549 0.639297385620915 0.25796568627450983 0.6384803921568627 0.25888480392156865 0.6409313725490197 0.24877450980392157 0.6450163398692811 0.09375 0.6915849673202614 0.0664828431372549 0.6981209150326797 
0 0.13174019607843138 0.6478758169934641 0.13051470588235295 0.6478758169934641 0.13174019607843138 0.6478758169934641 
0 0.13020833333333334 0.6482843137254902 0.12806372549019607 0.6482843137254902 0.13020833333333334 0.6482843137254902 
0 0.11672794117647059 0.6507352941176471 0.11458333333333333 0.6507352941176471 0.12806372549019607 0.6486928104575164 0.11672794117647059 0.6507352941176471 
0 0.11458333333333333 0.6511437908496732 0.11274509803921569 0.6511437908496732 0.11458333333333333 0.6511437908496732 
0 0.11243872549019608 0.6515522875816994 0.11090686274509803 0.6515522875816994 0.11243872549019608 0.6515522875816994 
0 0.10998774509803921 0.6519607843137255 0.1090686274509804 0.6519607843137255 0.10998774509803921 0.6519607843137255 
0 0.9996936274509803 0.8574346405228758 0.8958333333333334 0.8116830065359477 0.8082107843137255 0.7651143790849673 0.774203431372549 0.7483660130718954 0.6832107843137255 0.7091503267973857 0.6354166666666666 0.6899509803921569 0.5962009803921569 0.6678921568627451 0.5980392156862745 0.6638071895424836 0.6029411764705882 0.6593137254901961 0.7144607843137255 0.704248366013072 0.7702205882352942 0.7238562091503268 0.8431372549019608 0.7520424836601307 0.9031862745098039 0.7716503267973857 0.9552696078431373 0.7928921568627451 0.9996936274509803 0.8084150326797386 0.9996936274509803 0.8574346405228758 
0 0.06525735294117647 0.7234477124183006 0.06433823529411764 0.7234477124183006 0.06525735294117647 0.7148692810457516 0.23988970588235295 0.6613562091503268 0.23988970588235295 0.6683006535947712 0.1795343137254902 0.6858660130718954 0.09191176470588236 0.7136437908496732 0.06525735294117647 0.7234477124183006 
0 0.0 0.7116013071895425 0.0009191176470588235 0.7046568627450981 0.016237745098039217 0.701797385620915 0.015931372549019607 0.7083333333333334 0.0 0.7116013071895425 
0 0.0 0.7467320261437909 0.0 0.7365196078431373 0.014399509803921568 0.7324346405228758 0.013786764705882353 0.7418300653594772 0.0 0.7467320261437909 
0 0.11029411764705882 0.9730392156862745 0.1090686274509804 0.9673202614379085 0.1400122549019608 0.9015522875816994 0.2113970588235294 0.8361928104575164 0.22212009803921567 0.8169934640522876 0.22457107843137256 0.8251633986928104 0.22457107843137256 0.8439542483660131 0.21752450980392157 0.8570261437908496 0.16237745098039216 0.9150326797385621 0.13388480392156862 0.9497549019607843 0.11029411764705882 0.9730392156862745 
