0 0.5479417670682731 0.4585006693440428 0.5461847389558233 0.45749665327978584 0.5401606425702812 0.44377510040160645 0.5399096385542169 0.44109772423025434 0.5414156626506024 0.44143239625167335 0.5476907630522089 0.45582329317269077 0.5479417670682731 0.4585006693440428 
0 0.5072791164658634 0.4431057563587684 0.5040160642570282 0.4424364123159304 0.5072791164658634 0.4421017402945114 0.5072791164658634 0.4431057563587684 
0 0.5057730923694779 0.44410977242302546 0.5007530120481928 0.44410977242302546 0.5012550200803213 0.4431057563587684 0.5060240963855421 0.4431057563587684 0.5057730923694779 0.44410977242302546 
0 0.4563253012048193 0.4538152610441767 0.4568273092369478 0.45147255689424365 0.4636044176706827 0.4457831325301205 0.46536144578313254 0.4457831325301205 0.4623493975903614 0.44946452476572957 0.4563253012048193 0.4538152610441767 
0 0.4457831325301205 0.4608433734939759 0.44528112449799195 0.45950468540829986 0.4475401606425703 0.4581659973226238 0.4475401606425703 0.45950468540829986 0.4457831325301205 0.4608433734939759 
0 0.4307228915662651 0.4708835341365462 0.4294678714859438 0.4705488621151272 0.44327309236947793 0.46151271753681394 0.44302208835341367 0.46251673360107093 0.4307228915662651 0.4708835341365462 
0 0.49096385542168675 0.464524765729585 0.49096385542168675 0.46285140562248994 0.5020080321285141 0.46352074966532797 0.5020080321285141 0.464190093708166 0.49096385542168675 0.464524765729585 
0 0.6493473895582329 0.5304551539491299 0.623995983935743 0.5177376171352075 0.5978915662650602 0.49899598393574296 0.5855923694779116 0.4933065595716198 0.5672690763052208 0.4896251673360107 0.561495983935743 0.48728246318607765 0.5564759036144579 0.48293172690763053 0.5496987951807228 0.46987951807228917 0.5484437751004017 0.46552878179384205 0.5512048192771084 0.464524765729585 0.5602409638554217 0.4815930388219545 0.5640060240963856 0.48460508701472554 0.5765562248995983 0.4899598393574297 0.5953815261044176 0.49464524765729584 0.6297690763052208 0.5184069611780455 0.6408132530120482 0.5244310575635877 0.6546184738955824 0.5301204819277109 0.6493473895582329 0.5304551539491299 
0 0.5012550200803213 0.46686746987951805 0.48895582329317266 0.46653279785809904 0.4894578313253012 0.46519410977242304 0.501004016064257 0.464859437751004 0.5012550200803213 0.46686746987951805 
0 0.3717369477911647 0.5127175368139224 0.3709839357429719 0.5083668005354752 0.401355421686747 0.4896251673360107 0.4246987951807229 0.4722222222222222 0.4252008032128514 0.47322623828647925 0.42444779116465864 0.4748995983935743 0.4078815261044177 0.4879518072289157 0.3717369477911647 0.5127175368139224 
0 0.34086345381526106 0.5341365461847389 0.33433734939759036 0.5327978580990629 0.34086345381526106 0.5247657295850067 0.34387550200803213 0.5317938420348058 0.34086345381526106 0.5341365461847389 
0 0.8303212851405622 0.5418340026773761 0.7153614457831325 0.5381526104417671 0.6875 0.535140562248996 0.6772088353413654 0.5327978580990629 0.6769578313253012 0.5317938420348058 0.7098393574297188 0.5341365461847389 0.7906626506024096 0.536479250334672 0.7906626506024096 0.5384872824631861 0.795933734939759 0.5404953145917001 0.7964357429718876 0.5381526104417671 0.7981927710843374 0.5381526104417671 0.7989457831325302 0.536813922356091 0.8097389558232931 0.5371485943775101 0.8132530120481928 0.5381526104417671 0.8215361445783133 0.5374832663989291 0.8516566265060241 0.5388219544846051 0.8516566265060241 0.5414993306559571 0.8303212851405622 0.5418340026773761 
0 0.241214859437751 0.5649263721552878 0.2389558232931727 0.5649263721552878 0.24347389558232932 0.5622489959839357 0.24849397590361447 0.5622489959839357 0.30873493975903615 0.5515394912985274 0.3107429718875502 0.5525435073627845 0.30697791164658633 0.5545515394912985 0.28940763052208834 0.5578982597054887 0.241214859437751 0.5649263721552878 
0 0.0 0.5819946452476573 0.0 0.5769745649263721 0.014558232931726908 0.5769745649263721 0.06099397590361446 0.5736278447121821 0.08835341365461848 0.5742971887550201 0.0893574297188755 0.5773092369477911 0.0677710843373494 0.5773092369477911 0.0 0.5819946452476573 
0 0.08483935742971888 0.5913654618473896 0.08408634538152611 0.5906961178045516 0.0853413654618474 0.5860107095046854 0.12374497991967871 0.5843373493975904 0.13428714859437751 0.5819946452476573 0.13755020080321284 0.5803212851405622 0.13830321285140562 0.5833333333333334 0.1378012048192771 0.5846720214190094 0.1350401606425703 0.5856760374832664 0.12525100401606426 0.5876840696117804 0.08483935742971888 0.5913654618473896 
0 0.0 0.5947121820615796 0.0 0.5886880856760375 0.008283132530120483 0.5886880856760375 0.010542168674698794 0.5917001338688086 0.0 0.5947121820615796 
0 0.3305722891566265 0.6549531459170014 0.3278112449799197 0.6546184738955824 0.32806224899598396 0.6502677376171352 0.330070281124498 0.6469210174029452 0.3340863453815261 0.643239625167336 0.3381024096385542 0.643239625167336 0.33509036144578314 0.6442436412315931 0.33308232931726905 0.6479250334672021 0.37926706827309237 0.6462516733601071 0.3832831325301205 0.642235609103079 0.3815261044176707 0.6392235609103079 0.3770080321285141 0.6382195448460509 0.3815261044176707 0.6375502008032129 0.38805220883534136 0.6392235609103079 0.3910642570281124 0.643574297188755 0.39056224899598396 0.6469210174029452 0.3865461847389558 0.6519410977242303 0.37525100401606426 0.6529451137884873 0.3365963855421687 0.6532797858099063 0.3305722891566265 0.6549531459170014 
0 0.8012048192771084 0.6479250334672021 0.7979417670682731 0.6475903614457831 0.8295682730923695 0.6408969210174029 0.8293172690763052 0.642235609103079 0.8278112449799196 0.642904953145917 0.8012048192771084 0.6479250334672021 
0 0.7976907630522089 0.6475903614457831 0.7969377510040161 0.6475903614457831 0.7976907630522089 0.6475903614457831 
0 0.7966867469879518 0.6479250334672021 0.7954317269076305 0.6479250334672021 0.7966867469879518 0.6479250334672021 
0 0.7921686746987951 0.6492637215528781 0.7909136546184738 0.6489290495314591 0.7954317269076305 0.6482597054886211 0.7921686746987951 0.6492637215528781 
0 0.9518072289156626 0.999665327978581 0.9194277108433735 0.999665327978581 0.9176706827309237 0.9976572958500669 0.8687248995983936 0.9267068273092369 0.7585341365461847 0.7560240963855421 0.7241465863453815 0.7011378848728246 0.7251506024096386 0.6961178045515395 0.7349397590361446 0.6957831325301205 0.7356927710843374 0.6971218206157965 0.7602911646586346 0.7332663989290495 0.8042168674698795 0.7901606425702812 0.9518072289156626 0.999665327978581 
0 0.31224899598393574 0.7272423025435074 0.3064759036144578 0.7265729585006694 0.29693775100401604 0.7228915662650602 0.28313253012048195 0.7242302543507363 0.27058232931726905 0.7238955823293173 0.26255020080321284 0.7225568942436412 0.2565261044176707 0.7205488621151271 0.2560240963855422 0.7168674698795181 0.2600401606425703 0.7118473895582329 0.267570281124498 0.7061579651941098 0.2728413654618474 0.7071619812583668 0.26656626506024095 0.7115127175368139 0.2640562248995984 0.7158634538152611 0.26430722891566266 0.7175368139223561 0.2720883534136546 0.7208835341365462 0.28990963855421686 0.7208835341365462 0.30948795180722893 0.7178714859437751 0.32354417670682734 0.7125167336010709 0.32956827309236947 0.7064926372155288 0.30697791164658633 0.7061579651941098 0.3077309236947791 0.7048192771084337 0.3386044176706827 0.7034805890227577 0.33835341365461846 0.7068273092369478 0.33960843373493976 0.7074966532797858 0.3401104417670683 0.7101740294511378 0.3318273092369478 0.7192101740294511 0.3265562248995984 0.7225568942436412 0.31224899598393574 0.7272423025435074 
5 0.46335341365461846 0.4461178045515395 0.45607429718875503 0.4457831325301205 0.46335341365461846 0.4461178045515395 
5 0.5529618473895582 0.4578313253012048 0.5481927710843374 0.4578313253012048 0.5476907630522089 0.4571619812583668 0.552710843373494 0.4568273092369478 0.5529618473895582 0.4578313253012048 
5 0.5604919678714859 0.45749665327978584 0.5592369477911646 0.45749665327978584 0.5604919678714859 0.45749665327978584 
5 0.5592369477911646 0.464190093708166 0.5592369477911646 0.46318607764390896 0.5604919678714859 0.46285140562248994 0.5783132530120482 0.4605087014725569 0.5592369477911646 0.464190093708166 
5 0.5534638554216867 0.46519410977242304 0.5512048192771084 0.464859437751004 0.5579819277108434 0.463855421686747 0.5534638554216867 0.46519410977242304 
5 0.5015060240963856 0.46586345381526106 0.501004016064257 0.46519410977242304 0.5020080321285141 0.464190093708166 0.5015060240963856 0.46586345381526106 
5 0.5509538152610441 0.464859437751004 0.5502008032128514 0.464859437751004 0.5509538152610441 0.464859437751004 
5 0.40512048192771083 0.4675368139223561 0.402359437751004 0.46720214190093706 0.4031124497991968 0.4661981258366801 0.4053714859437751 0.46653279785809904 0.40512048192771083 0.4675368139223561 
5 0.40763052208835343 0.4678714859437751 0.40737951807228917 0.46686746987951805 0.40763052208835343 0.4678714859437751 
5 0.41490963855421686 0.4685408299866131 0.4113955823293173 0.4682061579651941 0.41315261044176704 0.4675368139223561 0.41490963855421686 0.4685408299866131 
5 0.4294678714859438 0.4705488621151272 0.4229417670682731 0.46987951807228917 0.42243975903614456 0.46921017402945114 0.4299698795180723 0.4702141900937082 0.4294678714859438 0.4705488621151272 
5 0.39809236947791166 0.4722222222222222 0.39633534136546184 0.4722222222222222 0.39809236947791166 0.4722222222222222 
5 0.4053714859437751 0.4725568942436412 0.4018574297188755 0.4718875502008032 0.4053714859437751 0.4725568942436412 
5 0.4083835341365462 0.4725568942436412 0.4066265060240964 0.4722222222222222 0.4083835341365462 0.4725568942436412 
5 0.4151606425702811 0.47289156626506024 0.4113955823293173 0.4725568942436412 0.4151606425702811 0.47289156626506024 
5 0.4234437751004016 0.47322623828647925 0.41842369477911645 0.47289156626506024 0.4239457831325301 0.47289156626506024 0.4234437751004016 0.47322623828647925 
5 0.6769578313253012 0.5327978580990629 0.668925702811245 0.5327978580990629 0.6556224899598394 0.5304551539491299 0.6521084337349398 0.5291164658634538 0.6538654618473896 0.5281124497991968 0.6779618473895582 0.5307898259705489 0.6769578313253012 0.5327978580990629 
5 0.2976907630522088 0.5538821954484605 0.2961847389558233 0.5538821954484605 0.3077309236947791 0.5505354752342704 0.3160140562248996 0.5461847389558233 0.32831325301204817 0.536813922356091 0.3353413654618474 0.5301204819277109 0.3360943775100402 0.5307898259705489 0.3345883534136546 0.5327978580990629 0.3401104417670683 0.5341365461847389 0.3177710843373494 0.5498661311914324 0.31099397590361444 0.5528781793842035 0.30873493975903615 0.5515394912985274 0.2976907630522088 0.5538821954484605 
5 0.29994979919678716 0.5558902275769746 0.2991967871485944 0.5558902275769746 0.29994979919678716 0.5558902275769746 
5 0.11847389558232932 0.5749665327978581 0.11772088353413655 0.5749665327978581 0.11772088353413655 0.5729585006693441 0.11872489959839358 0.572289156626506 0.11947791164658635 0.5739625167336011 0.11847389558232932 0.5749665327978581 
5 0.09713855421686747 0.5773092369477911 0.08960843373493976 0.5773092369477911 0.08860441767068274 0.5756358768406962 0.09989959839357429 0.5756358768406962 0.11395582329317269 0.5739625167336011 0.11395582329317269 0.5753012048192772 0.09713855421686747 0.5773092369477911 
5 0.0 0.5997322623828648 0.0 0.5967202141900937 0.0391566265060241 0.5947121820615796 0.08383534136546185 0.5893574297188755 0.08458835341365462 0.5913654618473896 0.0 0.5997322623828648 
5 0.08659638554216867 0.5913654618473896 0.08483935742971888 0.5913654618473896 0.08659638554216867 0.5913654618473896 
5 0.7246485943775101 0.6987951807228916 0.7241465863453815 0.6951137884872824 0.7261546184738956 0.6884203480589023 0.7361947791164659 0.6746987951807228 0.7429718875502008 0.6690093708165997 0.759789156626506 0.6596385542168675 0.7751004016064257 0.6539491298527443 0.7979417670682731 0.6472556894243642 0.8012048192771084 0.6492637215528781 0.7899096385542169 0.6519410977242303 0.7653112449799196 0.6606425702811245 0.7540160642570282 0.6676706827309237 0.7447289156626506 0.6753681392235609 0.7389558232931727 0.6817269076305221 0.7349397590361446 0.6904283801874164 0.7344377510040161 0.6961178045515395 0.7251506024096386 0.6961178045515395 0.7246485943775101 0.6987951807228916 
5 0.26957831325301207 0.7064926372155288 0.267570281124498 0.7061579651941098 0.3220381526104418 0.6562918340026773 0.32806224899598396 0.6519410977242303 0.3273092369477912 0.6546184738955824 0.26957831325301207 0.7064926372155288 
5 0.34236947791164657 0.7068273092369478 0.33835341365461846 0.7064926372155288 0.38278112449799195 0.6516064257028112 0.38604417670682734 0.6522757697456493 0.3732429718875502 0.6693440428380187 0.34236947791164657 0.7068273092369478 
