0 0.23069852941176472 0.7348856209150327 0.17769607843137256 0.7263071895424836 0.17769607843137256 0.7222222222222222 0.1798406862745098 0.7214052287581699 0.23100490196078433 0.7287581699346405 0.23069852941176472 0.7348856209150327 
0 0.6148897058823529 0.7275326797385621 0.5940563725490197 0.7242647058823529 0.5925245098039216 0.7238562091503268 0.5919117647058824 0.7218137254901961 0.6145833333333334 0.7246732026143791 0.6148897058823529 0.7275326797385621 
0 0.44638480392156865 0.7446895424836601 0.44607843137254904 0.7410130718954249 0.44424019607843135 0.7406045751633987 0.453125 0.7320261437908496 0.4540441176470588 0.7283496732026143 0.4518995098039216 0.7250816993464052 0.4528186274509804 0.7234477124183006 0.45557598039215685 0.7271241830065359 0.4568014705882353 0.7320261437908496 0.45159313725490197 0.741421568627451 0.44638480392156865 0.7446895424836601 
0 0.6280637254901961 0.7299836601307189 0.6182598039215687 0.7283496732026143 0.617953431372549 0.7258986928104575 0.6274509803921569 0.7267156862745098 0.6280637254901961 0.7275326797385621 0.6280637254901961 0.7299836601307189 
0 0.8137254901960784 0.7708333333333334 0.6832107843137255 0.7397875816993464 0.6412377450980392 0.7324346405228758 0.6400122549019608 0.7320261437908496 0.6400122549019608 0.7295751633986928 0.6911764705882353 0.7373366013071896 0.8174019607843137 0.7647058823529411 0.8183210784313726 0.7691993464052288 0.8137254901960784 0.7708333333333334 
0 0.3011642156862745 0.7406045751633987 0.28339460784313725 0.7401960784313726 0.28308823529411764 0.7393790849673203 0.28400735294117646 0.7352941176470589 0.3017769607843137 0.7361111111111112 0.3011642156862745 0.7406045751633987 
0 0.34528186274509803 0.7418300653594772 0.3238357843137255 0.7410130718954249 0.3244485294117647 0.7369281045751634 0.34558823529411764 0.7373366013071896 0.34528186274509803 0.7418300653594772 
0 0.4332107843137255 0.7540849673202614 0.43443627450980393 0.7483660130718954 0.4371936274509804 0.7508169934640523 0.4332107843137255 0.7540849673202614 
0 0.6672794117647058 0.7647058823529411 0.6063112745098039 0.7593954248366013 0.6050857843137255 0.7553104575163399 0.6106004901960784 0.7508169934640523 0.6332720588235294 0.755718954248366 0.6522671568627451 0.7565359477124183 0.6461397058823529 0.7532679738562091 0.6479779411764706 0.7516339869281046 0.6657475490196079 0.7589869281045751 0.6688112745098039 0.7626633986928104 0.6672794117647058 0.7647058823529411 
0 0.3961397058823529 0.7749183006535948 0.3952205882352941 0.7745098039215687 0.39736519607843135 0.7663398692810458 0.42401960784313725 0.7536764705882353 0.4267769607843137 0.758578431372549 0.41973039215686275 0.7634803921568627 0.4181985294117647 0.7598039215686274 0.4065563725490196 0.7659313725490197 0.4068627450980392 0.7700163398692811 0.3961397058823529 0.7749183006535948 
0 0.9736519607843137 0.8002450980392157 0.9638480392156863 0.7986111111111112 0.9540441176470589 0.7998366013071896 0.8799019607843137 0.7839052287581699 0.9087009803921569 0.7851307189542484 0.9273897058823529 0.7875816993464052 0.9610906862745098 0.7961601307189542 0.9721200980392157 0.7961601307189542 0.9742647058823529 0.7973856209150327 0.9736519607843137 0.8002450980392157 
0 0.0 0.9428104575163399 0.0 0.9183006535947712 0.0009191176470588235 0.9174836601307189 0.1173406862745098 0.8725490196078431 0.2607230392156863 0.8202614379084967 0.28308823529411764 0.8243464052287581 0.2610294117647059 0.8419117647058824 0.25857843137254904 0.8423202614379085 0.2555147058823529 0.829248366013072 0.12683823529411764 0.8803104575163399 0.1256127450980392 0.8811274509803921 0.1256127450980392 0.8958333333333334 0.0 0.9428104575163399 
1 0.18627450980392157 0.6793300653594772 0.18566176470588236 0.6764705882352942 0.18627450980392157 0.6768790849673203 0.18627450980392157 0.6793300653594772 
1 0.27879901960784315 0.7401960784313726 0.2423406862745098 0.7365196078431373 0.23100490196078433 0.7336601307189542 0.23100490196078433 0.7324346405228758 0.23253676470588236 0.7328431372549019 0.23345588235294118 0.7295751633986928 0.2337622549019608 0.7230392156862745 0.23284313725490197 0.7209967320261438 0.22579656862745098 0.7181372549019608 0.22212009803921567 0.7193627450980392 0.22303921568627452 0.6985294117647058 0.22334558823529413 0.6968954248366013 0.22487745098039216 0.696078431372549 0.22549019607843138 0.6801470588235294 0.23927696078431374 0.6830065359477124 0.23958333333333334 0.6854575163398693 0.24877450980392157 0.6850490196078431 0.2509191176470588 0.6862745098039216 0.25214460784313725 0.6875 0.25183823529411764 0.6968954248366013 0.28952205882352944 0.6915849673202614 0.28799019607843135 0.7030228758169934 0.30484068627450983 0.7038398692810458 0.30422794117647056 0.7120098039215687 0.2867647058823529 0.7116013071895425 0.2861519607843137 0.7291666666666666 0.30269607843137253 0.7303921568627451 0.3020833333333333 0.735702614379085 0.28400735294117646 0.7352941176470589 0.28308823529411764 0.7389705882352942 0.27879901960784315 0.7401960784313726 
1 0.8045343137254902 0.7479575163398693 0.7717524509803921 0.7381535947712419 0.7530637254901961 0.7369281045751634 0.7521446078431373 0.7124183006535948 0.7542892156862745 0.7107843137254902 0.7561274509803921 0.7128267973856209 0.7717524509803921 0.7140522875816994 0.7729779411764706 0.7152777777777778 0.7732843137254902 0.7222222222222222 0.7803308823529411 0.7222222222222222 0.7803308823529411 0.6956699346405228 0.7861519607843137 0.6948529411764706 0.7858455882352942 0.6895424836601307 0.7928921568627451 0.6899509803921569 0.7935049019607843 0.6919934640522876 0.7922794117647058 0.6936274509803921 0.7919730392156863 0.7124183006535948 0.8005514705882353 0.7124183006535948 0.8014705882352942 0.7152777777777778 0.8017769607843137 0.7250816993464052 0.8033088235294118 0.7258986928104575 0.803921568627451 0.7283496732026143 0.8045343137254902 0.7479575163398693 
1 0.20802696078431374 0.7205882352941176 0.20435049019607843 0.7205882352941176 0.20955882352941177 0.7136437908496732 0.21017156862745098 0.7087418300653595 0.20772058823529413 0.7030228758169934 0.20465686274509803 0.7026143790849673 0.2025122549019608 0.7054738562091504 0.19975490196078433 0.704248366013072 0.1951593137254902 0.7107843137254902 0.1951593137254902 0.7169117647058824 0.19822303921568626 0.7189542483660131 0.1948529411764706 0.7189542483660131 0.18903186274509803 0.7165032679738562 0.18535539215686275 0.7197712418300654 0.17800245098039216 0.7193627450980392 0.17892156862745098 0.7128267973856209 0.18259803921568626 0.7128267973856209 0.18627450980392157 0.7103758169934641 0.18841911764705882 0.696078431372549 0.22089460784313725 0.6973039215686274 0.21997549019607843 0.7193627450980392 0.2107843137254902 0.7193627450980392 0.20802696078431374 0.7205882352941176 
1 0.39338235294117646 0.7393790849673203 0.37806372549019607 0.738562091503268 0.3802083333333333 0.7075163398692811 0.3903186274509804 0.7075163398692811 0.3958333333333333 0.7050653594771242 0.39338235294117646 0.7393790849673203 
1 0.6920955882352942 0.7165032679738562 0.6832107843137255 0.7160947712418301 0.6832107843137255 0.7103758169934641 0.6920955882352942 0.7103758169934641 0.6920955882352942 0.7165032679738562 
1 0.7086397058823529 0.7189542483660131 0.7046568627450981 0.7189542483660131 0.7028186274509803 0.7140522875816994 0.7083333333333334 0.7136437908496732 0.7086397058823529 0.7189542483660131 
1 0.921875 0.7802287581699346 0.9065563725490197 0.7765522875816994 0.8771446078431373 0.7655228758169934 0.8085171568627451 0.7491830065359477 0.8075980392156863 0.7487745098039216 0.8072916666666666 0.733251633986928 0.8085171568627451 0.7328431372549019 0.8085171568627451 0.7299836601307189 0.8155637254901961 0.7316176470588235 0.8158700980392157 0.7291666666666666 0.8174019607843137 0.7287581699346405 0.8174019607843137 0.7324346405228758 0.8192401960784313 0.7328431372549019 0.8198529411764706 0.7463235294117647 0.8207720588235294 0.7463235294117647 0.8207720588235294 0.7324346405228758 0.8327205882352942 0.7324346405228758 0.8339460784313726 0.7308006535947712 0.8357843137254902 0.7328431372549019 0.8722426470588235 0.7381535947712419 0.8771446078431373 0.7455065359477124 0.8826593137254902 0.75 0.8884803921568627 0.75 0.8912377450980392 0.7475490196078431 0.9031862745098039 0.7593954248366013 0.9037990196078431 0.7651143790849673 0.9074754901960784 0.7700163398692811 0.9102328431372549 0.7708333333333334 0.9237132352941176 0.7679738562091504 0.9319852941176471 0.7581699346405228 0.9344362745098039 0.7638888888888888 0.9347426470588235 0.7679738562091504 0.9276960784313726 0.7679738562091504 0.9231004901960784 0.7712418300653595 0.9194240196078431 0.7712418300653595 0.9191176470588235 0.7765522875816994 0.9209558823529411 0.7769607843137255 0.921875 0.7802287581699346 
1 0.9996936274509803 0.8002450980392157 0.9947916666666666 0.798202614379085 0.991421568627451 0.7990196078431373 0.9810049019607843 0.7969771241830066 0.9813112745098039 0.7953431372549019 0.9684436274509803 0.7928921568627451 0.9675245098039216 0.7769607843137255 0.9715073529411765 0.764297385620915 0.9803921568627451 0.7573529411764706 0.9828431372549019 0.7573529411764706 0.9889705882352942 0.7618464052287581 0.9908088235294118 0.766748366013072 0.9960171568627451 0.7712418300653595 0.9996936274509803 0.7700163398692811 0.9996936274509803 0.8002450980392157 
1 0.9638480392156863 0.7916666666666666 0.9283088235294118 0.7822712418300654 0.9270833333333334 0.7818627450980392 0.9273897058823529 0.7790032679738562 0.9280024509803921 0.7777777777777778 0.9307598039215687 0.7777777777777778 0.9375 0.7802287581699346 0.944546568627451 0.7810457516339869 0.9494485294117647 0.7794117647058824 0.9466911764705882 0.7712418300653595 0.9473039215686274 0.7663398692810458 0.9543504901960784 0.7704248366013072 0.9561887254901961 0.7728758169934641 0.9620098039215687 0.7696078431372549 0.9626225490196079 0.7741013071895425 0.9610906862745098 0.7790032679738562 0.9632352941176471 0.7822712418300654 0.9638480392156863 0.7916666666666666 
5 0.4270833333333333 0.758578431372549 0.42401960784313725 0.7532679738562091 0.43474264705882354 0.7479575163398693 0.44393382352941174 0.7406045751633987 0.44607843137254904 0.7410130718954249 0.44607843137254904 0.7450980392156863 0.4375 0.7508169934640523 0.43443627450980393 0.7483660130718954 0.4325980392156863 0.7549019607843137 0.4270833333333333 0.758578431372549 
5 0.8949142156862745 0.7843137254901961 0.8792892156862745 0.7843137254901961 0.8143382352941176 0.7708333333333334 0.8183210784313726 0.7691993464052288 0.8177083333333334 0.7659313725490197 0.8186274509803921 0.7655228758169934 0.8949142156862745 0.7843137254901961 
5 0.28125 0.8263888888888888 0.28308823529411764 0.8243464052287581 0.2607230392156863 0.8206699346405228 0.39705882352941174 0.7671568627450981 0.3952205882352941 0.7749183006535948 0.39215686274509803 0.7781862745098039 0.28125 0.8263888888888888 
5 0.8826593137254902 0.7847222222222222 0.8808210784313726 0.7847222222222222 0.8826593137254902 0.7847222222222222 
5 0.8844975490196079 0.7851307189542484 0.8826593137254902 0.7851307189542484 0.8844975490196079 0.7851307189542484 
5 0.8866421568627451 0.7855392156862745 0.8848039215686274 0.7855392156862745 0.8866421568627451 0.7855392156862745 
5 0.8887867647058824 0.7859477124183006 0.8866421568627451 0.7859477124183006 0.8887867647058824 0.7859477124183006 
5 0.890625 0.7863562091503268 0.8887867647058824 0.7863562091503268 0.890625 0.7863562091503268 
5 0.8946078431372549 0.7871732026143791 0.890625 0.7867647058823529 0.8946078431372549 0.7871732026143791 
5 0.8967524509803921 0.7879901960784313 0.8946078431372549 0.7875816993464052 0.8967524509803921 0.7879901960784313 
2 0.6026348039215687 0.7181372549019608 0.5949754901960784 0.7173202614379085 0.5946691176470589 0.7062908496732027 0.5894607843137255 0.7062908496732027 0.586703431372549 0.6895424836601307 0.5888480392156863 0.6895424836601307 0.5897671568627451 0.6928104575163399 0.5934436274509803 0.6915849673202614 0.5949754901960784 0.6936274509803921 0.6001838235294118 0.6924019607843137 0.6011029411764706 0.6907679738562091 0.6029411764705882 0.6911764705882353 0.6026348039215687 0.7181372549019608 
2 0.6145833333333334 0.7193627450980392 0.6050857843137255 0.7185457516339869 0.6050857843137255 0.6911764705882353 0.6145833333333334 0.6919934640522876 0.6145833333333334 0.7193627450980392 
2 0.6268382352941176 0.7201797385620915 0.617953431372549 0.7193627450980392 0.617953431372549 0.6915849673202614 0.6271446078431373 0.6919934640522876 0.6268382352941176 0.7201797385620915 
2 0.6724877450980392 0.7242647058823529 0.6681985294117647 0.7242647058823529 0.6669730392156863 0.7226307189542484 0.6669730392156863 0.7030228758169934 0.6694240196078431 0.7132352941176471 0.671875 0.7152777777777778 0.6724877450980392 0.7242647058823529 
2 0.7270220588235294 0.7344771241830066 0.7138480392156863 0.7316176470588235 0.7003676470588235 0.7303921568627451 0.6997549019607843 0.7144607843137255 0.6973039215686274 0.7148692810457516 0.6973039215686274 0.7299836601307189 0.6865808823529411 0.7254901960784313 0.6761642156862745 0.7242647058823529 0.6761642156862745 0.7156862745098039 0.678921568627451 0.7152777777777778 0.6795343137254902 0.7132352941176471 0.6783088235294118 0.7062908496732027 0.678921568627451 0.7050653594771242 0.6847426470588235 0.7062908496732027 0.6832107843137255 0.7103758169934641 0.6832107843137255 0.7160947712418301 0.6920955882352942 0.7165032679738562 0.6920955882352942 0.7107843137254902 0.6908700980392157 0.7103758169934641 0.6911764705882353 0.7062908496732027 0.7034313725490197 0.7066993464052288 0.7043504901960784 0.7087418300653595 0.7046568627450981 0.7136437908496732 0.7028186274509803 0.7144607843137255 0.7043504901960784 0.7189542483660131 0.7086397058823529 0.7193627450980392 0.7092524509803921 0.7308006535947712 0.7141544117647058 0.7308006535947712 0.7129289215686274 0.7120098039215687 0.711703431372549 0.7116013071895425 0.7123161764705882 0.7091503267973857 0.7138480392156863 0.7079248366013072 0.7212009803921569 0.7079248366013072 0.7218137254901961 0.7091503267973857 0.7218137254901961 0.7230392156862745 0.7245710784313726 0.7303921568627451 0.7279411764705882 0.7308006535947712 0.7270220588235294 0.7344771241830066 
2 0.7527573529411765 0.7369281045751634 0.7487745098039216 0.7365196078431373 0.75 0.7352941176470589 0.7503063725490197 0.7283496732026143 0.7487745098039216 0.7263071895424836 0.7454044117647058 0.7263071895424836 0.7447916666666666 0.7246732026143791 0.7444852941176471 0.7107843137254902 0.7490808823529411 0.7083333333333334 0.7487745098039216 0.7066993464052288 0.7472426470588235 0.7062908496732027 0.7487745098039216 0.7054738562091504 0.7530637254901961 0.7050653594771242 0.7576593137254902 0.7066993464052288 0.7579656862745098 0.7128267973856209 0.7561274509803921 0.7128267973856209 0.7542892156862745 0.7107843137254902 0.7521446078431373 0.7124183006535948 0.7527573529411765 0.7369281045751634 
