0 0.5123697916666666 0.5491898148148148 0.5010850694444444 0.5474537037037037 0.5 0.5460069444444444 0.5149739583333334 0.5474537037037037 0.5123697916666666 0.5491898148148148 
0 0.5707465277777778 0.5584490740740741 0.5690104166666666 0.5555555555555556 0.5603298611111112 0.5570023148148148 0.5325520833333334 0.5526620370370371 0.5323350694444444 0.5509259259259259 0.5579427083333334 0.5543981481481481 0.5726996527777778 0.5555555555555556 0.5707465277777778 0.5584490740740741 
0 0.3793402777777778 0.5677083333333334 0.3752170138888889 0.5677083333333334 0.3765190972222222 0.5627893518518519 0.3838975694444444 0.5561342592592593 0.3828125 0.5607638888888888 0.3830295138888889 0.5639467592592593 0.3793402777777778 0.5677083333333334 
0 0.3402777777777778 0.6032986111111112 0.337890625 0.5960648148148148 0.3352864583333333 0.5957754629629629 0.3355034722222222 0.5951967592592593 0.3600260416666667 0.5743634259259259 0.3667534722222222 0.5743634259259259 0.3665364583333333 0.5795717592592593 0.3402777777777778 0.6032986111111112 
0 0.9774305555555556 0.6102430555555556 0.9483506944444444 0.6079282407407407 0.8806423611111112 0.5995370370370371 0.8463541666666666 0.5943287037037037 0.7912326388888888 0.5879629629629629 0.7899305555555556 0.5876736111111112 0.7894965277777778 0.5807291666666666 0.8326822916666666 0.5833333333333334 0.8328993055555556 0.5844907407407407 0.8465711805555556 0.5842013888888888 0.9296875 0.5946180555555556 0.9644097222222222 0.5969328703703703 0.9644097222222222 0.5995370370370371 0.9659288194444444 0.6012731481481481 0.9774305555555556 0.6102430555555556 
0 0.3294270833333333 0.6047453703703703 0.3287760416666667 0.6044560185185185 0.3302951388888889 0.6018518518518519 0.3294270833333333 0.6047453703703703 
0 0.0 0.9227430555555556 0.0 0.8486689814814815 0.19835069444444445 0.6979166666666666 0.1994357638888889 0.6979166666666666 0.20052083333333334 0.7002314814814815 0.22330729166666666 0.7008101851851852 0.2144097222222222 0.7170138888888888 0.16297743055555555 0.7690972222222222 0.0 0.9227430555555556 
5 0.22916666666666666 0.6229745370370371 0.19270833333333334 0.6229745370370371 0.1996527777777778 0.6171875 0.2302517361111111 0.6168981481481481 0.2938368055555556 0.6137152777777778 0.3294270833333333 0.6047453703703703 0.3328993055555556 0.5957754629629629 0.337890625 0.5957754629629629 0.3402777777777778 0.6041666666666666 0.3361545138888889 0.6067708333333334 0.3376736111111111 0.6073495370370371 0.3166232638888889 0.6148726851851852 0.2936197916666667 0.6186342592592593 0.22916666666666666 0.6229745370370371 
5 0.2248263888888889 0.7008101851851852 0.20052083333333334 0.7002314814814815 0.1994357638888889 0.6982060185185185 0.20703125 0.6889467592592593 0.2009548611111111 0.6785300925925926 0.19053819444444445 0.6733217592592593 0.16731770833333334 0.6684027777777778 0.12999131944444445 0.6655092592592593 0.111328125 0.6608796296296297 0.12044270833333333 0.6550925925925926 0.1519097222222222 0.6568287037037037 0.201171875 0.6701388888888888 0.2243923611111111 0.6811342592592593 0.2261284722222222 0.6961805555555556 0.2248263888888889 0.7008101851851852 
5 0.2189670138888889 0.7094907407407407 0.22330729166666666 0.7013888888888888 0.22352430555555555 0.7022569444444444 0.2189670138888889 0.7094907407407407 
5 0.2183159722222222 0.7106481481481481 0.21875 0.7094907407407407 0.2183159722222222 0.7106481481481481 
5 0.21766493055555555 0.7118055555555556 0.21788194444444445 0.7109375 0.21766493055555555 0.7118055555555556 
3 0.4576822916666667 0.5552662037037037 0.4459635416666667 0.5506365740740741 0.4450954861111111 0.5497685185185185 0.4576822916666667 0.5541087962962963 0.4576822916666667 0.5552662037037037 
3 0.5499131944444444 0.5711805555555556 0.5028211805555556 0.5596064814814815 0.5017361111111112 0.5593171296296297 0.5017361111111112 0.5581597222222222 0.5499131944444444 0.5688657407407407 0.5499131944444444 0.5711805555555556 
3 0.5492621527777778 0.5946180555555556 0.5418836805555556 0.5920138888888888 0.5026041666666666 0.5740740740740741 0.5023871527777778 0.5706018518518519 0.5501302083333334 0.5908564814814815 0.5492621527777778 0.5946180555555556 
3 0.5588107638888888 0.5734953703703703 0.5559895833333334 0.5729166666666666 0.5551215277777778 0.5706018518518519 0.55859375 0.5708912037037037 0.5588107638888888 0.5734953703703703 
3 0.9997829861111112 0.6767939814814815 0.7890625 0.6293402777777778 0.7888454861111112 0.6261574074074074 0.7790798611111112 0.6212384259259259 0.7788628472222222 0.6206597222222222 0.9997829861111112 0.6695601851851852 0.9997829861111112 0.6767939814814815 
3 0.9997829861111112 0.7835648148148148 0.7645399305555556 0.6759259259259259 0.7625868055555556 0.6747685185185185 0.7649739583333334 0.6715856481481481 0.7623697916666666 0.6681134259259259 0.763671875 0.6672453703703703 0.7654079861111112 0.6678240740740741 0.7699652777777778 0.6765046296296297 0.7725694444444444 0.6733217592592593 0.7717013888888888 0.6698495370370371 0.9997829861111112 0.7505787037037037 0.9997829861111112 0.7835648148148148 
