1 0.15778186274509803 0.3925653594771242 0.13051470588235295 0.37949346405228757 0.02267156862745098 0.34967320261437906 0.025735294117647058 0.30392156862745096 0.08547794117647059 0.3227124183006536 0.09160539215686274 0.31576797385620914 0.10049019607843138 0.31781045751633985 0.1053921568627451 0.3247549019607843 0.1056985294117647 0.3312908496732026 0.16697303921568626 0.3598856209150327 0.15778186274509803 0.3925653594771242 
2 0.4543504901960784 0.6429738562091504 0.4267769607843137 0.6425653594771242 0.4255514705882353 0.6409313725490197 0.4255514705882353 0.6348039215686274 0.42922794117647056 0.6360294117647058 0.43045343137254904 0.6315359477124183 0.43075980392156865 0.6327614379084967 0.4332107843137255 0.6331699346405228 0.4335171568627451 0.6360294117647058 0.44424019607843135 0.6360294117647058 0.44546568627450983 0.6294934640522876 0.4494485294117647 0.6290849673202614 0.4494485294117647 0.6360294117647058 0.4543504901960784 0.636437908496732 0.4543504901960784 0.6429738562091504 
2 0.41390931372549017 0.6425653594771242 0.39705882352941174 0.6425653594771242 0.39675245098039214 0.6356209150326797 0.4053308823529412 0.6348039215686274 0.4181985294117647 0.630718954248366 0.4224877450980392 0.6331699346405228 0.4224877450980392 0.6348039215686274 0.4215686274509804 0.6352124183006536 0.41942401960784315 0.6343954248366013 0.4185049019607843 0.6356209150326797 0.41452205882352944 0.6360294117647058 0.41452205882352944 0.641748366013072 0.41390931372549017 0.6425653594771242 
2 0.4693627450980392 0.6437908496732027 0.4568014705882353 0.6429738562091504 0.45618872549019607 0.636437908496732 0.46047794117647056 0.6360294117647058 0.46078431372549017 0.630718954248366 0.4632352941176471 0.6315359477124183 0.4638480392156863 0.6331699346405228 0.46599264705882354 0.6323529411764706 0.4675245098039216 0.6360294117647058 0.4693627450980392 0.636437908496732 0.4693627450980392 0.6437908496732027 
2 0.484375 0.6441993464052288 0.47120098039215685 0.6437908496732027 0.47089460784313725 0.636437908496732 0.47702205882352944 0.6360294117647058 0.47732843137254904 0.630718954248366 0.4840686274509804 0.630718954248366 0.484375 0.6441993464052288 
2 0.5153186274509803 0.6376633986928104 0.5110294117647058 0.636437908496732 0.5125612745098039 0.6360294117647058 0.5150122549019608 0.630718954248366 0.515625 0.633578431372549 0.5153186274509803 0.6376633986928104 
2 0.5202205882352942 0.6360294117647058 0.5180759803921569 0.633578431372549 0.5183823529411765 0.630718954248366 0.5211397058823529 0.6311274509803921 0.5202205882352942 0.6360294117647058 
2 0.5061274509803921 0.6454248366013072 0.48743872549019607 0.6446078431372549 0.48682598039215685 0.6388888888888888 0.4944852941176471 0.6409313725490197 0.4957107843137255 0.6327614379084967 0.5009191176470589 0.6319444444444444 0.5024509803921569 0.6360294117647058 0.507046568627451 0.636437908496732 0.5061274509803921 0.6454248366013072 
2 0.5456495098039216 0.6474673202614379 0.5211397058823529 0.6458333333333334 0.5208333333333334 0.6446078431372549 0.522671568627451 0.6372549019607843 0.5309436274509803 0.636437908496732 0.5337009803921569 0.6323529411764706 0.5376838235294118 0.6323529411764706 0.5413602941176471 0.6376633986928104 0.5453431372549019 0.6384803921568627 0.5456495098039216 0.6474673202614379 
2 0.5897671568627451 0.6511437908496732 0.5732230392156863 0.6511437908496732 0.5689338235294118 0.6491013071895425 0.5520833333333334 0.6474673202614379 0.5511642156862745 0.6348039215686274 0.5575980392156863 0.6323529411764706 0.5591299019607843 0.639297385620915 0.5713848039215687 0.639297385620915 0.5738357843137255 0.6348039215686274 0.5753676470588235 0.6348039215686274 0.5756740196078431 0.6327614379084967 0.5802696078431373 0.6409313725490197 0.5919117647058824 0.6409313725490197 0.5916053921568627 0.6503267973856209 0.5897671568627451 0.6511437908496732 
2 0.6378676470588235 0.6548202614379085 0.633578431372549 0.6548202614379085 0.6341911764705882 0.6401143790849673 0.6351102941176471 0.6397058823529411 0.6366421568627451 0.6343954248366013 0.6418504901960784 0.6343954248366013 0.6467524509803921 0.6441993464052288 0.6525735294117647 0.6441993464052288 0.6531862745098039 0.6544117647058824 0.6378676470588235 0.6548202614379085 
2 0.6663602941176471 0.6544117647058824 0.6568627450980392 0.6544117647058824 0.6565563725490197 0.6437908496732027 0.6602328431372549 0.6429738562091504 0.663296568627451 0.6343954248366013 0.6642156862745098 0.6348039215686274 0.6642156862745098 0.6380718954248366 0.6657475490196079 0.639297385620915 0.6663602941176471 0.6544117647058824 
2 0.3903186274509804 0.6425653594771242 0.3893995098039216 0.6425653594771242 0.3893995098039216 0.636437908496732 0.3943014705882353 0.6356209150326797 0.3943014705882353 0.6409313725490197 0.390625 0.6409313725490197 0.3903186274509804 0.6425653594771242 
2 0.3700980392156863 0.6413398692810458 0.3633578431372549 0.6413398692810458 0.3630514705882353 0.636437908496732 0.3700980392156863 0.6360294117647058 0.3700980392156863 0.6413398692810458 
2 0.3863357843137255 0.6425653594771242 0.37714460784313725 0.6421568627450981 0.37653186274509803 0.636437908496732 0.3872549019607843 0.6360294117647058 0.3863357843137255 0.6425653594771242 
2 0.7371323529411765 0.6544117647058824 0.6715686274509803 0.6544117647058824 0.6709558823529411 0.6397058823529411 0.6731004901960784 0.6425653594771242 0.6948529411764706 0.6425653594771242 0.7022058823529411 0.6360294117647058 0.7331495098039216 0.636437908496732 0.7371323529411765 0.6544117647058824 
2 0.8581495098039216 0.6535947712418301 0.8388480392156863 0.6535947712418301 0.8336397058823529 0.6380718954248366 0.8881740196078431 0.6368464052287581 0.8897058823529411 0.6531862745098039 0.8581495098039216 0.6535947712418301 
2 0.37346813725490197 0.6413398692810458 0.37316176470588236 0.6384803921568627 0.37346813725490197 0.6413398692810458 
4 0.9996936274509803 0.758578431372549 0.8685661764705882 0.7336601307189542 0.8667279411764706 0.7336601307189542 0.8642769607843137 0.738562091503268 0.8489583333333334 0.7418300653594772 0.7521446078431373 0.7144607843137255 0.6731004901960784 0.7001633986928104 0.5762867647058824 0.6776960784313726 0.5367647058823529 0.6699346405228758 0.5349264705882353 0.6703431372549019 0.5349264705882353 0.673202614379085 0.5061274509803921 0.6666666666666666 0.5058210784313726 0.6629901960784313 0.5162377450980392 0.6625816993464052 0.5321691176470589 0.6662581699346405 0.5337009803921569 0.6593137254901961 0.6381740196078431 0.6544117647058824 0.7892156862745098 0.6544117647058824 0.9996936274509803 0.6511437908496732 0.9996936274509803 0.758578431372549 
3 0.0 0.8925653594771242 0.0 0.7046568627450981 0.08486519607843138 0.6964869281045751 0.2346813725490196 0.6793300653594772 0.2622549019607843 0.6781045751633987 0.26256127450980393 0.6797385620915033 0.26378676470588236 0.6797385620915033 0.265625 0.6776960784313726 0.2974877450980392 0.6764705882352942 0.3805147058823529 0.6662581699346405 0.4231004901960784 0.6642156862745098 0.4231004901960784 0.6727941176470589 0.42830882352941174 0.673202614379085 0.42953431372549017 0.6801470588235294 0.42830882352941174 0.6834150326797386 0.4007352941176471 0.7001633986928104 0.38449754901960786 0.7030228758169934 0.3118872549019608 0.7434640522875817 0.25949754901960786 0.7700163398692811 0.22150735294117646 0.7839052287581699 0.13388480392156862 0.8284313725490197 0.0 0.8925653594771242 
