1 0.9996875 0.8072222222222222 0.999375 0.7905555555555556 0.9940625 0.7822222222222223 0.9771875 0.7866666666666666 0.9653125 0.7944444444444444 0.955625 0.79 0.9496875 0.7927777777777778 0.93875 0.7927777777777778 0.9303125 0.7877777777777778 0.9228125 0.7961111111111111 0.92 0.8016666666666666 0.9171875 0.8016666666666666 0.9125 0.7844444444444445 0.9996875 0.78 0.9996875 0.8072222222222222 
1 0.8515625 0.8044444444444444 0.8515625 0.79 0.87 0.7888888888888889 0.8678125 0.7944444444444444 0.8584375 0.7955555555555556 0.8521875 0.8016666666666666 0.8515625 0.8044444444444444 
1 0.8475 0.8155555555555556 0.843125 0.8055555555555556 0.8428125 0.7961111111111111 0.8403125 0.7911111111111111 0.8465625 0.7911111111111111 0.8475 0.8155555555555556 
1 0.825 0.7972222222222223 0.8234375 0.7972222222222223 0.820625 0.7933333333333333 0.8396875 0.7916666666666666 0.836875 0.795 0.8321875 0.7944444444444444 0.825 0.7972222222222223 
1 0.79125 0.8161111111111111 0.7775 0.815 0.7753125 0.8033333333333333 0.7715625 0.7977777777777778 0.8059375 0.7944444444444444 0.80375 0.7966666666666666 0.8046875 0.8066666666666666 0.8 0.8133333333333334 0.79125 0.8161111111111111 
1 0.715625 0.8111111111111111 0.7103125 0.81 0.708125 0.8038888888888889 0.719375 0.8022222222222222 0.715625 0.8111111111111111 
1 0.6584375 0.8177777777777778 0.648125 0.8177777777777778 0.6475 0.8055555555555556 0.655625 0.8033333333333333 0.6703125 0.8038888888888889 0.6671875 0.8038888888888889 0.6640625 0.81 0.6621875 0.8172222222222222 0.6584375 0.8177777777777778 
1 0.7 0.825 0.6815625 0.8238888888888889 0.6828125 0.8222222222222222 0.68375 0.8155555555555556 0.68125 0.8072222222222222 0.670625 0.8038888888888889 0.706875 0.8033333333333333 0.7040625 0.8066666666666666 0.7071875 0.8172222222222222 0.7 0.825 
3 0.4321875 0.8505555555555555 0.4309375 0.8505555555555555 0.429375 0.8466666666666667 0.425 0.8422222222222222 0.4275 0.8416666666666667 0.4275 0.8366666666666667 0.4240625 0.8355555555555556 0.4234375 0.8372222222222222 0.4209375 0.8322222222222222 0.4659375 0.8316666666666667 0.475625 0.8244444444444444 0.4878125 0.8116666666666666 0.4896875 0.8122222222222222 0.4890625 0.8144444444444444 0.468125 0.8388888888888889 0.4321875 0.8505555555555555 
3 0.0 0.9811111111111112 0.0 0.83 0.0003125 0.8316666666666667 0.3840625 0.8322222222222222 0.3821875 0.8394444444444444 0.37375 0.8544444444444445 0.3725 0.8677777777777778 0.37125 0.8683333333333333 0.2846875 0.8944444444444445 0.1525 0.9372222222222222 0.0 0.9811111111111112 
