0 0.5902777777777778 0.5474537037037037 0.5549045138888888 0.5420524691358025 0.521484375 0.5389660493827161 0.4268663194444444 0.5270061728395061 0.3346354166666667 0.5108024691358025 0.22330729166666666 0.4888117283950617 0.10264756944444445 0.45987654320987653 0.040581597222222224 0.4471450617283951 0.03537326388888889 0.44521604938271603 0.035807291666666664 0.4425154320987654 0.036675347222222224 0.44212962962962965 0.06770833333333333 0.44830246913580246 0.26953125 0.49228395061728397 0.3543836805555556 0.5088734567901234 0.4787326388888889 0.5289351851851852 0.5887586805555556 0.5420524691358025 0.5904947916666666 0.5428240740740741 0.5902777777777778 0.5474537037037037 
0 0.5444878472222222 0.5559413580246914 0.533203125 0.5555555555555556 0.4607204861111111 0.5459104938271605 0.31640625 0.5208333333333334 0.18446180555555555 0.49228395061728397 0.13541666666666666 0.4783950617283951 0.04709201388888889 0.45717592592592593 0.03342013888888889 0.4525462962962963 0.03515625 0.44907407407407407 0.03624131944444445 0.44907407407407407 0.044487847222222224 0.4521604938271605 0.07074652777777778 0.45871913580246915 0.19618055555555555 0.48842592592592593 0.2975260416666667 0.5084876543209876 0.3608940972222222 0.5239197530864198 0.435546875 0.535108024691358 0.5028211805555556 0.5466820987654321 0.533203125 0.5520833333333334 0.5444878472222222 0.5559413580246914 
0 0.6332465277777778 0.5520833333333334 0.6039496527777778 0.5493827160493827 0.6026475694444444 0.5489969135802469 0.6026475694444444 0.5443672839506173 0.6338975694444444 0.5474537037037037 0.6332465277777778 0.5520833333333334 
0 0.7005208333333334 0.558641975308642 0.6356336805555556 0.5524691358024691 0.6354166666666666 0.5513117283950617 0.6360677083333334 0.5474537037037037 0.6829427083333334 0.5505401234567902 0.7003038194444444 0.5559413580246914 0.7005208333333334 0.558641975308642 
0 0.8878038194444444 0.5567129629629629 0.8875868055555556 0.5532407407407407 0.8969184027777778 0.5516975308641975 0.900390625 0.5497685185185185 0.900390625 0.5513117283950617 0.8986545138888888 0.5543981481481481 0.8878038194444444 0.5567129629629629 
0 0.8611111111111112 0.5694444444444444 0.8589409722222222 0.5675154320987654 0.8606770833333334 0.5636574074074074 0.8695746527777778 0.5590277777777778 0.880859375 0.5555555555555556 0.8828125 0.5574845679012346 0.8726128472222222 0.5621141975308642 0.8611111111111112 0.5694444444444444 
0 0.7098524305555556 0.5590277777777778 0.703125 0.558641975308642 0.7029079861111112 0.5570987654320988 0.7098524305555556 0.5590277777777778 
0 0.7000868055555556 0.5729166666666666 0.66015625 0.5694444444444444 0.63671875 0.5694444444444444 0.6319444444444444 0.5675154320987654 0.6349826388888888 0.5655864197530864 0.6584201388888888 0.5640432098765432 0.6981336805555556 0.5655864197530864 0.7003038194444444 0.566358024691358 0.7000868055555556 0.5729166666666666 
0 0.8233506944444444 0.5794753086419753 0.7894965277777778 0.5794753086419753 0.7037760416666666 0.5733024691358025 0.7024739583333334 0.5729166666666666 0.7024739583333334 0.5679012345679012 0.7029079861111112 0.5659722222222222 0.7048611111111112 0.5659722222222222 0.8075086805555556 0.5721450617283951 0.8385416666666666 0.5706018518518519 0.8487413194444444 0.5725308641975309 0.8459201388888888 0.5775462962962963 0.8233506944444444 0.5794753086419753 
0 0.5078125 0.5844907407407407 0.4763454861111111 0.5740740740740741 0.4776475694444444 0.5671296296296297 0.4982638888888889 0.5756172839506173 0.5106336805555556 0.5825617283950617 0.5078125 0.5844907407407407 
0 0.6595052083333334 0.6180555555555556 0.6490885416666666 0.6180555555555556 0.6349826388888888 0.6161265432098766 0.6252170138888888 0.6130401234567902 0.6443142361111112 0.6057098765432098 0.6603732638888888 0.6057098765432098 0.6773003472222222 0.6145833333333334 0.6755642361111112 0.6161265432098766 0.6595052083333334 0.6180555555555556 
1 0.591796875 0.5115740740740741 0.5828993055555556 0.5088734567901234 0.5850694444444444 0.501929012345679 0.5920138888888888 0.5034722222222222 0.591796875 0.5115740740740741 
1 0.6330295138888888 0.5289351851851852 0.6232638888888888 0.5270061728395061 0.6102430555555556 0.5185185185185185 0.6039496527777778 0.5158179012345679 0.6037326388888888 0.5061728395061729 0.6267361111111112 0.5108024691358025 0.6382378472222222 0.5119598765432098 0.6362847222222222 0.5281635802469136 0.6330295138888888 0.5289351851851852 
1 0.6391059027777778 0.5281635802469136 0.6382378472222222 0.5281635802469136 0.6382378472222222 0.5266203703703703 0.6399739583333334 0.5123456790123457 0.6471354166666666 0.5119598765432098 0.6471354166666666 0.5239197530864198 0.6462673611111112 0.5258487654320988 0.6453993055555556 0.527391975308642 0.6391059027777778 0.5281635802469136 
1 0.8116319444444444 0.5501543209876543 0.8103298611111112 0.5501543209876543 0.8109809027777778 0.5405092592592593 0.8118489583333334 0.5408950617283951 0.8116319444444444 0.5501543209876543 
1 0.8148871527777778 0.5493827160493827 0.8140190972222222 0.5493827160493827 0.8142361111111112 0.5405092592592593 0.8153211805555556 0.5408950617283951 0.8148871527777778 0.5493827160493827 
1 0.8170572916666666 0.5428240740740741 0.8168402777777778 0.5408950617283951 0.8177083333333334 0.5405092592592593 0.8170572916666666 0.5428240740740741 
1 0.8083767361111112 0.5509259259259259 0.8083767361111112 0.5493827160493827 0.8083767361111112 0.5509259259259259 
5 0.8841145833333334 0.5574845679012346 0.8812934027777778 0.5559413580246914 0.8873697916666666 0.5540123456790124 0.8875868055555556 0.5563271604938271 0.8841145833333334 0.5574845679012346 
5 0.58984375 0.5625 0.5518663194444444 0.5578703703703703 0.5494791666666666 0.5563271604938271 0.5896267361111112 0.560570987654321 0.58984375 0.5625 
5 0.8828125 0.5578703703703703 0.8819444444444444 0.5578703703703703 0.8828125 0.5578703703703703 
5 0.630859375 0.5671296296296297 0.6024305555555556 0.5640432098765432 0.6022135416666666 0.5628858024691358 0.6302083333333334 0.5655864197530864 0.630859375 0.5671296296296297 
5 0.8478732638888888 0.5752314814814815 0.8472222222222222 0.5752314814814815 0.8487413194444444 0.5717592592592593 0.8585069444444444 0.5671296296296297 0.8600260416666666 0.5686728395061729 0.8478732638888888 0.5752314814814815 
2 0.5904947916666666 0.5424382716049383 0.4787326388888889 0.5289351851851852 0.3543836805555556 0.5088734567901234 0.26953125 0.49228395061728397 0.07139756944444445 0.44907407407407407 0.03689236111111111 0.4425154320987654 0.03602430555555555 0.4409722222222222 0.036458333333333336 0.4378858024691358 0.037543402777777776 0.4371141975308642 0.07139756944444445 0.44328703703703703 0.08268229166666667 0.44598765432098764 0.08289930555555555 0.4471450617283951 0.08637152777777778 0.44675925925925924 0.1742621527777778 0.46412037037037035 0.2131076388888889 0.47337962962962965 0.22135416666666666 0.47183641975308643 0.2591145833333333 0.4807098765432099 0.3626302083333333 0.4984567901234568 0.3741319444444444 0.5057870370370371 0.3804253472222222 0.5069444444444444 0.3823784722222222 0.5069444444444444 0.3834635416666667 0.5034722222222222 0.4144965277777778 0.5069444444444444 0.4392361111111111 0.5123456790123457 0.4546440972222222 0.5138888888888888 0.4891493055555556 0.5204475308641975 0.4943576388888889 0.5189043209876543 0.4965277777777778 0.5154320987654321 0.5032552083333334 0.5208333333333334 0.5512152777777778 0.527391975308642 0.5746527777777778 0.5285493827160493 0.5902777777777778 0.5308641975308642 0.5909288194444444 0.5316358024691358 0.5904947916666666 0.5424382716049383 
2 0.6286892361111112 0.5470679012345679 0.6028645833333334 0.5439814814814815 0.6030815972222222 0.533179012345679 0.611328125 0.5339506172839507 0.6115451388888888 0.5374228395061729 0.6180555555555556 0.5389660493827161 0.619140625 0.5424382716049383 0.6310763888888888 0.5443672839506173 0.6286892361111112 0.5470679012345679 
