0 0.9578125 0.49722222222222223 0.9536458333333333 0.48703703703703705 0.9578125 0.49722222222222223 
0 0.984375 0.49722222222222223 0.9828125 0.49722222222222223 0.984375 0.49722222222222223 
0 0.9802083333333333 0.49907407407407406 0.9786458333333333 0.49907407407407406 0.9802083333333333 0.49907407407407406 
0 0.9765625 0.5009259259259259 0.975 0.5009259259259259 0.9765625 0.5009259259259259 
0 0.9994791666666667 0.5296296296296297 0.9640625 0.5074074074074074 0.975 0.5009259259259259 0.9666666666666667 0.5064814814814815 0.9994791666666667 0.524074074074074 0.9994791666666667 0.5296296296296297 
0 0.8484375 0.5148148148148148 0.8489583333333334 0.5111111111111111 0.8484375 0.5148148148148148 
0 0.8458333333333333 0.5166666666666667 0.8432291666666667 0.5166666666666667 0.846875 0.5157407407407407 0.8458333333333333 0.5166666666666667 
0 0.8432291666666667 0.5175925925925926 0.8411458333333334 0.5175925925925926 0.8432291666666667 0.5175925925925926 
0 0.840625 0.5185185185185185 0.8390625 0.5185185185185185 0.840625 0.5185185185185185 
0 0.8197916666666667 0.5231481481481481 0.8119791666666667 0.5231481481481481 0.8380208333333333 0.5194444444444445 0.8197916666666667 0.5231481481481481 
0 0.6140625 0.5703703703703704 0.5895833333333333 0.5685185185185185 0.590625 0.5648148148148148 0.6239583333333333 0.5657407407407408 0.6645833333333333 0.5601851851851852 0.6651041666666667 0.5638888888888889 0.6651041666666667 0.5657407407407408 0.6140625 0.5703703703703704 
0 0.3770833333333333 0.5824074074074074 0.34010416666666665 0.5722222222222222 0.33958333333333335 0.5685185185185185 0.38229166666666664 0.575925925925926 0.3770833333333333 0.5824074074074074 
0 0.184375 0.5805555555555556 0.1828125 0.5805555555555556 0.184375 0.575925925925926 0.1875 0.575925925925926 0.1875 0.5796296296296296 0.184375 0.5805555555555556 
0 0.5552083333333333 0.5861111111111111 0.5166666666666667 0.5861111111111111 0.5151041666666667 0.5787037037037037 0.5333333333333333 0.5787037037037037 0.5552083333333333 0.5861111111111111 
0 0.6041666666666666 0.587037037037037 0.5932291666666667 0.5861111111111111 0.6166666666666667 0.5787037037037037 0.6348958333333333 0.5796296296296296 0.6041666666666666 0.587037037037037 
0 0.35520833333333335 0.6027777777777777 0.3375 0.5916666666666667 0.3385416666666667 0.5833333333333334 0.35572916666666665 0.5916666666666667 0.35885416666666664 0.600925925925926 0.35520833333333335 0.6027777777777777 
0 0.15 0.5990740740740741 0.14947916666666666 0.5935185185185186 0.153125 0.5907407407407408 0.16510416666666666 0.5842592592592593 0.1734375 0.5861111111111111 0.15 0.5990740740740741 
0 0.0 0.6546296296296297 0.0 0.65 0.022395833333333334 0.6481481481481481 0.0484375 0.6407407407407407 0.07135416666666666 0.6314814814814815 0.0875 0.6203703703703703 0.08958333333333333 0.6203703703703703 0.09010416666666667 0.625 0.08958333333333333 0.6277777777777778 0.0421875 0.6462962962962963 0.03177083333333333 0.6462962962962963 0.023958333333333335 0.6509259259259259 0.0 0.6546296296296297 
1 0.040625 0.6092592592592593 0.0296875 0.6092592592592593 0.029166666666666667 0.5925925925925926 0.026041666666666668 0.5824074074074074 0.021354166666666667 0.5814814814814815 0.019270833333333334 0.5842592592592593 0.01875 0.5768518518518518 0.011979166666666667 0.575925925925926 0.0010416666666666667 0.5796296296296296 0.0 0.5685185185185185 0.016666666666666666 0.5675925925925925 0.0171875 0.5740740740740741 0.022916666666666665 0.575 0.07291666666666667 0.5685185185185185 0.07395833333333333 0.5990740740740741 0.05260416666666667 0.6055555555555555 0.05364583333333333 0.5953703703703703 0.0515625 0.5842592592592593 0.04479166666666667 0.5740740740740741 0.035416666666666666 0.5777777777777777 0.0328125 0.5861111111111111 0.033854166666666664 0.6027777777777777 0.0359375 0.6083333333333333 0.03958333333333333 0.6074074074074074 0.04114583333333333 0.600925925925926 0.0421875 0.6083333333333333 0.040625 0.6092592592592593 
1 0.01875 0.6083333333333333 0.018229166666666668 0.6046296296296296 0.01875 0.6083333333333333 
5 0.9723958333333333 0.5055555555555555 0.9682291666666667 0.5055555555555555 0.9822916666666667 0.49722222222222223 0.9890625 0.4981481481481482 0.9895833333333334 0.5018518518518519 0.9723958333333333 0.5055555555555555 
5 0.5932291666666667 0.5861111111111111 0.5557291666666667 0.5861111111111111 0.5390625 0.5814814814814815 0.59375 0.5740740740740741 0.6057291666666667 0.5740740740740741 0.615625 0.5805555555555556 0.5932291666666667 0.5861111111111111 
5 0.17395833333333333 0.5861111111111111 0.16614583333333333 0.5842592592592593 0.1796875 0.575925925925926 0.18385416666666668 0.5768518518518518 0.1828125 0.5814814814814815 0.17395833333333333 0.5861111111111111 
2 0.8265625 0.5166666666666667 0.8213541666666667 0.5166666666666667 0.8213541666666667 0.5009259259259259 0.8260416666666667 0.5009259259259259 0.8265625 0.5166666666666667 
2 0.8182291666666667 0.5175925925925926 0.8109375 0.5175925925925926 0.8067708333333333 0.5064814814814815 0.7942708333333334 0.5064814814814815 0.784375 0.5101851851851852 0.7828125 0.5083333333333333 0.8182291666666667 0.5018518518518519 0.8182291666666667 0.5175925925925926 
2 0.6651041666666667 0.5351851851851852 0.6614583333333334 0.5351851851851852 0.6625 0.524074074074074 0.6838541666666667 0.5231481481481481 0.6822916666666666 0.5324074074074074 0.6651041666666667 0.5351851851851852 
2 0.6515625 0.5370370370370371 0.65 0.5370370370370371 0.65 0.5259259259259259 0.6588541666666666 0.5259259259259259 0.659375 0.5351851851851852 0.6515625 0.5370370370370371 
2 0.6171875 0.5416666666666666 0.615625 0.5398148148148149 0.6161458333333333 0.5287037037037037 0.6291666666666667 0.5287037037037037 0.6291666666666667 0.5398148148148149 0.6171875 0.5416666666666666 
2 0.5286458333333334 0.5527777777777778 0.5270833333333333 0.5388888888888889 0.5302083333333333 0.5370370370370371 0.5588541666666667 0.5370370370370371 0.6041666666666666 0.5305555555555556 0.6046875 0.5425925925925926 0.603125 0.5435185185185185 0.5286458333333334 0.5527777777777778 
2 0.49895833333333334 0.5564814814814815 0.5010416666666667 0.537962962962963 0.5125 0.5388888888888889 0.5125 0.5546296296296296 0.49895833333333334 0.5564814814814815 
2 0.5213541666666667 0.5537037037037037 0.51875 0.5537037037037037 0.5182291666666666 0.5388888888888889 0.525 0.537962962962963 0.5255208333333333 0.5527777777777778 0.5213541666666667 0.5537037037037037 
2 0.46927083333333336 0.5527777777777778 0.4583333333333333 0.549074074074074 0.434375 0.5509259259259259 0.4354166666666667 0.5425925925925926 0.47708333333333336 0.5407407407407407 0.47760416666666666 0.5518518518518518 0.46927083333333336 0.5527777777777778 
