0 0.5600490196078431 0.5147058823529411 0.5572916666666666 0.514297385620915 0.5606617647058824 0.514297385620915 0.5600490196078431 0.5147058823529411 
0 0.5674019607843137 0.5163398692810458 0.5628063725490197 0.5155228758169934 0.5615808823529411 0.514297385620915 0.5683210784313726 0.5138888888888888 0.5674019607843137 0.5163398692810458 
0 0.6191789215686274 0.5216503267973857 0.6044730392156863 0.5208333333333334 0.6029411764705882 0.5187908496732027 0.6011029411764706 0.5204248366013072 0.5906862745098039 0.5191993464052288 0.5903799019607843 0.5163398692810458 0.5925245098039216 0.5163398692810458 0.5928308823529411 0.5175653594771242 0.6124387254901961 0.5179738562091504 0.6188725490196079 0.5200163398692811 0.6194852941176471 0.5208333333333334 0.6191789215686274 0.5216503267973857 
0 0.6743259803921569 0.5257352941176471 0.6470588235294118 0.5236928104575164 0.6443014705882353 0.5208333333333334 0.6593137254901961 0.5208333333333334 0.6608455882352942 0.5196078431372549 0.6731004901960784 0.5187908496732027 0.6755514705882353 0.5220588235294118 0.6743259803921569 0.5257352941176471 
0 0.5735294117647058 0.5571895424836601 0.5465686274509803 0.5371732026143791 0.5453431372549019 0.5302287581699346 0.546875 0.5326797385620915 0.5723039215686274 0.5461601307189542 0.5735294117647058 0.5571895424836601 
0 0.4255514705882353 0.5388071895424836 0.42432598039215685 0.5388071895424836 0.42463235294117646 0.5347222222222222 0.4255514705882353 0.5359477124183006 0.4255514705882353 0.5388071895424836 
0 0.3946078431372549 0.5498366013071896 0.39368872549019607 0.5498366013071896 0.3946078431372549 0.5420751633986928 0.4053308823529412 0.5392156862745098 0.4053308823529412 0.5441176470588235 0.40410539215686275 0.545751633986928 0.4050245098039216 0.5461601307189542 0.3946078431372549 0.5498366013071896 
0 0.3854166666666667 0.5531045751633987 0.38419117647058826 0.5453431372549019 0.38786764705882354 0.5441176470588235 0.38786764705882354 0.5522875816993464 0.3854166666666667 0.5531045751633987 
0 0.3912377450980392 0.551062091503268 0.3900122549019608 0.551062091503268 0.3909313725490196 0.545751633986928 0.3915441176470588 0.5461601307189542 0.3912377450980392 0.551062091503268 
0 0.3642769607843137 0.5604575163398693 0.3630514705882353 0.5604575163398693 0.3630514705882353 0.5514705882352942 0.3789828431372549 0.5469771241830066 0.3786764705882353 0.5555555555555556 0.3642769607843137 0.5604575163398693 
0 0.6182598039215687 0.5890522875816994 0.5873161764705882 0.5674019607843137 0.585171568627451 0.553921568627451 0.6170343137254902 0.5706699346405228 0.616421568627451 0.5800653594771242 0.6182598039215687 0.5890522875816994 
0 0.3388480392156863 0.5690359477124183 0.34068627450980393 0.5625 0.3443627450980392 0.5629084967320261 0.34375 0.5674019607843137 0.3388480392156863 0.5690359477124183 
0 0.25980392156862747 0.5955882352941176 0.25919117647058826 0.5886437908496732 0.2604166666666667 0.5821078431372549 0.2616421568627451 0.5808823529411765 0.31924019607843135 0.5657679738562091 0.31924019607843135 0.5755718954248366 0.2962622549019608 0.5829248366013072 0.29503676470588236 0.573937908496732 0.29105392156862747 0.5759803921568627 0.29105392156862747 0.5849673202614379 0.25980392156862747 0.5955882352941176 
0 0.7190563725490197 0.6674836601307189 0.6856617647058824 0.6429738562091504 0.6565563725490197 0.6156045751633987 0.6473651960784313 0.6094771241830066 0.6464460784313726 0.608251633986928 0.6479779411764706 0.6029411764705882 0.6464460784313726 0.5874183006535948 0.6694240196078431 0.5992647058823529 0.6706495098039216 0.5980392156862745 0.6731004901960784 0.6078431372549019 0.7169117647058824 0.6356209150326797 0.7205882352941176 0.6617647058823529 0.7190563725490197 0.6674836601307189 
0 0.6694240196078431 0.5931372549019608 0.6663602941176471 0.5910947712418301 0.6688112745098039 0.5915032679738562 0.6694240196078431 0.5931372549019608 
0 0.18596813725490197 0.6205065359477124 0.18566176470588236 0.6180555555555556 0.18198529411764705 0.6094771241830066 0.18229166666666666 0.6037581699346405 0.22334558823529413 0.5915032679738562 0.22426470588235295 0.5919117647058824 0.22457107843137256 0.5976307189542484 0.2261029411764706 0.5947712418300654 0.22426470588235295 0.6074346405228758 0.18596813725490197 0.6205065359477124 
0 0.12867647058823528 0.6401143790849673 0.12775735294117646 0.6397058823529411 0.1246936274509804 0.6213235294117647 0.13786764705882354 0.6176470588235294 0.13786764705882354 0.6282679738562091 0.13480392156862744 0.6372549019607843 0.12867647058823528 0.6401143790849673 
0 0.0 0.6866830065359477 0.0 0.6560457516339869 0.08026960784313726 0.6339869281045751 0.0860906862745098 0.6446078431372549 0.08547794117647059 0.6556372549019608 0.0 0.6866830065359477 
0 0.9996936274509803 0.8709150326797386 0.7677696078431373 0.7034313725490197 0.7659313725490197 0.7009803921568627 0.7628676470588235 0.6858660130718954 0.7588848039215687 0.6801470588235294 0.7610294117647058 0.6781045751633987 0.7625612745098039 0.6666666666666666 0.8020833333333334 0.6919934640522876 0.9993872549019608 0.8002450980392157 0.9996936274509803 0.8709150326797386 
1 0.19178921568627452 0.5375816993464052 0.19087009803921567 0.5359477124183006 0.19178921568627452 0.5183823529411765 0.1954656862745098 0.5183823529411765 0.1957720588235294 0.5359477124183006 0.19699754901960784 0.5359477124183006 0.19699754901960784 0.5183823529411765 0.20189950980392157 0.5187908496732027 0.2028186274509804 0.5245098039215687 0.203125 0.5363562091503268 0.19178921568627452 0.5375816993464052 
1 0.1792279411764706 0.5392156862745098 0.17708333333333334 0.5392156862745098 0.17708333333333334 0.5245098039215687 0.18075980392156862 0.5224673202614379 0.18075980392156862 0.5191993464052288 0.17830882352941177 0.5187908496732027 0.18504901960784315 0.5183823529411765 0.18535539215686275 0.5375816993464052 0.18658088235294118 0.5379901960784313 0.1792279411764706 0.5392156862745098 
1 0.15839460784313725 0.5400326797385621 0.15349264705882354 0.5400326797385621 0.15716911764705882 0.5200163398692811 0.17279411764705882 0.5187908496732027 0.17401960784313725 0.5241013071895425 0.17555147058823528 0.5245098039215687 0.17555147058823528 0.5392156862745098 0.17003676470588236 0.5392156862745098 0.16942401960784315 0.5371732026143791 0.16329656862745098 0.5339052287581699 0.16207107843137256 0.5396241830065359 0.16053921568627452 0.5388071895424836 0.15839460784313725 0.5400326797385621 
1 0.14736519607843138 0.5404411764705882 0.14491421568627452 0.5404411764705882 0.14552696078431374 0.5330882352941176 0.14430147058823528 0.5236928104575164 0.14491421568627452 0.5196078431372549 0.14767156862745098 0.5200163398692811 0.14644607843137256 0.5265522875816994 0.14736519607843138 0.5404411764705882 
1 0.12990196078431374 0.5412581699346405 0.12928921568627452 0.5204248366013072 0.13786764705882354 0.5200163398692811 0.13786764705882354 0.5408496732026143 0.12990196078431374 0.5412581699346405 
1 0.12009803921568628 0.5416666666666666 0.11795343137254902 0.5416666666666666 0.1173406862745098 0.5404411764705882 0.11672794117647059 0.5208333333333334 0.12377450980392157 0.5204248366013072 0.1256127450980392 0.5412581699346405 0.12009803921568628 0.5416666666666666 
1 0.10784313725490197 0.5420751633986928 0.10600490196078431 0.5420751633986928 0.1053921568627451 0.5241013071895425 0.10876225490196079 0.5232843137254902 0.10784313725490197 0.5420751633986928 
1 0.10355392156862746 0.5420751633986928 0.09528186274509803 0.5420751633986928 0.09558823529411764 0.5236928104575164 0.10263480392156862 0.5241013071895425 0.10355392156862746 0.5420751633986928 
