0 0.6155753968253969 0.667989417989418 0.560515873015873 0.667989417989418 0.5496031746031746 0.656415343915344 0.548859126984127 0.6547619047619048 0.5617559523809523 0.6663359788359788 0.6155753968253969 0.6646825396825397 0.6155753968253969 0.667989417989418 
0 0.9600694444444444 0.9996693121693122 0.9141865079365079 0.9996693121693122 0.6956845238095238 0.8002645502645502 0.5776289682539683 0.6838624338624338 0.5691964285714286 0.6732804232804233 0.5691964285714286 0.6696428571428571 0.5706845238095238 0.6693121693121693 0.5791170634920635 0.6782407407407407 0.6688988095238095 0.7569444444444444 0.6790674603174603 0.7579365079365079 0.892609126984127 0.9193121693121693 0.9360119047619048 0.9798280423280423 0.9600694444444444 0.9996693121693122 
0 0.22643849206349206 0.6851851851851852 0.2214781746031746 0.6851851851851852 0.2371031746031746 0.6802248677248677 0.2482638888888889 0.6795634920634921 0.24801587301587302 0.6812169312169312 0.2452876984126984 0.6822089947089947 0.22643849206349206 0.6851851851851852 
1 0.9464285714285714 0.6567460317460317 0.9340277777777778 0.6382275132275133 0.923859126984127 0.6352513227513228 0.9717261904761905 0.6352513227513228 0.9379960317460317 0.6365740740740741 0.9377480158730159 0.6398809523809523 0.9412202380952381 0.6428571428571429 0.9412202380952381 0.6448412698412699 0.9427083333333334 0.6461640211640212 0.9461805555555556 0.6461640211640212 0.9464285714285714 0.6398809523809523 0.9464285714285714 0.6567460317460317 
1 0.9742063492063492 0.6378968253968254 0.9722222222222222 0.6349206349206349 0.9744543650793651 0.6352513227513228 0.9742063492063492 0.6378968253968254 
1 0.9742063492063492 0.642526455026455 0.9742063492063492 0.6415343915343915 0.9742063492063492 0.642526455026455 
1 0.9732142857142857 0.6603835978835979 0.9722222222222222 0.6603835978835979 0.9719742063492064 0.6593915343915344 0.9739583333333334 0.6438492063492064 0.9732142857142857 0.6603835978835979 
1 0.9479166666666666 0.6653439153439153 0.9466765873015873 0.6570767195767195 0.9494047619047619 0.6603835978835979 0.9580853174603174 0.6630291005291006 0.9479166666666666 0.6653439153439153 
5 0.21651785714285715 0.6871693121693122 0.21825396825396826 0.6808862433862434 0.22172619047619047 0.6802248677248677 0.2296626984126984 0.6825396825396826 0.21651785714285715 0.6871693121693122 
5 0.9997519841269841 0.9996693121693122 0.9598214285714286 0.9993386243386243 0.9360119047619048 0.9798280423280423 0.8960813492063492 0.9246031746031746 0.9494047619047619 0.9209656084656085 0.9997519841269841 0.9715608465608465 0.9997519841269841 0.9996693121693122 
