0 0.8961397058823529 0.4456699346405229 0.8946078431372549 0.4456699346405229 0.8952205882352942 0.44281045751633985 0.8995098039215687 0.443218954248366 0.8988970588235294 0.4452614379084967 0.8961397058823529 0.4456699346405229 
0 0.8872549019607843 0.4464869281045752 0.8832720588235294 0.4464869281045752 0.8829656862745098 0.4440359477124183 0.8918504901960784 0.44362745098039214 0.8915441176470589 0.44607843137254904 0.8872549019607843 0.4464869281045752 
0 0.8284313725490197 0.45179738562091504 0.8244485294117647 0.45179738562091504 0.8241421568627451 0.4477124183006536 0.8691789215686274 0.44485294117647056 0.8685661764705882 0.44812091503267976 0.8284313725490197 0.45179738562091504 
0 0.8213848039215687 0.45179738562091504 0.8106617647058824 0.45179738562091504 0.8103553921568627 0.4485294117647059 0.8177083333333334 0.4485294117647059 0.8213848039215687 0.44730392156862747 0.8213848039215687 0.45179738562091504 
0 0.7913602941176471 0.4534313725490196 0.7873774509803921 0.4534313725490196 0.8088235294117647 0.4485294117647059 0.8088235294117647 0.45179738562091504 0.7913602941176471 0.4534313725490196 
0 0.28890931372549017 0.45751633986928103 0.28829656862745096 0.4554738562091503 0.28921568627450983 0.45588235294117646 0.28890931372549017 0.45751633986928103 
0 0.061274509803921566 0.4652777777777778 0.05974264705882353 0.4652777777777778 0.0628063725490196 0.4616013071895425 0.17585784313725492 0.4591503267973856 0.17524509803921567 0.46282679738562094 0.17064950980392157 0.4632352941176471 0.061274509803921566 0.4652777777777778 
0 0.9056372549019608 0.47630718954248363 0.8161764705882353 0.47058823529411764 0.8177083333333334 0.46854575163398693 0.9056372549019608 0.4714052287581699 0.9056372549019608 0.47630718954248363 
0 0.9672181372549019 0.47998366013071897 0.9123774509803921 0.477124183006536 0.9108455882352942 0.47671568627450983 0.9108455882352942 0.4722222222222222 0.9672181372549019 0.47344771241830064 0.9672181372549019 0.47998366013071897 
0 0.0 0.5825163398692811 0.0 0.565359477124183 0.3587622549019608 0.5641339869281046 0.5640318627450981 0.5588235294117647 0.9283088235294118 0.5522875816993464 0.9996936274509803 0.5526960784313726 0.9996936274509803 0.5694444444444444 0.5563725490196079 0.5776143790849673 0.0 0.5825163398692811 
0 0.8792892156862745 0.9995915032679739 0.8121936274509803 0.9991830065359477 0.7591911764705882 0.8966503267973857 0.6694240196078431 0.7344771241830066 0.671875 0.696078431372549 0.7022058823529411 0.6879084967320261 0.9996936274509803 0.6899509803921569 0.9996936274509803 0.6981209150326797 0.9411764705882353 0.6981209150326797 0.6924019607843137 0.7062908496732027 0.6884191176470589 0.7116013071895425 0.7095588235294118 0.7455065359477124 0.8792892156862745 0.9995915032679739 
0 0.19209558823529413 0.9995915032679739 0.15287990196078433 0.9995915032679739 0.30974264705882354 0.7099673202614379 0.30422794117647056 0.7083333333333334 0.2852328431372549 0.7083333333333334 0.16084558823529413 0.7111928104575164 0.0 0.7218137254901961 0.0 0.7079248366013072 0.29503676470588236 0.696078431372549 0.3238357843137255 0.7083333333333334 0.32506127450980393 0.7242647058823529 0.19209558823529413 0.9995915032679739 
1 0.13112745098039216 0.42197712418300654 0.12775735294117646 0.42197712418300654 0.12806372549019607 0.41299019607843135 0.13051470588235295 0.41299019607843135 0.13082107843137256 0.41421568627450983 0.13020833333333334 0.4170751633986928 0.13112745098039216 0.42197712418300654 
1 0.13878676470588236 0.4227941176470588 0.13511029411764705 0.4223856209150327 0.13664215686274508 0.4158496732026144 0.13633578431372548 0.41299019607843135 0.13848039215686275 0.4133986928104575 0.13878676470588236 0.4227941176470588 
1 0.14399509803921567 0.4178921568627451 0.14368872549019607 0.41299019607843135 0.14399509803921567 0.4178921568627451 
1 0.19761029411764705 0.42483660130718953 0.1881127450980392 0.42483660130718953 0.18841911764705882 0.414624183006536 0.18412990196078433 0.4150326797385621 0.18443627450980393 0.42320261437908496 0.18382352941176472 0.42320261437908496 0.18198529411764705 0.4215686274509804 0.18198529411764705 0.41380718954248363 0.19730392156862744 0.414624183006536 0.19761029411764705 0.42483660130718953 
1 0.1715686274509804 0.42401960784313725 0.16911764705882354 0.42401960784313725 0.16881127450980393 0.41544117647058826 0.17800245098039216 0.41380718954248363 0.17800245098039216 0.4215686274509804 0.17432598039215685 0.4215686274509804 0.17401960784313725 0.42320261437908496 0.1715686274509804 0.42401960784313725 
1 0.15287990196078433 0.4236111111111111 0.1479779411764706 0.42320261437908496 0.1479779411764706 0.41421568627450983 0.15042892156862744 0.41625816993464054 0.15042892156862744 0.42197712418300654 0.15257352941176472 0.42197712418300654 0.15287990196078433 0.4236111111111111 
1 0.21170343137254902 0.4252450980392157 0.19944852941176472 0.42483660130718953 0.19883578431372548 0.4150326797385621 0.21170343137254902 0.4158496732026144 0.21170343137254902 0.4252450980392157 
1 0.15625 0.4236111111111111 0.15441176470588236 0.4236111111111111 0.15471813725490197 0.4150326797385621 0.1559436274509804 0.4166666666666667 0.15625 0.4236111111111111 
1 0.16758578431372548 0.42401960784313725 0.15808823529411764 0.4236111111111111 0.15747549019607843 0.41748366013071897 0.16023284313725492 0.4170751633986928 0.16023284313725492 0.42197712418300654 0.16329656862745098 0.42197712418300654 0.1645220588235294 0.41544117647058826 0.16727941176470587 0.4150326797385621 0.16758578431372548 0.42401960784313725 
1 0.22303921568627452 0.42320261437908496 0.22181372549019607 0.42320261437908496 0.22212009803921567 0.4166666666666667 0.22273284313725492 0.4170751633986928 0.22303921568627452 0.42320261437908496 
1 0.24479166666666666 0.42687908496732024 0.22763480392156862 0.4256535947712418 0.22732843137254902 0.42320261437908496 0.22426470588235295 0.42320261437908496 0.22395833333333334 0.4170751633986928 0.24325980392156862 0.41830065359477125 0.24325980392156862 0.4236111111111111 0.24479166666666666 0.42687908496732024 
1 0.9644607843137255 0.4199346405228758 0.9638480392156863 0.4187091503267974 0.96875 0.4187091503267974 0.9644607843137255 0.4199346405228758 
1 0.14522058823529413 0.42320261437908496 0.14430147058823528 0.4227941176470588 0.14430147058823528 0.4187091503267974 0.14522058823529413 0.42320261437908496 
1 0.2800245098039216 0.42892156862745096 0.2493872549019608 0.4272875816993464 0.24785539215686275 0.42687908496732024 0.24754901960784315 0.4256535947712418 0.24877450980392157 0.4187091503267974 0.28982843137254904 0.42034313725490197 0.28982843137254904 0.4215686274509804 0.2824754901960784 0.4215686274509804 0.2821691176470588 0.42483660130718953 0.27971813725490197 0.4252450980392157 0.2800245098039216 0.42892156862745096 
1 0.9491421568627451 0.4338235294117647 0.9469975490196079 0.4338235294117647 0.944546568627451 0.4272875816993464 0.9457720588235294 0.4199346405228758 0.9561887254901961 0.41911764705882354 0.9558823529411765 0.42810457516339867 0.9528186274509803 0.4334150326797386 0.9491421568627451 0.4338235294117647 
1 0.2971813725490196 0.4297385620915033 0.29503676470588236 0.4297385620915033 0.29534313725490197 0.4199346405228758 0.2971813725490196 0.42034313725490197 0.2971813725490196 0.4297385620915033 
1 0.9316789215686274 0.43504901960784315 0.9307598039215687 0.43504901960784315 0.9307598039215687 0.42810457516339867 0.9319852941176471 0.42483660130718953 0.9310661764705882 0.4207516339869281 0.9329044117647058 0.42034313725490197 0.9329044117647058 0.42769607843137253 0.9316789215686274 0.43504901960784315 
1 0.9154411764705882 0.4362745098039216 0.9123774509803921 0.4362745098039216 0.9129901960784313 0.4223856209150327 0.9258578431372549 0.4207516339869281 0.9255514705882353 0.4354575163398693 0.9154411764705882 0.4362745098039216 
1 0.47058823529411764 0.43137254901960786 0.4632352941176471 0.4223856209150327 0.4727328431372549 0.42197712418300654 0.47058823529411764 0.43137254901960786 
1 0.5153186274509803 0.4297385620915033 0.5079656862745098 0.4227941176470588 0.5386029411764706 0.4236111111111111 0.5223651960784313 0.42483660130718953 0.5153186274509803 0.4297385620915033 
1 0.90625 0.4534313725490196 0.9007352941176471 0.4505718954248366 0.8988970588235294 0.4456699346405229 0.9016544117647058 0.4375 0.8949142156862745 0.4375 0.8952205882352942 0.42401960784313725 0.8961397058823529 0.42320261437908496 0.9068627450980392 0.4227941176470588 0.9065563725490197 0.4366830065359477 0.9041053921568627 0.43709150326797386 0.9065563725490197 0.4375 0.90625 0.4534313725490196 
1 0.5410539215686274 0.4236111111111111 0.5389093137254902 0.4236111111111111 0.5410539215686274 0.4236111111111111 
1 0.5588235294117647 0.4297385620915033 0.5563725490196079 0.4264705882352941 0.5508578431372549 0.42483660130718953 0.5505514705882353 0.4236111111111111 0.6035539215686274 0.42483660130718953 0.5879289215686274 0.42483660130718953 0.5845588235294118 0.4264705882352941 0.5640318627450981 0.42483660130718953 0.5588235294117647 0.4297385620915033 
1 0.8872549019607843 0.4383169934640523 0.8811274509803921 0.4383169934640523 0.8771446078431373 0.4272875816993464 0.8783700980392157 0.42483660130718953 0.8924632352941176 0.42401960784313725 0.8921568627450981 0.43790849673202614 0.8872549019607843 0.4383169934640523 
1 0.640625 0.4362745098039216 0.6268382352941176 0.42810457516339867 0.6246936274509803 0.42810457516339867 0.6234681372549019 0.4256535947712418 0.6409313725490197 0.4256535947712418 0.640625 0.4362745098039216 
1 0.6727941176470589 0.4415849673202614 0.6470588235294118 0.44076797385620914 0.6467524509803921 0.4383169934640523 0.6421568627450981 0.4375 0.6424632352941176 0.42606209150326796 0.6727941176470589 0.4264705882352941 0.6727941176470589 0.4415849673202614 
1 0.8256740196078431 0.44281045751633985 0.8241421568627451 0.4424019607843137 0.8290441176470589 0.44199346405228757 0.8290441176470589 0.43709150326797386 0.8244485294117647 0.4354575163398693 0.8247549019607843 0.4264705882352941 0.8700980392156863 0.42606209150326796 0.8700980392156863 0.4395424836601307 0.8256740196078431 0.44281045751633985 
1 0.6893382352941176 0.4424019607843137 0.6758578431372549 0.44199346405228757 0.6752450980392157 0.42687908496732024 0.6899509803921569 0.4264705882352941 0.6893382352941176 0.4424019607843137 
1 0.7006740196078431 0.43504901960784315 0.696078431372549 0.43504901960784315 0.6963848039215687 0.4264705882352941 0.7074142156862745 0.42687908496732024 0.7074142156862745 0.42810457516339867 0.7009803921568627 0.42810457516339867 0.7006740196078431 0.43504901960784315 
1 0.7230392156862745 0.43137254901960786 0.7199754901960784 0.43137254901960786 0.7196691176470589 0.42810457516339867 0.7104779411764706 0.42810457516339867 0.710171568627451 0.42687908496732024 0.7230392156862745 0.4264705882352941 0.7230392156862745 0.43137254901960786 
1 0.7248774509803921 0.43995098039215685 0.7248774509803921 0.4264705882352941 0.7405024509803921 0.42687908496732024 0.7401960784313726 0.43137254901960786 0.7248774509803921 0.43995098039215685 
1 0.7432598039215687 0.4309640522875817 0.742953431372549 0.4264705882352941 0.7432598039215687 0.4309640522875817 
1 0.7653186274509803 0.4354575163398693 0.7610294117647058 0.43137254901960786 0.7475490196078431 0.43014705882352944 0.7460171568627451 0.42687908496732024 0.7659313725490197 0.4264705882352941 0.7653186274509803 0.4354575163398693 
1 0.7925857843137255 0.4452614379084967 0.7732843137254902 0.4444444444444444 0.7723651960784313 0.43995098039215685 0.7674632352941176 0.4375 0.7680759803921569 0.42687908496732024 0.8094362745098039 0.42687908496732024 0.8088235294117647 0.4440359477124183 0.7925857843137255 0.4452614379084967 
1 0.8201593137254902 0.443218954248366 0.8177083333333334 0.443218954248366 0.8177083333333334 0.4334150326797386 0.8164828431372549 0.43014705882352944 0.8128063725490197 0.4297385620915033 0.8109681372549019 0.431781045751634 0.8109681372549019 0.4264705882352941 0.8216911764705882 0.42687908496732024 0.8213848039215687 0.44281045751633985 0.8201593137254902 0.443218954248366 
1 0.29105392156862747 0.4297385620915033 0.2824754901960784 0.42892156862745096 0.29105392156862747 0.4285130718954248 0.29105392156862747 0.4297385620915033 
1 0.9433210784313726 0.43423202614379086 0.9420955882352942 0.43423202614379086 0.9424019607843137 0.4293300653594771 0.944546568627451 0.4338235294117647 0.9433210784313726 0.43423202614379086 
1 0.9292279411764706 0.43504901960784315 0.9270833333333334 0.43504901960784315 0.9286151960784313 0.43014705882352944 0.9292279411764706 0.4305555555555556 0.9292279411764706 0.43504901960784315 
1 0.9353553921568627 0.434640522875817 0.9344362745098039 0.434640522875817 0.9353553921568627 0.43014705882352944 0.9353553921568627 0.434640522875817 
1 0.9378063725490197 0.434640522875817 0.9378063725490197 0.43137254901960786 0.9393382352941176 0.4338235294117647 0.9378063725490197 0.434640522875817 
1 0.7043504901960784 0.43504901960784315 0.7037377450980392 0.4338235294117647 0.7043504901960784 0.43504901960784315 
1 0.7181372549019608 0.43504901960784315 0.7175245098039216 0.4338235294117647 0.7181372549019608 0.43504901960784315 
1 0.7227328431372549 0.44199346405228757 0.7230392156862745 0.4366830065359477 0.7227328431372549 0.44199346405228757 
1 0.9549632352941176 0.45383986928104575 0.9120710784313726 0.4526143790849673 0.9123774509803921 0.4375 0.9555759803921569 0.4383169934640523 0.9549632352941176 0.45383986928104575 
1 0.9641544117647058 0.4542483660130719 0.9626225490196079 0.4542483660130719 0.9632352941176471 0.4383169934640523 0.9647671568627451 0.4387254901960784 0.9641544117647058 0.4542483660130719 
2 0.9543504901960784 0.46691176470588236 0.9114583333333334 0.46568627450980393 0.9117647058823529 0.45302287581699346 0.9549632352941176 0.45383986928104575 0.9543504901960784 0.46691176470588236 
2 0.9675245098039216 0.4673202614379085 0.9620098039215687 0.4673202614379085 0.9629289215686274 0.4542483660130719 0.9678308823529411 0.45465686274509803 0.9675245098039216 0.4673202614379085 
