0 0.8170955882352942 0.7004357298474946 0.8112745098039216 0.6993464052287581 0.8134191176470589 0.6955337690631809 0.8223039215686274 0.6944444444444444 0.8229166666666666 0.6993464052287581 0.8192401960784313 0.6977124183006536 0.8186274509803921 0.6998910675381264 0.8170955882352942 0.7004357298474946 
0 0.7018995098039216 0.7075163398692811 0.6914828431372549 0.7053376906318083 0.6881127450980392 0.7031590413943355 0.7346813725490197 0.6993464052287581 0.7653186274509803 0.7015250544662309 0.7647058823529411 0.704248366013072 0.7086397058823529 0.7069716775599129 0.7071078431372549 0.7047930283224401 0.7037377450980392 0.7047930283224401 0.7018995098039216 0.7075163398692811 
0 0.4215686274509804 0.7265795206971678 0.41482843137254904 0.7265795206971678 0.40471813725490197 0.7211328976034859 0.6755514705882353 0.7031590413943355 0.6752450980392157 0.7064270152505446 0.5989583333333334 0.7096949891067538 0.4880514705882353 0.7189542483660131 0.4586397058823529 0.7238562091503268 0.4215686274509804 0.7265795206971678 
1 0.21966911764705882 0.605119825708061 0.19822303921568626 0.5898692810457516 0.16299019607843138 0.5773420479302832 0.17401960784313725 0.5751633986928104 0.1871936274509804 0.5762527233115469 0.21966911764705882 0.5882352941176471 0.21966911764705882 0.605119825708061 
1 0.37653186274509803 0.7004357298474946 0.37254901960784315 0.7004357298474946 0.3716299019607843 0.6949891067538126 0.3400735294117647 0.6966230936819172 0.3002450980392157 0.6835511982570807 0.2852328431372549 0.6721132897603486 0.25827205882352944 0.6416122004357299 0.22334558823529413 0.6083877995642701 0.22334558823529413 0.5893246187363834 0.26746323529411764 0.5985838779956427 0.27512254901960786 0.5985838779956427 0.32965686274509803 0.5866013071895425 0.3556985294117647 0.5876906318082789 0.3743872549019608 0.5969498910675382 0.4050245098039216 0.6045751633986928 0.42034313725490197 0.6040305010893247 0.46109068627450983 0.5953159041394336 0.4739583333333333 0.5974945533769063 0.4960171568627451 0.6067538126361656 0.5128676470588235 0.6111111111111112 0.524203431372549 0.6111111111111112 0.5533088235294118 0.6013071895424836 0.5646446078431373 0.6018518518518519 0.5787377450980392 0.6083877995642701 0.5860906862745098 0.6094771241830066 0.59375 0.6138344226579521 0.6020220588235294 0.6154684095860566 0.6075367647058824 0.6149237472766884 0.6360294117647058 0.6040305010893247 0.6412377450980392 0.6045751633986928 0.6580882352941176 0.6149237472766884 0.6587009803921569 0.6873638344226579 0.6565563725490197 0.6873638344226579 0.6559436274509803 0.6835511982570807 0.6461397058823529 0.6835511982570807 0.5839460784313726 0.6868191721132898 0.5836397058823529 0.690631808278867 0.5808823529411765 0.690631808278867 0.5799632352941176 0.6879084967320261 0.49111519607843135 0.690631808278867 0.49080882352941174 0.696078431372549 0.48743872549019607 0.6966230936819172 0.48621323529411764 0.6911764705882353 0.37714460784313725 0.6949891067538126 0.37653186274509803 0.7004357298474946 
1 0.7518382352941176 0.633442265795207 0.7450980392156863 0.633442265795207 0.7408088235294118 0.6312636165577342 0.7221200980392157 0.633442265795207 0.7166053921568627 0.6279956427015251 0.7218137254901961 0.6263616557734205 0.7254901960784313 0.6203703703703703 0.7760416666666666 0.6220043572984749 0.7717524509803921 0.6285403050108932 0.7689950980392157 0.6301742919389978 0.7643995098039216 0.6296296296296297 0.7588848039215687 0.6236383442265795 0.757046568627451 0.6247276688453159 0.7518382352941176 0.633442265795207 
1 0.7787990196078431 0.6220043572984749 0.7763480392156863 0.6220043572984749 0.7787990196078431 0.6220043572984749 
1 0.7901348039215687 0.6318082788671024 0.78125 0.6225490196078431 0.7904411764705882 0.6225490196078431 0.7901348039215687 0.6318082788671024 
1 0.8005514705882353 0.633442265795207 0.8005514705882353 0.6225490196078431 0.8094362745098039 0.6236383442265795 0.8072916666666666 0.6258169934640523 0.8072916666666666 0.6296296296296297 0.8005514705882353 0.633442265795207 
1 0.8691789215686274 0.6361655773420479 0.8615196078431373 0.6361655773420479 0.8581495098039216 0.6252723311546841 0.8725490196078431 0.6252723311546841 0.8710171568627451 0.6339869281045751 0.8691789215686274 0.6361655773420479 
