0 0.42493872549019607 0.7071078431372549 0.42340686274509803 0.7071078431372549 0.4231004901960784 0.7058823529411765 0.46139705882352944 0.6993464052287581 0.46170343137254904 0.7005718954248366 0.42493872549019607 0.7071078431372549 
0 0.5594362745098039 0.7193627450980392 0.5462622549019608 0.7116013071895425 0.538296568627451 0.7046568627450981 0.5395220588235294 0.7038398692810458 0.5459558823529411 0.7095588235294118 0.5594362745098039 0.7173202614379085 0.5594362745098039 0.7193627450980392 
0 0.38786764705882354 0.7516339869281046 0.34558823529411764 0.7516339869281046 0.30575980392156865 0.747140522875817 0.26838235294117646 0.747140522875817 0.24724264705882354 0.7434640522875817 0.24693627450980393 0.7410130718954249 0.2503063725490196 0.7352941176470589 0.2533700980392157 0.7336601307189542 0.25214460784313725 0.738562091503268 0.28860294117647056 0.7389705882352942 0.33057598039215685 0.7450980392156863 0.3471200980392157 0.7430555555555556 0.3541666666666667 0.747140522875817 0.3756127450980392 0.7475490196078431 0.3789828431372549 0.7455065359477124 0.3915441176470588 0.7450980392156863 0.4185049019607843 0.7373366013071896 0.5052083333333334 0.7054738562091504 0.4990808823529412 0.7107843137254902 0.4638480392156863 0.7238562091503268 0.41299019607843135 0.7450980392156863 0.38786764705882354 0.7516339869281046 
0 0.38235294117647056 0.7083333333333334 0.3805147058823529 0.7083333333333334 0.38296568627450983 0.7066993464052288 0.4212622549019608 0.7062908496732027 0.4209558823529412 0.7075163398692811 0.38235294117647056 0.7083333333333334 
0 0.37745098039215685 0.7083333333333334 0.3759191176470588 0.7079248366013072 0.37745098039215685 0.7083333333333334 
0 0.37193627450980393 0.7083333333333334 0.3697916666666667 0.7083333333333334 0.37193627450980393 0.7083333333333334 
0 0.2855392156862745 0.7111928104575164 0.28339460784313725 0.7111928104575164 0.28308823529411764 0.7103758169934641 0.30637254901960786 0.7091503267973857 0.30637254901960786 0.7103758169934641 0.2855392156862745 0.7111928104575164 
0 0.2699142156862745 0.7120098039215687 0.2696078431372549 0.7107843137254902 0.2769607843137255 0.7111928104575164 0.2699142156862745 0.7120098039215687 
0 0.25980392156862747 0.7128267973856209 0.25582107843137253 0.7124183006535948 0.26256127450980393 0.7111928104575164 0.26409313725490197 0.7124183006535948 0.25980392156862747 0.7128267973856209 
0 0.23958333333333334 0.7144607843137255 0.23897058823529413 0.7136437908496732 0.24050245098039216 0.7128267973856209 0.2496936274509804 0.7132352941176471 0.23958333333333334 0.7144607843137255 
0 0.0 0.7279411764705882 0.0 0.7238562091503268 0.11550245098039216 0.7222222222222222 0.23314950980392157 0.7140522875816994 0.23314950980392157 0.7148692810457516 0.22916666666666666 0.7152777777777778 0.11917892156862746 0.7238562091503268 0.06801470588235294 0.7246732026143791 0.0 0.7279411764705882 
0 0.6829044117647058 0.7708333333333334 0.6599264705882353 0.7671568627450981 0.6176470588235294 0.7479575163398693 0.6191789215686274 0.7450980392156863 0.6593137254901961 0.7638888888888888 0.6813725490196079 0.7659313725490197 0.6850490196078431 0.7683823529411765 0.6829044117647058 0.7708333333333334 
0 0.7591911764705882 0.7785947712418301 0.7380514705882353 0.7769607843137255 0.7362132352941176 0.7765522875816994 0.7359068627450981 0.7736928104575164 0.7573529411764706 0.7753267973856209 0.7591911764705882 0.7761437908496732 0.7591911764705882 0.7785947712418301 
0 0.8385416666666666 0.7859477124183006 0.8262867647058824 0.7847222222222222 0.8256740196078431 0.7814542483660131 0.8391544117647058 0.7818627450980392 0.8385416666666666 0.7859477124183006 
0 0.0 0.8933823529411765 0.0 0.880718954248366 0.12377450980392157 0.8378267973856209 0.17493872549019607 0.8178104575163399 0.18474264705882354 0.8100490196078431 0.16697303921568626 0.8002450980392157 0.13633578431372548 0.798202614379085 0.11672794117647059 0.7839052287581699 0.12193627450980392 0.7851307189542484 0.15992647058823528 0.7871732026143791 0.18412990196078433 0.7904411764705882 0.19424019607843138 0.801062091503268 0.20649509803921567 0.8169934640522876 0.19087009803921567 0.8251633986928104 0.11488970588235294 0.8566176470588235 0.050551470588235295 0.8794934640522876 0.016237745098039217 0.8901143790849673 0.0 0.8933823529411765 
0 0.9996936274509803 0.946078431372549 0.9666053921568627 0.928921568627451 0.9638480392156863 0.9244281045751634 0.9310661764705882 0.9076797385620915 0.8961397058823529 0.8843954248366013 0.8719362745098039 0.8737745098039216 0.8581495098039216 0.8643790849673203 0.8599877450980392 0.8562091503267973 0.8753063725490197 0.8484477124183006 0.9074754901960784 0.8427287581699346 0.9586397058823529 0.8427287581699346 0.9996936274509803 0.8398692810457516 0.9996936274509803 0.8480392156862745 0.8955269607843137 0.8468137254901961 0.8734681372549019 0.8513071895424836 0.8786764705882353 0.860702614379085 0.9160539215686274 0.8803104575163399 0.9552696078431373 0.9035947712418301 0.9996936274509803 0.9244281045751634 0.9996936274509803 0.946078431372549 
5 0.7365196078431373 0.7777777777777778 0.6878063725490197 0.7732843137254902 0.6829044117647058 0.7708333333333334 0.6856617647058824 0.7675653594771242 0.7297794117647058 0.7716503267973857 0.7359068627450981 0.7728758169934641 0.7365196078431373 0.7777777777777778 
5 0.8262867647058824 0.7863562091503268 0.7751225490196079 0.7822712418300654 0.7594975490196079 0.7798202614379085 0.7591911764705882 0.7757352941176471 0.8256740196078431 0.7806372549019608 0.8262867647058824 0.7863562091503268 
