0 0.20557598039215685 0.6854575163398693 0.19607843137254902 0.6854575163398693 0.20680147058823528 0.6813725490196079 0.24571078431372548 0.6752450980392157 0.24816176470588236 0.6764705882352942 0.24816176470588236 0.6805555555555556 0.20557598039215685 0.6854575163398693 
0 0.07230392156862746 0.6919934640522876 0.04534313725490196 0.6919934640522876 0.05422794117647059 0.6895424836601307 0.12285539215686274 0.6866830065359477 0.12346813725490197 0.6875 0.12009803921568628 0.6883169934640523 0.13664215686274508 0.6887254901960784 0.07230392156862746 0.6919934640522876 
0 0.13112745098039216 0.6895424836601307 0.12959558823529413 0.6895424836601307 0.13112745098039216 0.6895424836601307 
0 0.0 0.7287581699346405 0.0 0.7152777777777778 0.01685049019607843 0.7148692810457516 0.02849264705882353 0.7120098039215687 0.028799019607843136 0.7087418300653595 0.03002450980392157 0.7189542483660131 0.024816176470588234 0.7222222222222222 0.0 0.7287581699346405 
1 0.10723039215686274 0.6797385620915033 0.10018382352941177 0.6797385620915033 0.10079656862745098 0.6454248366013072 0.11213235294117647 0.6450163398692811 0.11366421568627451 0.6425653594771242 0.11519607843137254 0.6425653594771242 0.11580882352941177 0.6470588235294118 0.11887254901960784 0.6470588235294118 0.11887254901960784 0.641748366013072 0.11274509803921569 0.6413398692810458 0.10784313725490197 0.636437908496732 0.10110294117647059 0.636437908496732 0.10079656862745098 0.6343954248366013 0.11979166666666667 0.633578431372549 0.12009803921568628 0.6180555555555556 0.20925245098039216 0.6196895424836601 0.20925245098039216 0.6352124183006536 0.2181372549019608 0.6356209150326797 0.21660539215686275 0.6719771241830066 0.2104779411764706 0.6723856209150327 0.21170343137254902 0.6633986928104575 0.2107843137254902 0.6564542483660131 0.21200980392156862 0.6560457516339869 0.21262254901960784 0.6507352941176471 0.2104779411764706 0.6409313725490197 0.20802696078431374 0.6413398692810458 0.20588235294117646 0.6454248366013072 0.11550245098039216 0.6482843137254902 0.11427696078431372 0.6793300653594772 0.10723039215686274 0.6797385620915033 
1 0.06893382352941177 0.6380718954248366 0.06770833333333333 0.6380718954248366 0.06770833333333333 0.6352124183006536 0.06924019607843138 0.6343954248366013 0.09865196078431372 0.6343954248366013 0.09834558823529412 0.636437908496732 0.07383578431372549 0.636437908496732 0.06893382352941177 0.6380718954248366 
1 0.05177696078431373 0.6425653594771242 0.0508578431372549 0.6413398692810458 0.05238970588235294 0.6348039215686274 0.06587009803921569 0.6352124183006536 0.06587009803921569 0.6397058823529411 0.06403186274509803 0.6413398692810458 0.05514705882352941 0.6413398692810458 0.05177696078431373 0.6425653594771242 
1 0.22303921568627452 0.6711601307189542 0.22058823529411764 0.6711601307189542 0.22150735294117646 0.6360294117647058 0.2426470588235294 0.636437908496732 0.2423406862745098 0.6380718954248366 0.23897058823529413 0.639297385620915 0.23682598039215685 0.6466503267973857 0.23713235294117646 0.6617647058823529 0.23866421568627452 0.6646241830065359 0.23651960784313725 0.6687091503267973 0.22303921568627452 0.6711601307189542 
1 0.09313725490196079 0.6805555555555556 0.0940563725490196 0.6441993464052288 0.09558823529411764 0.6429738562091504 0.09834558823529412 0.6454248366013072 0.0974264705882353 0.6801470588235294 0.09313725490196079 0.6805555555555556 
5 0.1712622549019608 0.6887254901960784 0.12009803921568628 0.6883169934640523 0.13174019607843138 0.6850490196078431 0.1721813725490196 0.684640522875817 0.20680147058823528 0.6813725490196079 0.19607843137254902 0.6854575163398693 0.1712622549019608 0.6887254901960784 
2 0.11764705882352941 0.6793300653594772 0.11427696078431372 0.6793300653594772 0.11550245098039216 0.6482843137254902 0.20557598039215685 0.6458333333333334 0.20189950980392157 0.6503267973856209 0.20128676470588236 0.6544117647058824 0.2025122549019608 0.6584967320261438 0.1957720588235294 0.6629901960784313 0.19148284313725492 0.6703431372549019 0.19240196078431374 0.6748366013071896 0.19148284313725492 0.6752450980392157 0.17892156862745098 0.6768790849673203 0.11764705882352941 0.6793300653594772 
2 0.20098039215686275 0.6740196078431373 0.19914215686274508 0.6740196078431373 0.19883578431372548 0.673202614379085 0.203125 0.6593137254901961 0.20526960784313725 0.673202614379085 0.20098039215686275 0.6740196078431373 
