0 0.532218992248062 0.5678294573643411 0.5281007751937985 0.5678294573643411 0.5215600775193798 0.563953488372093 0.5324612403100775 0.5636304909560723 0.532218992248062 0.5678294573643411 
0 0.6957364341085271 0.5691214470284238 0.6933139534883721 0.5687984496124031 0.6928294573643411 0.5678294573643411 0.6952519379844961 0.5678294573643411 0.6957364341085271 0.5691214470284238 
0 0.9089147286821705 0.5781653746770026 0.8430232558139535 0.5765503875968992 0.8403585271317829 0.5762273901808785 0.8401162790697675 0.5746124031007752 0.8810562015503876 0.5749354005167958 0.8810562015503876 0.5723514211886305 0.9084302325581395 0.5729974160206718 0.9079457364341085 0.5755813953488372 0.9089147286821705 0.5781653746770026 
0 0.7882751937984496 0.5755813953488372 0.7340116279069767 0.5746124031007752 0.7337693798449613 0.5733204134366925 0.7819767441860465 0.5736434108527132 0.7882751937984496 0.5739664082687338 0.7882751937984496 0.5755813953488372 
0 0.8025678294573644 0.5755813953488372 0.7911821705426356 0.5755813953488372 0.7909399224806202 0.5746124031007752 0.8025678294573644 0.5742894056847545 0.8025678294573644 0.5755813953488372 
0 0.8163759689922481 0.5759043927648578 0.8091085271317829 0.5759043927648578 0.8088662790697675 0.5746124031007752 0.8163759689922481 0.5742894056847545 0.8163759689922481 0.5759043927648578 
0 0.8352713178294574 0.5762273901808785 0.8180717054263565 0.5759043927648578 0.8178294573643411 0.5746124031007752 0.8352713178294574 0.5742894056847545 0.8352713178294574 0.5762273901808785 
0 0.5259205426356589 0.6001291989664083 0.5201065891472868 0.599483204134367 0.5198643410852714 0.5988372093023255 0.5208333333333334 0.5962532299741602 0.5329457364341085 0.5801033591731266 0.5365794573643411 0.5807493540051679 0.5373062015503876 0.585594315245478 0.5365794573643411 0.5897932816537468 0.5259205426356589 0.6001291989664083 
0 0.7366763565891473 0.5943152454780362 0.7102713178294574 0.58656330749354 0.7066375968992248 0.5839793281653747 0.7078488372093024 0.5817183462532299 0.7136627906976745 0.582687338501292 0.715843023255814 0.584625322997416 0.7381298449612403 0.5881782945736435 0.7449127906976745 0.5936692506459949 0.7366763565891473 0.5943152454780362 
0 0.9997577519379846 0.6747416020671835 0.9064922480620154 0.6459948320413437 0.8849321705426356 0.6375968992248062 0.8364825581395349 0.6246770025839793 0.8190406976744186 0.6175710594315246 0.8030523255813954 0.6133720930232558 0.7969961240310077 0.6082041343669251 0.7890019379844961 0.599483204134367 0.7882751937984496 0.5988372093023255 0.7882751937984496 0.5946382428940569 0.7996608527131783 0.5952842377260982 0.8069282945736435 0.6007751937984496 0.8132267441860465 0.6072351421188631 0.8217054263565892 0.6111111111111112 0.8839631782945736 0.6275839793281653 0.9435562015503876 0.6411498708010336 0.9997577519379846 0.6566537467700259 0.9997577519379846 0.6747416020671835 
0 0.1688468992248062 0.9392764857881137 0.11555232558139535 0.9324935400516796 0.09520348837209303 0.9354005167958657 0.4387112403100775 0.6598837209302325 0.4752906976744186 0.6317829457364341 0.4946705426356589 0.6153100775193798 0.502906976744186 0.6169250645994832 0.5058139534883721 0.6217700258397932 0.43919573643410853 0.6902454780361758 0.2548449612403101 0.8691860465116279 0.1688468992248062 0.9392764857881137 
5 0.7272286821705426 0.5739664082687338 0.7059108527131783 0.5720284237726099 0.6959786821705426 0.5697674418604651 0.6957364341085271 0.5684754521963824 0.7063953488372093 0.5713824289405685 0.7272286821705426 0.5729974160206718 0.7272286821705426 0.5739664082687338 
5 0.7882751937984496 0.5981912144702842 0.7451550387596899 0.5936692506459949 0.7420058139534884 0.5914082687338501 0.7885174418604651 0.5933462532299741 0.7882751937984496 0.5981912144702842 
5 0.5060562015503876 0.6214470284237726 0.502906976744186 0.6169250645994832 0.5016957364341085 0.6169250645994832 0.5198643410852714 0.5991602067183462 0.5256782945736435 0.600452196382429 0.5060562015503876 0.6214470284237726 
