4 0.6253409372675428 0.6879338842975207 0.6243491197619638 0.6879338842975207 0.624101165385569 0.6859504132231405 0.6548475080585172 0.6816528925619835 0.6545995536821225 0.6829752066115703 0.6481527398958592 0.6829752066115703 0.6464170592610959 0.684297520661157 0.6402181998512274 0.6852892561983471 0.6355070666997272 0.6846280991735537 0.6253409372675428 0.6879338842975207 
4 0.6146788990825688 0.6899173553719008 0.6131911728242003 0.6899173553719008 0.6121993553186214 0.6885950413223141 0.6186461691048847 0.687603305785124 0.6179023059757005 0.6892561983471074 0.6146788990825688 0.6899173553719008 
4 0.5757500619885941 0.6968595041322314 0.5737664269774362 0.6968595041322314 0.5735184726010414 0.6952066115702479 0.6084800396727003 0.6895867768595041 0.607736176543516 0.6912396694214876 0.5757500619885941 0.6968595041322314 
4 0.6211257128688321 0.6981818181818182 0.6221175303744111 0.6942148760330579 0.6253409372675428 0.6938842975206612 0.6253409372675428 0.6971900826446281 0.6211257128688321 0.6981818181818182 
4 0.5442598561864617 0.7011570247933885 0.5427721299280932 0.7011570247933885 0.5422762211753037 0.6991735537190082 0.5720307463426729 0.6952066115702479 0.5720307463426729 0.6971900826446281 0.5707909744606993 0.6975206611570248 0.5442598561864617 0.7011570247933885 
4 0.619390032234069 0.6978512396694215 0.6188941234812795 0.696198347107438 0.619390032234069 0.6978512396694215 
4 0.5936027770890157 0.704793388429752 0.5916191420778577 0.7014876033057851 0.5896355070666998 0.7014876033057851 0.6121993553186214 0.6968595041322314 0.6114554921894372 0.7004958677685951 0.6082320852963055 0.7011570247933885 0.6079841309199108 0.6998347107438017 0.6042648152739896 0.6998347107438017 0.6027770890156211 0.7024793388429752 0.5936027770890157 0.704793388429752 
4 0.5742623357302257 0.7094214876033058 0.5715348375898834 0.7064462809917356 0.569055293825936 0.7061157024793389 0.5849243739151996 0.7028099173553719 0.5839325564096206 0.7064462809917356 0.5802132407636995 0.7064462809917356 0.5794693776345152 0.708099173553719 0.5742623357302257 0.7094214876033058 
4 0.5512025787255145 0.7147107438016529 0.5502107612199355 0.7147107438016529 0.5469873543268039 0.7107438016528925 0.5606248450285147 0.7074380165289256 0.5618646169104885 0.7084297520661157 0.5564096206298041 0.7097520661157025 0.5551698487478304 0.7137190082644628 0.5512025787255145 0.7147107438016529 
4 0.46144309447061743 0.7127272727272728 0.45970741383585423 0.7127272727272728 0.4584676419538805 0.7104132231404958 0.46392263823456487 0.7097520661157025 0.4629308207289859 0.7123966942148761 0.46144309447061743 0.7127272727272728 
4 0.3590379370195884 0.7315702479338843 0.3573022563848252 0.7315702479338843 0.35531862137366726 0.725289256198347 0.34961567071658817 0.7203305785123967 0.35407884949169355 0.72 0.3543268038680883 0.7186776859504133 0.3573022563848252 0.7183471074380166 0.3979667741135631 0.7183471074380166 0.39871063724274736 0.728595041322314 0.3682122489461939 0.7299173553719008 0.3590379370195884 0.7315702479338843 
4 0.14827671708405654 0.7537190082644628 0.14678899082568808 0.7537190082644628 0.1480287627076618 0.7371900826446282 0.14654103644929334 0.7262809917355372 0.1983635011157947 0.7229752066115702 0.24597074138358543 0.7219834710743802 0.24473096950161172 0.7385123966942149 0.2417555169848748 0.7441322314049587 0.14827671708405654 0.7537190082644628 
3 0.9997520456236053 0.8876033057851239 0.8750309942970493 0.8426446280991735 0.6709645425241756 0.7715702479338843 0.5764939251177783 0.7368595041322314 0.5702950657079098 0.7335537190082645 0.5688073394495413 0.7302479338842975 0.570047111331515 0.716694214876033 0.5740143813538309 0.7147107438016529 0.6050086784031738 0.7130578512396695 0.6355070666997272 0.7014876033057851 0.6355070666997272 0.7067768595041323 0.6179023059757005 0.7133884297520661 0.9997520456236053 0.7196694214876033 0.9997520456236053 0.8876033057851239 
3 0.449293330027275 0.7464462809917355 0.4463178775105381 0.7461157024793389 0.44606992313414334 0.7454545454545455 0.44954128440366975 0.7451239669421488 0.449293330027275 0.7464462809917355 
3 0.4148276717084057 0.763305785123967 0.4111083560624845 0.7629752066115703 0.4108604016860898 0.7619834710743801 0.4155715348375899 0.7609917355371901 0.4160674435903794 0.7623140495867768 0.4148276717084057 0.763305785123967 
3 0.3253161418299033 0.8132231404958677 0.31862137366724524 0.8125619834710743 0.31812546491445576 0.8115702479338843 0.3228365980659559 0.8089256198347108 0.3305231837341929 0.8089256198347108 0.33126704686337716 0.8105785123966942 0.3253161418299033 0.8132231404958677 
