0 0.5389660493827161 0.43878600823045266 0.5347222222222222 0.43878600823045266 0.5378086419753086 0.43724279835390945 0.5389660493827161 0.43878600823045266 
0 0.5420524691358025 0.43930041152263377 0.5424382716049383 0.43775720164609055 0.5420524691358025 0.43930041152263377 
0 0.24344135802469136 0.8544238683127572 0.24266975308641975 0.8539094650205762 0.2596450617283951 0.809156378600823 0.30709876543209874 0.6970164609053497 0.4039351851851852 0.4948559670781893 0.4104938271604938 0.46039094650205764 0.40933641975308643 0.4495884773662551 0.40625 0.4382716049382716 0.41203703703703703 0.448559670781893 0.41435185185185186 0.46296296296296297 0.408179012345679 0.4984567901234568 0.35262345679012347 0.617798353909465 0.31558641975308643 0.7031893004115226 0.2681327160493827 0.8194444444444444 0.25655864197530864 0.8539094650205762 0.24344135802469136 0.8544238683127572 
0 0.5790895061728395 0.4398148148148148 0.5717592592592593 0.43878600823045266 0.5790895061728395 0.4382716049382716 0.5790895061728395 0.4398148148148148 
0 0.6442901234567902 0.48662551440329216 0.6304012345679012 0.4799382716049383 0.6273148148148148 0.4742798353909465 0.6458333333333334 0.4825102880658436 0.6442901234567902 0.48662551440329216 
0 0.841820987654321 0.5828189300411523 0.7530864197530864 0.5385802469135802 0.7534722222222222 0.5349794238683128 0.8117283950617284 0.5622427983539094 0.8441358024691358 0.5802469135802469 0.8441358024691358 0.5823045267489712 0.841820987654321 0.5828189300411523 
1 0.33989197530864196 0.48302469135802467 0.34066358024691357 0.4470164609053498 0.34915123456790126 0.4367283950617284 0.3506944444444444 0.44135802469135804 0.3506944444444444 0.470679012345679 0.33989197530864196 0.48302469135802467 
2 0.35648148148148145 0.47170781893004116 0.3506944444444444 0.470679012345679 0.3506944444444444 0.44135802469135804 0.34915123456790126 0.43724279835390945 0.341820987654321 0.44495884773662553 0.3236882716049383 0.4212962962962963 0.3587962962962963 0.4279835390946502 0.3595679012345679 0.448559670781893 0.35648148148148145 0.47170781893004116 
3 0.7418981481481481 0.5715020576131687 0.7337962962962963 0.5709876543209876 0.7195216049382716 0.5606995884773662 0.7233796296296297 0.559156378600823 0.7418981481481481 0.5715020576131687 
3 0.9996141975308642 0.7484567901234568 0.8194444444444444 0.6286008230452675 0.8132716049382716 0.6172839506172839 0.9996141975308642 0.7340534979423868 0.9996141975308642 0.7484567901234568 
