0 0.48131127450980393 0.8868464052287581 0.22058823529411764 0.8741830065359477 0.046262254901960786 0.8639705882352942 0.04840686274509804 0.8631535947712419 0.052083333333333336 0.8586601307189542 0.053002450980392156 0.8545751633986928 0.05514705882352941 0.8545751633986928 0.08946078431372549 0.858251633986928 0.17003676470588236 0.8598856209150327 0.22579656862745098 0.863562091503268 0.3131127450980392 0.866421568627451 0.42861519607843135 0.8754084967320261 0.4810049019607843 0.883578431372549 0.48131127450980393 0.8868464052287581 
0 0.41452205882352944 0.8651960784313726 0.4114583333333333 0.8647875816993464 0.4111519607843137 0.863562091503268 0.41390931372549017 0.863562091503268 0.41452205882352944 0.8651960784313726 
0 0.4411764705882353 0.8668300653594772 0.42401960784313725 0.8639705882352942 0.4427083333333333 0.866421568627451 0.4411764705882353 0.8668300653594772 
0 0.4420955882352941 0.8688725490196079 0.41605392156862747 0.8656045751633987 0.4209558823529412 0.8643790849673203 0.4417892156862745 0.8676470588235294 0.4420955882352941 0.8688725490196079 
0 0.8498774509803921 0.8700980392156863 0.8477328431372549 0.8700980392156863 0.8474264705882353 0.869281045751634 0.8498774509803921 0.8676470588235294 0.8498774509803921 0.8700980392156863 
0 0.5955882352941176 0.8799019607843137 0.5526960784313726 0.877859477124183 0.4534313725490196 0.869281045751634 0.4583333333333333 0.8680555555555556 0.5670955882352942 0.8762254901960784 0.5952818627450981 0.8770424836601307 0.5955882352941176 0.8799019607843137 
0 0.6041666666666666 0.8925653594771242 0.5983455882352942 0.8921568627450981 0.5986519607843137 0.8888888888888888 0.5962009803921569 0.8856209150326797 0.53125 0.8794934640522876 0.4424019607843137 0.869281045751634 0.44699754901960786 0.8684640522875817 0.47732843137254904 0.8729575163398693 0.5333946078431373 0.8786764705882353 0.586703431372549 0.8823529411764706 0.6038602941176471 0.8860294117647058 0.6060049019607843 0.8909313725490197 0.6041666666666666 0.8925653594771242 
0 0.8370098039215687 0.8705065359477124 0.8250612745098039 0.8688725490196079 0.836703431372549 0.8688725490196079 0.8370098039215687 0.8705065359477124 
0 0.8422181372549019 0.8709150326797386 0.8382352941176471 0.8705065359477124 0.8379289215686274 0.869281045751634 0.8434436274509803 0.8688725490196079 0.8434436274509803 0.8705065359477124 0.8422181372549019 0.8709150326797386 
0 0.8370098039215687 0.8733660130718954 0.8268995098039216 0.8717320261437909 0.8250612745098039 0.8705065359477124 0.8370098039215687 0.872140522875817 0.8370098039215687 0.8733660130718954 
0 0.8434436274509803 0.875 0.8385416666666666 0.8737745098039216 0.8382352941176471 0.8729575163398693 0.8434436274509803 0.8733660130718954 0.8434436274509803 0.875 
0 0.8121936274509803 0.8839869281045751 0.8103553921568627 0.8839869281045751 0.8100490196078431 0.8819444444444444 0.8468137254901961 0.8762254901960784 0.8455882352941176 0.8737745098039216 0.8489583333333334 0.8758169934640523 0.8483455882352942 0.877859477124183 0.8121936274509803 0.8839869281045751 
0 0.6675857843137255 0.8819444444444444 0.6587009803921569 0.8799019607843137 0.6675857843137255 0.880718954248366 0.6675857843137255 0.8819444444444444 
0 0.6761642156862745 0.883578431372549 0.6685049019607843 0.8823529411764706 0.6737132352941176 0.8819444444444444 0.6761642156862745 0.883578431372549 
0 0.7046568627450981 0.8876633986928104 0.6924019607843137 0.8868464052287581 0.6770833333333334 0.8839869281045751 0.678921568627451 0.8827614379084967 0.7034313725490197 0.8827614379084967 0.7046568627450981 0.8876633986928104 
0 0.7285539215686274 0.8888888888888888 0.71875 0.8880718954248366 0.7282475490196079 0.8868464052287581 0.7285539215686274 0.8888888888888888 
0 0.7558210784313726 0.8901143790849673 0.7444852941176471 0.8901143790849673 0.7441789215686274 0.8888888888888888 0.7447916666666666 0.8876633986928104 0.7549019607843137 0.8876633986928104 0.7558210784313726 0.8901143790849673 
0 0.7717524509803921 0.8901143790849673 0.7717524509803921 0.8884803921568627 0.7775735294117647 0.889297385620915 0.7717524509803921 0.8901143790849673 
1 0.17310049019607843 0.8492647058823529 0.1482843137254902 0.8484477124183006 0.14215686274509803 0.8333333333333334 0.13939950980392157 0.8333333333333334 0.13419117647058823 0.8370098039215687 0.13174019607843138 0.8435457516339869 0.13204656862745098 0.8476307189542484 0.10386029411764706 0.8464052287581699 0.10600490196078431 0.8459967320261438 0.10784313725490197 0.8435457516339869 0.10876225490196079 0.8296568627450981 0.10263480392156862 0.8284313725490197 0.0974264705882353 0.8312908496732027 0.09129901960784313 0.8370098039215687 0.07628676470588236 0.8357843137254902 0.07383578431372549 0.8374183006535948 0.06893382352941177 0.8447712418300654 0.06433823529411764 0.8443627450980392 0.06587009803921569 0.8370098039215687 0.06587009803921569 0.8312908496732027 0.06403186274509803 0.826797385620915 0.06341911764705882 0.8141339869281046 0.05545343137254902 0.7904411764705882 0.20588235294117646 0.8014705882352942 0.20128676470588236 0.8059640522875817 0.17310049019607843 0.8492647058823529 
1 0.2503063725490196 0.815359477124183 0.24509803921568626 0.8047385620915033 0.2506127450980392 0.8051470588235294 0.2509191176470588 0.8063725490196079 0.25306372549019607 0.8071895424836601 0.2503063725490196 0.815359477124183 
1 0.2708333333333333 0.8496732026143791 0.26348039215686275 0.8488562091503268 0.26256127450980393 0.8459967320261438 0.2610294117647059 0.8464052287581699 0.25949754901960786 0.8488562091503268 0.25704656862745096 0.8492647058823529 0.25643382352941174 0.8484477124183006 0.25643382352941174 0.8398692810457516 0.2610294117647059 0.8394607843137255 0.2607230392156863 0.8300653594771242 0.2653186274509804 0.8161764705882353 0.2665441176470588 0.8063725490196079 0.27542892156862747 0.8071895424836601 0.2708333333333333 0.8496732026143791 
1 0.36243872549019607 0.860702614379085 0.32598039215686275 0.8545751633986928 0.28308823529411764 0.8508986928104575 0.28707107843137253 0.8075980392156863 0.32567401960784315 0.8100490196078431 0.32598039215686275 0.8165849673202614 0.36580882352941174 0.8194444444444444 0.36611519607843135 0.8259803921568627 0.36917892156862747 0.8345588235294118 0.36243872549019607 0.860702614379085 
1 0.3939950980392157 0.863562091503268 0.38204656862745096 0.8623366013071896 0.38296568627450983 0.8443627450980392 0.3860294117647059 0.8312908496732027 0.3860294117647059 0.8223039215686274 0.39675245098039214 0.823937908496732 0.3939950980392157 0.863562091503268 
1 0.4111519607843137 0.8651960784313726 0.4056372549019608 0.8639705882352942 0.40778186274509803 0.8247549019607843 0.4105392156862745 0.8288398692810458 0.41207107843137253 0.829248366013072 0.4114583333333333 0.8553921568627451 0.41329656862745096 0.8623366013071896 0.4114583333333333 0.8619281045751634 0.4111519607843137 0.8651960784313726 
1 0.5545343137254902 0.8733660130718954 0.5499387254901961 0.8729575163398693 0.5487132352941176 0.8684640522875817 0.5386029411764706 0.872140522875817 0.45986519607843135 0.8651960784313726 0.46721813725490197 0.8639705882352942 0.46875 0.8300653594771242 0.5352328431372549 0.8316993464052288 0.6127450980392157 0.8398692810457516 0.6081495098039216 0.8423202614379085 0.6053921568627451 0.8455882352941176 0.6029411764705882 0.8488562091503268 0.6017156862745098 0.8529411764705882 0.5995710784313726 0.8508986928104575 0.5962009803921569 0.8517156862745098 0.5962009803921569 0.8545751633986928 0.6004901960784313 0.8570261437908496 0.5977328431372549 0.8594771241830066 0.5952818627450981 0.8656045751633987 0.5952818627450981 0.8729575163398693 0.5545343137254902 0.8733660130718954 
1 0.43474264705882354 0.8643790849673203 0.4209558823529412 0.8631535947712419 0.41942401960784315 0.8562091503267973 0.41911764705882354 0.8476307189542484 0.41942401960784315 0.8435457516339869 0.4215686274509804 0.8406862745098039 0.421875 0.8382352941176471 0.41973039215686275 0.8304738562091504 0.43535539215686275 0.8308823529411765 0.43474264705882354 0.8643790849673203 
1 0.6675857843137255 0.8758169934640523 0.6587009803921569 0.875 0.6587009803921569 0.8586601307189542 0.6568627450980392 0.8537581699346405 0.6488970588235294 0.8431372549019608 0.6749387254901961 0.8459967320261438 0.6749387254901961 0.860702614379085 0.6685049019607843 0.860702614379085 0.6688112745098039 0.872140522875817 0.6675857843137255 0.8758169934640523 
1 0.7015931372549019 0.8794934640522876 0.6810661764705882 0.8774509803921569 0.6810661764705882 0.8660130718954249 0.6798406862745098 0.8611111111111112 0.6786151960784313 0.860702614379085 0.678921568627451 0.8459967320261438 0.6902573529411765 0.8464052287581699 0.7058823529411765 0.8500816993464052 0.7052696078431373 0.8517156862745098 0.703125 0.8508986928104575 0.7015931372549019 0.8525326797385621 0.7022058823529411 0.8553921568627451 0.6997549019607843 0.8594771241830066 0.6994485294117647 0.8717320261437909 0.7003676470588235 0.872140522875817 0.7009803921568627 0.8668300653594772 0.7015931372549019 0.8794934640522876 
1 0.8109681372549019 0.8758169934640523 0.8097426470588235 0.8758169934640523 0.8097426470588235 0.8611111111111112 0.8226102941176471 0.8627450980392157 0.8232230392156863 0.8741830065359477 0.8109681372549019 0.8758169934640523 
5 0.5980392156862745 0.8921568627450981 0.4794730392156863 0.8868464052287581 0.48131127450980393 0.8868464052287581 0.48131127450980393 0.8839869281045751 0.4877450980392157 0.8839869281045751 0.5928308823529411 0.8905228758169934 0.5980392156862745 0.8909313725490197 0.5980392156862745 0.8921568627450981 
