1 0.45925245098039214 0.5788398692810458 0.4583333333333333 0.5784313725490197 0.46047794117647056 0.5731209150326797 0.46170343137254904 0.5551470588235294 0.46170343137254904 0.5241013071895425 0.45465686274509803 0.5106209150326797 0.3704044117647059 0.5191993464052288 0.25765931372549017 0.5249183006535948 0.25612745098039214 0.4791666666666667 0.4522058823529412 0.46854575163398693 0.49203431372549017 0.5147058823529411 0.49387254901960786 0.5600490196078431 0.49325980392156865 0.5604575163398693 0.4898897058823529 0.5571895424836601 0.48713235294117646 0.5604575163398693 0.4834558823529412 0.5604575163398693 0.47732843137254904 0.5690359477124183 0.47457107843137253 0.5674019607843137 0.4684436274509804 0.5690359477124183 0.4647671568627451 0.5723039215686274 0.46139705882352944 0.5776143790849673 0.45925245098039214 0.5788398692810458 
1 0.19607843137254902 0.5285947712418301 0.18841911764705882 0.5285947712418301 0.1871936274509804 0.4852941176470588 0.19332107843137256 0.4840686274509804 0.19362745098039216 0.4820261437908497 0.25275735294117646 0.4795751633986928 0.2545955882352941 0.5253267973856209 0.19607843137254902 0.5285947712418301 
1 0.03768382352941176 0.5371732026143791 0.03615196078431373 0.5371732026143791 0.035845588235294115 0.5334967320261438 0.03462009803921569 0.49019607843137253 0.16666666666666666 0.4832516339869281 0.17432598039215685 0.4840686274509804 0.17830882352941177 0.48284313725490197 0.1792279411764706 0.4832516339869281 0.1795343137254902 0.48570261437908496 0.18412990196078433 0.4861111111111111 0.18535539215686275 0.5290032679738562 0.16727941176470587 0.5298202614379085 0.16329656862745098 0.5204248366013072 0.15931372549019607 0.5204248366013072 0.15931372549019607 0.5138888888888888 0.15441176470588236 0.5053104575163399 0.14767156862745098 0.5191993464052288 0.1488970588235294 0.5241013071895425 0.15165441176470587 0.5257352941176471 0.15287990196078433 0.5306372549019608 0.03768382352941176 0.5371732026143791 
1 0.0 0.5392156862745098 0.0 0.4922385620915033 0.030943627450980393 0.49060457516339867 0.03216911764705882 0.5371732026143791 0.0 0.5392156862745098 
1 0.9923406862745098 0.5212418300653595 0.9908088235294118 0.5183823529411765 0.991421568627451 0.5163398692810458 0.9975490196078431 0.5159313725490197 0.9969362745098039 0.5179738562091504 0.9978553921568627 0.5208333333333334 0.9923406862745098 0.5212418300653595 
1 0.9561887254901961 0.5371732026143791 0.9448529411764706 0.5371732026143791 0.944546568627451 0.5269607843137255 0.9420955882352942 0.5269607843137255 0.9396446078431373 0.5236928104575164 0.9329044117647058 0.5245098039215687 0.9310661764705882 0.5212418300653595 0.9874387254901961 0.5179738562091504 0.9883578431372549 0.5212418300653595 0.9708946078431373 0.5220588235294118 0.9681372549019608 0.5273692810457516 0.9693627450980392 0.5367647058823529 0.9561887254901961 0.5371732026143791 
1 0.4990808823529412 0.5437091503267973 0.49785539215686275 0.5212418300653595 0.5003063725490197 0.5249183006535948 0.5015318627450981 0.5330882352941176 0.5018382352941176 0.5424836601307189 0.4990808823529412 0.5437091503267973 
1 0.9197303921568627 0.5253267973856209 0.9185049019607843 0.5253267973856209 0.9166666666666666 0.5220588235294118 0.9261642156862745 0.5216503267973857 0.9237132352941176 0.5249183006535948 0.9197303921568627 0.5253267973856209 
1 0.9123774509803921 0.5383986928104575 0.8982843137254902 0.5383986928104575 0.8979779411764706 0.5290032679738562 0.8955269607843137 0.5253267973856209 0.8688725490196079 0.5269607843137255 0.8667279411764706 0.5253267973856209 0.8645833333333334 0.5269607843137255 0.8602941176470589 0.5269607843137255 0.8590686274509803 0.5257352941176471 0.9102328431372549 0.5220588235294118 0.9102328431372549 0.5273692810457516 0.9120710784313726 0.5281862745098039 0.9114583333333334 0.5314542483660131 0.9126838235294118 0.5367647058823529 0.9123774509803921 0.5383986928104575 
1 0.8253676470588235 0.5408496732026143 0.8213848039215687 0.5408496732026143 0.821078431372549 0.5277777777777778 0.8587622549019608 0.5257352941176471 0.8587622549019608 0.5273692810457516 0.8526348039215687 0.5322712418300654 0.8514093137254902 0.5371732026143791 0.852328431372549 0.5400326797385621 0.8253676470588235 0.5408496732026143 
1 0.8186274509803921 0.5408496732026143 0.8118872549019608 0.5408496732026143 0.8140318627450981 0.5281862745098039 0.8180147058823529 0.5281862745098039 0.8186274509803921 0.5408496732026143 
1 0.9852941176470589 0.5363562091503268 0.9708946078431373 0.5363562091503268 0.9708946078431373 0.5306372549019608 0.9905024509803921 0.5294117647058824 0.9911151960784313 0.5306372549019608 0.9917279411764706 0.5294117647058824 0.9923406862745098 0.5306372549019608 0.9926470588235294 0.5290032679738562 0.9996936274509803 0.5294117647058824 0.9996936274509803 0.5359477124183006 0.9852941176470589 0.5363562091503268 
1 0.7818627450980392 0.5420751633986928 0.7797181372549019 0.5416666666666666 0.7794117647058824 0.5302287581699346 0.7931985294117647 0.5298202614379085 0.7910539215686274 0.5355392156862745 0.7922794117647058 0.5416666666666666 0.7818627450980392 0.5420751633986928 
1 0.6605392156862745 0.5453431372549019 0.6559436274509803 0.5453431372549019 0.6559436274509803 0.5367647058823529 0.7619485294117647 0.5310457516339869 0.7671568627450981 0.5318627450980392 0.7696078431372549 0.5420751633986928 0.6605392156862745 0.5453431372549019 
1 0.9414828431372549 0.5375816993464052 0.9335171568627451 0.5375816993464052 0.9332107843137255 0.5343137254901961 0.9350490196078431 0.5326797385620915 0.9417892156862745 0.5322712418300654 0.9414828431372549 0.5375816993464052 
1 0.9310661764705882 0.5375816993464052 0.9273897058823529 0.5375816993464052 0.9243259803921569 0.5339052287581699 0.9286151960784313 0.5330882352941176 0.9310661764705882 0.5375816993464052 
1 0.9215686274509803 0.5379901960784313 0.9160539215686274 0.5379901960784313 0.9157475490196079 0.5343137254901961 0.9215686274509803 0.5339052287581699 0.9215686274509803 0.5379901960784313 
1 0.883578431372549 0.5392156862745098 0.8805147058823529 0.5392156862745098 0.8808210784313726 0.5343137254901961 0.8851102941176471 0.5347222222222222 0.8851102941176471 0.5388071895424836 0.883578431372549 0.5392156862745098 
1 0.8964460784313726 0.5388071895424836 0.8884803921568627 0.5388071895424836 0.8881740196078431 0.5347222222222222 0.8964460784313726 0.5343137254901961 0.8964460784313726 0.5388071895424836 
1 0.6544117647058824 0.5453431372549019 0.6446078431372549 0.5453431372549019 0.6439950980392157 0.5375816993464052 0.6541053921568627 0.5367647058823529 0.6544117647058824 0.5453431372549019 
1 0.8731617647058824 0.5392156862745098 0.8716299019607843 0.5392156862745098 0.8725490196078431 0.5367647058823529 0.8731617647058824 0.5392156862745098 
1 0.8630514705882353 0.5396241830065359 0.8584558823529411 0.5396241830065359 0.8602941176470589 0.5375816993464052 0.8630514705882353 0.5396241830065359 
1 0.9270833333333334 0.5379901960784313 0.9234068627450981 0.5379901960784313 0.9270833333333334 0.5379901960784313 
