0 0.4258578431372549 0.5931372549019608 0.42432598039215685 0.5902777777777778 0.44515931372549017 0.5780228758169934 0.4476102941176471 0.5780228758169934 0.4482230392156863 0.5759803921568627 0.45128676470588236 0.5763888888888888 0.44607843137254904 0.5808823529411765 0.4258578431372549 0.5931372549019608 
0 0.5894607843137255 0.5988562091503268 0.5321691176470589 0.5955882352941176 0.5257352941176471 0.5943627450980392 0.5165441176470589 0.5894607843137255 0.5134803921568627 0.5894607843137255 0.5131740196078431 0.5870098039215687 0.5177696078431373 0.5849673202614379 0.5159313725490197 0.5866013071895425 0.5330882352941176 0.5931372549019608 0.5683210784313726 0.5964052287581699 0.6130514705882353 0.5964052287581699 0.7631740196078431 0.5927287581699346 0.7634803921568627 0.5947712418300654 0.7634803921568627 0.5955882352941176 0.7506127450980392 0.5959967320261438 0.6268382352941176 0.5972222222222222 0.5894607843137255 0.5988562091503268 
0 0.09068627450980392 0.6017156862745098 0.0 0.6008986928104575 0.0 0.5976307189542484 0.09068627450980392 0.5988562091503268 0.09068627450980392 0.6017156862745098 
0 0.22763480392156862 0.6033496732026143 0.14981617647058823 0.6021241830065359 0.15042892156862744 0.6000816993464052 0.21415441176470587 0.6004901960784313 0.3118872549019608 0.5980392156862745 0.33088235294117646 0.5980392156862745 0.33026960784313725 0.6000816993464052 0.33118872549019607 0.6021241830065359 0.22763480392156862 0.6033496732026143 
0 0.12591911764705882 0.6021241830065359 0.09558823529411764 0.6017156862745098 0.09528186274509803 0.5992647058823529 0.12193627450980392 0.5992647058823529 0.12591911764705882 0.5996732026143791 0.12591911764705882 0.6021241830065359 
0 0.13939950980392157 0.6021241830065359 0.13020833333333334 0.6021241830065359 0.12990196078431374 0.6000816993464052 0.13939950980392157 0.5996732026143791 0.13939950980392157 0.6021241830065359 
0 0.7466299019607843 0.6090686274509803 0.7420343137254902 0.6090686274509803 0.7401960784313726 0.6078431372549019 0.7625612745098039 0.6070261437908496 0.7466299019607843 0.6090686274509803 
0 0.9996936274509803 0.8296568627450981 0.6829044117647058 0.6650326797385621 0.6430759803921569 0.6429738562091504 0.6363357843137255 0.639297385620915 0.6381740196078431 0.6274509803921569 0.6433823529411765 0.6241830065359477 0.6513480392156863 0.6229575163398693 0.6452205882352942 0.6254084967320261 0.6436887254901961 0.6286764705882353 0.6479779411764706 0.6348039215686274 0.680453431372549 0.6507352941176471 0.7619485294117647 0.6866830065359477 0.9996936274509803 0.7753267973856209 0.9996936274509803 0.8296568627450981 
0 0.0 0.7777777777777778 0.0 0.7467320261437909 0.05238970588235294 0.7275326797385621 0.28278186274509803 0.6372549019607843 0.29442401960784315 0.6315359477124183 0.296875 0.6290849673202614 0.2962622549019608 0.625 0.3008578431372549 0.625 0.3011642156862745 0.6262254901960784 0.30330882352941174 0.6352124183006536 0.30330882352941174 0.6384803921568627 0.3017769607843137 0.639297385620915 0.2619485294117647 0.6589052287581699 0.0 0.7777777777777778 
0 0.14981617647058823 0.641748366013072 0.14950980392156862 0.6376633986928104 0.1948529411764706 0.6262254901960784 0.19332107843137256 0.6303104575163399 0.18933823529411764 0.6323529411764706 0.14981617647058823 0.641748366013072 
0 0.0 0.6772875816993464 0.0 0.670751633986928 0.09681372549019608 0.6478758169934641 0.13817401960784315 0.6405228758169934 0.13756127450980393 0.6446078431372549 0.0 0.6772875816993464 
1 0.8241421568627451 0.6327614379084967 0.7631740196078431 0.6225490196078431 0.7619485294117647 0.5959967320261438 0.7634803921568627 0.5947712418300654 0.7631740196078431 0.5927287581699346 0.7619485294117647 0.5931372549019608 0.7619485294117647 0.5874183006535948 0.6326593137254902 0.5874183006535948 0.6314338235294118 0.5584150326797386 0.633578431372549 0.5584150326797386 0.6338848039215687 0.5551470588235294 0.6375612745098039 0.5547385620915033 0.7607230392156863 0.5502450980392157 0.7582720588235294 0.46895424836601307 0.7582720588235294 0.46405228758169936 0.7601102941176471 0.4616013071895425 0.7640931372549019 0.46200980392156865 0.7647058823529411 0.4673202614379085 0.765625 0.4673202614379085 0.8167892156862745 0.4493464052287582 0.8158700980392157 0.443218954248366 0.819546568627451 0.43995098039215685 0.8235294117647058 0.4411764705882353 0.8247549019607843 0.44812091503267976 0.8658088235294118 0.44812091503267976 0.9494485294117647 0.44730392156862747 0.9509803921568627 0.43913398692810457 0.9571078431372549 0.4387254901960784 0.9635416666666666 0.6245915032679739 0.8912377450980392 0.6286764705882353 0.8890931372549019 0.5306372549019608 0.8645833333333334 0.5294117647058824 0.8517156862745098 0.5306372549019608 0.8498774509803921 0.5330882352941176 0.8520220588235294 0.6311274509803921 0.8241421568627451 0.6327614379084967 
1 0.8082107843137255 0.6274509803921569 0.8045343137254902 0.5118464052287581 0.8045343137254902 0.5073529411764706 0.8057598039215687 0.5069444444444444 0.8057598039215687 0.505718954248366 0.803921568627451 0.48651960784313725 0.8011642156862745 0.48733660130718953 0.8008578431372549 0.49142156862745096 0.796875 0.4922385620915033 0.7965686274509803 0.494281045751634 0.7977941176470589 0.5069444444444444 0.8014705882352942 0.5073529411764706 0.8042279411764706 0.6270424836601307 0.8082107843137255 0.6274509803921569 
1 0.3805147058823529 0.5890522875816994 0.3805147058823529 0.5804738562091504 0.38296568627450983 0.573937908496732 0.38388480392156865 0.5490196078431373 0.40471813725490197 0.5502450980392157 0.4105392156862745 0.5494281045751634 0.4117647058823529 0.5559640522875817 0.4105392156862745 0.5563725490196079 0.4102328431372549 0.5861928104575164 0.3805147058823529 0.5890522875816994 
1 0.553921568627451 0.5861928104575164 0.5229779411764706 0.5829248366013072 0.5229779411764706 0.5543300653594772 0.53125 0.5543300653594772 0.5315563725490197 0.5649509803921569 0.5358455882352942 0.5649509803921569 0.5355392156862745 0.5522875816993464 0.553921568627451 0.5514705882352942 0.553921568627451 0.5861928104575164 
1 0.578125 0.5894607843137255 0.5557598039215687 0.5866013071895425 0.5557598039215687 0.5518790849673203 0.5790441176470589 0.5531045751633987 0.5793504901960784 0.5890522875816994 0.578125 0.5894607843137255 
1 0.5909926470588235 0.5886437908496732 0.585171568627451 0.5886437908496732 0.5842524509803921 0.5531045751633987 0.6130514705882353 0.5547385620915033 0.6136642156862745 0.5584150326797386 0.6130514705882353 0.5874183006535948 0.5909926470588235 0.5886437908496732 
1 0.43566176470588236 0.5776143790849673 0.43474264705882354 0.5584150326797386 0.4384191176470588 0.5580065359477124 0.4387254901960784 0.553921568627451 0.43995098039215685 0.5543300653594772 0.44056372549019607 0.5575980392156863 0.4408700980392157 0.5535130718954249 0.4420955882352941 0.5531045751633987 0.4427083333333333 0.5625 0.44362745098039214 0.5633169934640523 0.4427083333333333 0.5755718954248366 0.44025735294117646 0.5772058823529411 0.43566176470588236 0.5776143790849673 
1 0.6289828431372549 0.5874183006535948 0.6161151960784313 0.5874183006535948 0.6167279411764706 0.5580065359477124 0.6289828431372549 0.5584150326797386 0.6289828431372549 0.5874183006535948 
5 0.35661764705882354 0.6013071895424836 0.33118872549019607 0.6013071895424836 0.33026960784313725 0.6000816993464052 0.33118872549019607 0.5980392156862745 0.3492647058823529 0.6000816993464052 0.3909313725490196 0.5984477124183006 0.40931372549019607 0.5964052287581699 0.41942401960784315 0.5935457516339869 0.4224877450980392 0.5910947712418301 0.4255514705882353 0.5919117647058824 0.4252450980392157 0.5931372549019608 0.42034313725490197 0.5951797385620915 0.4025735294117647 0.5984477124183006 0.35661764705882354 0.6013071895424836 
5 0.7310049019607843 0.6131535947712419 0.7291666666666666 0.6119281045751634 0.7398897058823529 0.6078431372549019 0.7417279411764706 0.6078431372549019 0.7420343137254902 0.6094771241830066 0.7310049019607843 0.6131535947712419 
2 0.37683823529411764 0.5923202614379085 0.36795343137254904 0.5919117647058824 0.36672794117647056 0.5902777777777778 0.36734068627450983 0.5886437908496732 0.3707107843137255 0.5882352941176471 0.3710171568627451 0.5616830065359477 0.37316176470588236 0.5600490196078431 0.37775735294117646 0.5612745098039216 0.3783700980392157 0.5915032679738562 0.37683823529411764 0.5923202614379085 
