0 0.39891975308641975 0.6430041152263375 0.3761574074074074 0.6414609053497943 0.37885802469135804 0.63940329218107 0.41203703703703703 0.63940329218107 0.4236111111111111 0.6373456790123457 0.4236111111111111 0.6399176954732511 0.4216820987654321 0.6404320987654321 0.39891975308641975 0.6430041152263375 
0 0.3506944444444444 0.6517489711934157 0.35108024691358025 0.647119341563786 0.37808641975308643 0.6430041152263375 0.37808641975308643 0.6481481481481481 0.3506944444444444 0.6517489711934157 
0 0.9996141975308642 0.7433127572016461 0.9610339506172839 0.7386831275720165 0.7496141975308642 0.690843621399177 0.5802469135802469 0.6584362139917695 0.5787037037037037 0.6579218106995884 0.5779320987654321 0.6502057613168725 0.8128858024691358 0.691358024691358 0.9996141975308642 0.7196502057613169 0.9996141975308642 0.7433127572016461 
0 0.3175154320987654 0.6594650205761317 0.3148148148148148 0.6594650205761317 0.3175154320987654 0.654320987654321 0.33526234567901236 0.6507201646090535 0.33757716049382713 0.654835390946502 0.3175154320987654 0.6594650205761317 
0 0.2835648148148148 0.6666666666666666 0.27816358024691357 0.6666666666666666 0.28510802469135804 0.6589506172839507 0.2986111111111111 0.6574074074074074 0.30401234567901236 0.6630658436213992 0.2835648148148148 0.6666666666666666 
0 0.24228395061728394 0.6748971193415638 0.22608024691358025 0.6748971193415638 0.22916666666666666 0.6697530864197531 0.23109567901234568 0.6697530864197531 0.23148148148148148 0.6661522633744856 0.25887345679012347 0.6635802469135802 0.26350308641975306 0.6718106995884774 0.24228395061728394 0.6748971193415638 
0 0.057484567901234566 0.7114197530864198 0.0 0.698045267489712 0.0 0.691358024691358 0.03935185185185185 0.6867283950617284 0.044753086419753084 0.6882716049382716 0.040123456790123455 0.6893004115226338 0.04128086419753087 0.691358024691358 0.028935185185185185 0.6887860082304527 0.02854938271604938 0.6934156378600823 0.05015432098765432 0.6975308641975309 0.07021604938271606 0.7042181069958847 0.07137345679012345 0.7042181069958847 0.08024691358024691 0.690843621399177 0.10146604938271606 0.6893004115226338 0.1099537037037037 0.690843621399177 0.12885802469135801 0.6882716049382716 0.12924382716049382 0.6826131687242798 0.1431327160493827 0.6826131687242798 0.15200617283950618 0.691358024691358 0.14814814814814814 0.6949588477366255 0.057484567901234566 0.7114197530864198 
1 0.9996141975308642 0.7196502057613169 0.9972993827160493 0.706275720164609 0.9710648148148148 0.6975308641975309 0.9571759259259259 0.7016460905349794 0.9483024691358025 0.706275720164609 0.9463734567901234 0.7114197530864198 0.9432870370370371 0.7114197530864198 0.8097993827160493 0.690843621399177 0.5779320987654321 0.6496913580246914 0.5771604938271605 0.6450617283950617 0.5794753086419753 0.6430041152263375 0.5798611111111112 0.6404320987654321 0.5787037037037037 0.6378600823045267 0.5752314814814815 0.6373456790123457 0.5698302469135802 0.6234567901234568 0.5698302469135802 0.6126543209876543 0.6682098765432098 0.6054526748971193 0.8464506172839507 0.5838477366255144 0.9996141975308642 0.5704732510288066 0.9996141975308642 0.7196502057613169 
1 0.036265432098765434 0.6697530864197531 0.0 0.6682098765432098 0.0 0.6075102880658436 0.05324074074074074 0.6064814814814815 0.05092592592592592 0.6219135802469136 0.04822530864197531 0.6306584362139918 0.0466820987654321 0.6682098765432098 0.036265432098765434 0.6697530864197531 
1 0.08333333333333333 0.6172839506172839 0.08371913580246913 0.6080246913580247 0.08487654320987655 0.6116255144032922 0.08333333333333333 0.6172839506172839 
1 0.1246141975308642 0.6604938271604939 0.12191358024691358 0.6589506172839507 0.10069444444444445 0.6157407407407407 0.10146604938271606 0.6090534979423868 0.13657407407407407 0.6111111111111112 0.13425925925925927 0.6594650205761317 0.1246141975308642 0.6604938271604939 
1 0.16319444444444445 0.6579218106995884 0.16666666666666666 0.6111111111111112 0.19560185185185186 0.6141975308641975 0.19521604938271606 0.6234567901234568 0.18132716049382716 0.6568930041152263 0.16319444444444445 0.6579218106995884 
1 0.21219135802469136 0.6219135802469136 0.21219135802469136 0.6157407407407407 0.21219135802469136 0.6219135802469136 
1 0.40162037037037035 0.63940329218107 0.38117283950617287 0.63940329218107 0.38078703703703703 0.6337448559670782 0.40162037037037035 0.6332304526748971 0.40162037037037035 0.63940329218107 
5 0.33834876543209874 0.654835390946502 0.33641975308641975 0.6532921810699589 0.35030864197530864 0.6507201646090535 0.34915123456790126 0.6522633744855967 0.33834876543209874 0.654835390946502 
5 0.30439814814814814 0.6625514403292181 0.3013117283950617 0.6604938271604939 0.3159722222222222 0.6574074074074074 0.3148148148148148 0.6594650205761317 0.3159722222222222 0.6599794238683128 0.30439814814814814 0.6625514403292181 
5 0.2650462962962963 0.6712962962962963 0.26350308641975306 0.6712962962962963 0.26157407407407407 0.668724279835391 0.27739197530864196 0.6651234567901234 0.2789351851851852 0.6651234567901234 0.2785493827160494 0.6666666666666666 0.2835648148148148 0.6671810699588477 0.2650462962962963 0.6712962962962963 
5 0.29050925925925924 0.6656378600823045 0.28935185185185186 0.6656378600823045 0.29050925925925924 0.6656378600823045 
5 0.2881944444444444 0.6661522633744856 0.28665123456790126 0.6661522633744856 0.2881944444444444 0.6661522633744856 
5 0.28587962962962965 0.6666666666666666 0.2835648148148148 0.6666666666666666 0.28587962962962965 0.6666666666666666 
5 0.19868827160493827 0.6784979423868313 0.13078703703703703 0.6759259259259259 0.12422839506172839 0.6754115226337448 0.12384259259259259 0.6733539094650206 0.1882716049382716 0.6754115226337448 0.23919753086419754 0.6754115226337448 0.19868827160493827 0.6784979423868313 
