0 0.43596813725490197 0.7483660130718954 0.42861519607843135 0.7483660130718954 0.42953431372549017 0.7467320261437909 0.4362745098039216 0.7467320261437909 0.43596813725490197 0.7483660130718954 
0 0.4430147058823529 0.7606209150326797 0.43995098039215685 0.7602124183006536 0.44056372549019607 0.758578431372549 0.4494485294117647 0.7581699346405228 0.45159313725490197 0.7593954248366013 0.4430147058823529 0.7606209150326797 
0 0.0 0.9248366013071896 0.0 0.9121732026143791 0.002144607843137255 0.9109477124183006 0.05238970588235294 0.9035947712418301 0.13756127450980393 0.8852124183006536 0.20649509803921567 0.8647875816993464 0.2824754901960784 0.8357843137254902 0.30484068627450983 0.8223039215686274 0.34375 0.7883986928104575 0.37714460784313725 0.7618464052287581 0.37714460784313725 0.766748366013072 0.3694852941176471 0.7761437908496732 0.34558823529411764 0.798202614379085 0.3161764705882353 0.8280228758169934 0.30575980392156865 0.8366013071895425 0.2806372549019608 0.8508986928104575 0.22763480392156862 0.869281045751634 0.15931372549019607 0.8880718954248366 0.10447303921568628 0.9023692810457516 0.0 0.9248366013071896 
0 0.46292892156862747 0.7712418300653595 0.4540441176470588 0.7712418300653595 0.4537377450980392 0.7696078431372549 0.4543504901960784 0.7679738562091504 0.46262254901960786 0.7683823529411765 0.46292892156862747 0.7712418300653595 
0 0.028186274509803922 0.7896241830065359 0.025735294117647058 0.7896241830065359 0.0272671568627451 0.7826797385620915 0.0389093137254902 0.7826797385620915 0.03952205882352941 0.7859477124183006 0.04381127450980392 0.7867647058823529 0.028186274509803922 0.7896241830065359 
0 0.009497549019607842 0.7928921568627451 0.007352941176470588 0.7928921568627451 0.00980392156862745 0.7908496732026143 0.01133578431372549 0.7867647058823529 0.012254901960784314 0.7867647058823529 0.012867647058823529 0.7908496732026143 0.014093137254901961 0.7920751633986928 0.009497549019607842 0.7928921568627451 
0 0.8575367647058824 0.8439542483660131 0.8517156862745098 0.8415032679738562 0.8066789215686274 0.8386437908496732 0.8063725490196079 0.8288398692810458 0.8250612745098039 0.8263888888888888 0.8235294117647058 0.8296568627450981 0.8547794117647058 0.8308823529411765 0.8563112745098039 0.8321078431372549 0.8575367647058824 0.8439542483660131 
0 0.7264093137254902 0.8553921568627451 0.6979166666666666 0.8459967320261438 0.6884191176470589 0.8390522875816994 0.7074142156862745 0.8349673202614379 0.7110906862745098 0.8353758169934641 0.7123161764705882 0.8374183006535948 0.7221200980392157 0.8386437908496732 0.7233455882352942 0.8402777777777778 0.7264093137254902 0.8553921568627451 
0 0.9221813725490197 0.8631535947712419 0.8995098039215687 0.8615196078431373 0.8890931372549019 0.8570261437908496 0.8863357843137255 0.8390522875816994 0.9019607843137255 0.8455882352941176 0.913296568627451 0.8480392156862745 0.9375 0.8480392156862745 0.9396446078431373 0.8423202614379085 0.9463848039215687 0.8419117647058824 0.9996936274509803 0.8451797385620915 0.9996936274509803 0.8594771241830066 0.9457720588235294 0.8537581699346405 0.9359681372549019 0.8562091503267973 0.9221813725490197 0.8631535947712419 
0 0.8339460784313726 0.8843954248366013 0.7913602941176471 0.883578431372549 0.7858455882352942 0.8799019607843137 0.7852328431372549 0.8754084967320261 0.7493872549019608 0.863562091503268 0.7533700980392157 0.8533496732026143 0.7542892156862745 0.8480392156862745 0.7947303921568627 0.8598856209150327 0.8357843137254902 0.8762254901960784 0.8339460784313726 0.8843954248366013 
0 0.836703431372549 0.9995915032679739 0.7518382352941176 0.9995915032679739 0.6639093137254902 0.9338235294117647 0.6599264705882353 0.9264705882352942 0.6583946078431373 0.9105392156862745 0.6645220588235294 0.9015522875816994 0.6776960784313726 0.8946078431372549 0.7129289215686274 0.8876633986928104 0.7401960784313726 0.8872549019607843 0.71875 0.8905228758169934 0.6881127450980392 0.8982843137254902 0.6847426470588235 0.9023692810457516 0.6878063725490197 0.9084967320261438 0.7012867647058824 0.9178921568627451 0.836703431372549 0.9995915032679739 
1 0.4525122549019608 0.7054738562091504 0.4319852941176471 0.7054738562091504 0.4338235294117647 0.6993464052287581 0.43014705882352944 0.6858660130718954 0.4329044117647059 0.6854575163398693 0.4325980392156863 0.681781045751634 0.4341299019607843 0.6821895424836601 0.43535539215686275 0.6854575163398693 0.4387254901960784 0.6858660130718954 0.4387254901960784 0.6895424836601307 0.4417892156862745 0.6956699346405228 0.44638480392156865 0.6997549019607843 0.45465686274509803 0.6985294117647058 0.4586397058823529 0.7050653594771242 0.4525122549019608 0.7054738562091504 
1 0.49203431372549017 0.704248366013072 0.4856004901960784 0.704248366013072 0.4856004901960784 0.6944444444444444 0.48713235294117646 0.693218954248366 0.49387254901960786 0.6944444444444444 0.49785539215686275 0.7009803921568627 0.4990808823529412 0.7005718954248366 0.5045955882352942 0.6866830065359477 0.5064338235294118 0.6866830065359477 0.5052083333333334 0.7038398692810458 0.49203431372549017 0.704248366013072 
1 0.14981617647058823 0.7148692810457516 0.15073529411764705 0.6911764705882353 0.15410539215686275 0.6911764705882353 0.15441176470588236 0.6883169934640523 0.1559436274509804 0.6887254901960784 0.1559436274509804 0.6907679738562091 0.16513480392156862 0.690359477124183 0.16513480392156862 0.6883169934640523 0.16666666666666666 0.6875 0.16758578431372548 0.6907679738562091 0.1724877450980392 0.6911764705882353 0.17310049019607843 0.7013888888888888 0.1724877450980392 0.7034313725490197 0.1642156862745098 0.7001633986928104 0.15625 0.6952614379084967 0.1559436274509804 0.6977124183006536 0.16727941176470587 0.7046568627450981 0.17616421568627452 0.7124183006535948 0.17616421568627452 0.7140522875816994 0.1565563725490196 0.7144607843137255 0.15533088235294118 0.7124183006535948 0.15502450980392157 0.7144607843137255 0.14981617647058823 0.7148692810457516 
1 0.29044117647058826 0.7099673202614379 0.2809436274509804 0.7099673202614379 0.2818627450980392 0.6879084967320261 0.29044117647058826 0.6883169934640523 0.29044117647058826 0.7099673202614379 
1 0.2763480392156863 0.7103758169934641 0.26776960784313725 0.7103758169934641 0.2693014705882353 0.6883169934640523 0.2772671568627451 0.6887254901960784 0.2763480392156863 0.7103758169934641 
1 0.24785539215686275 0.7111928104575164 0.2423406862745098 0.7111928104575164 0.24540441176470587 0.7095588235294118 0.24785539215686275 0.7046568627450981 0.24387254901960784 0.6956699346405228 0.24295343137254902 0.6895424836601307 0.26378676470588236 0.6887254901960784 0.26286764705882354 0.7103758169934641 0.24785539215686275 0.7111928104575164 
1 0.22058823529411764 0.7120098039215687 0.21446078431372548 0.7120098039215687 0.23651960784313725 0.6891339869281046 0.23988970588235295 0.6895424836601307 0.23621323529411764 0.6940359477124183 0.23314950980392157 0.7005718954248366 0.22855392156862744 0.7013888888888888 0.23039215686274508 0.7103758169934641 0.23284313725490197 0.7116013071895425 0.22058823529411764 0.7120098039215687 
1 0.30575980392156865 0.7095588235294118 0.296875 0.7095588235294118 0.2977941176470588 0.6985294117647058 0.296875 0.6924019607843137 0.29840686274509803 0.6891339869281046 0.31004901960784315 0.6973039215686274 0.3128063725490196 0.6977124183006536 0.3125 0.7091503267973857 0.30575980392156865 0.7095588235294118 
1 0.48284313725490197 0.704248366013072 0.4797794117647059 0.704248366013072 0.48253676470588236 0.6924019607843137 0.48284313725490197 0.704248366013072 
1 0.32046568627450983 0.7091503267973857 0.3158700980392157 0.7091503267973857 0.31525735294117646 0.7071078431372549 0.31556372549019607 0.6981209150326797 0.31985294117647056 0.6940359477124183 0.32046568627450983 0.7005718954248366 0.32506127450980393 0.7087418300653595 0.32046568627450983 0.7091503267973857 
1 0.3786764705882353 0.7071078431372549 0.3697916666666667 0.7071078431372549 0.3700980392156863 0.7046568627450981 0.3753063725490196 0.6977124183006536 0.37714460784313725 0.6977124183006536 0.37806372549019607 0.7009803921568627 0.38480392156862747 0.701797385620915 0.3897058823529412 0.7066993464052288 0.3786764705882353 0.7071078431372549 
1 0.18658088235294118 0.7136437908496732 0.18321078431372548 0.7136437908496732 0.1881127450980392 0.7066993464052288 0.19148284313725492 0.7050653594771242 0.1957720588235294 0.7005718954248366 0.1951593137254902 0.7128267973856209 0.18658088235294118 0.7136437908496732 
1 0.46568627450980393 0.7050653594771242 0.4644607843137255 0.7050653594771242 0.46660539215686275 0.7030228758169934 0.4684436274509804 0.7046568627450981 0.46568627450980393 0.7050653594771242 
1 0.33517156862745096 0.7087418300653595 0.3290441176470588 0.7087418300653595 0.3314950980392157 0.7054738562091504 0.3336397058823529 0.7050653594771242 0.33517156862745096 0.7087418300653595 
1 0.4227941176470588 0.7058823529411765 0.42003676470588236 0.7058823529411765 0.4227941176470588 0.7058823529411765 
1 0.23958333333333334 0.7111928104575164 0.23958333333333334 0.7099673202614379 0.23958333333333334 0.7111928104575164 
2 0.48682598039215685 0.7258986928104575 0.48590686274509803 0.704248366013072 0.5052083333333334 0.704248366013072 0.5049019607843137 0.7214052287581699 0.5 0.7242647058823529 0.5003063725490197 0.7095588235294118 0.5021446078431373 0.7075163398692811 0.4996936274509804 0.7050653594771242 0.49754901960784315 0.7066993464052288 0.49785539215686275 0.7087418300653595 0.4990808823529412 0.7091503267973857 0.4990808823529412 0.7242647058823529 0.4898897058823529 0.7242647058823529 0.48682598039215685 0.7258986928104575 
2 0.4837622549019608 0.7267156862745098 0.47732843137254904 0.7267156862745098 0.47671568627450983 0.7254901960784313 0.47640931372549017 0.7116013071895425 0.4800857843137255 0.704248366013072 0.48284313725490197 0.704248366013072 0.4831495098039216 0.7058823529411765 0.4837622549019608 0.7267156862745098 
2 0.4681372549019608 0.7389705882352942 0.4644607843137255 0.7283496732026143 0.4635416666666667 0.7058823529411765 0.46599264705882354 0.7046568627450981 0.4690563725490196 0.7046568627450981 0.47058823529411764 0.7079248366013072 0.47028186274509803 0.7103758169934641 0.47150735294117646 0.7099673202614379 0.4724264705882353 0.7303921568627451 0.4681372549019608 0.7389705882352942 
2 0.4362745098039216 0.7430555555555556 0.42432598039215685 0.7430555555555556 0.4212622549019608 0.7348856209150327 0.4231004901960784 0.7308006535947712 0.4231004901960784 0.7267156862745098 0.4215686274509804 0.7242647058823529 0.42003676470588236 0.7258986928104575 0.4185049019607843 0.7197712418300654 0.4169730392156863 0.7169117647058824 0.4096200980392157 0.7169117647058824 0.41237745098039214 0.7116013071895425 0.41973039215686275 0.7058823529411765 0.42371323529411764 0.7058823529411765 0.4273897058823529 0.7079248366013072 0.43075980392156865 0.7075163398692811 0.4319852941176471 0.7054738562091504 0.4586397058823529 0.7050653594771242 0.4580269607843137 0.7250816993464052 0.45588235294117646 0.7250816993464052 0.45588235294117646 0.7222222222222222 0.4577205882352941 0.7218137254901961 0.4577205882352941 0.7189542483660131 0.45557598039215685 0.7189542483660131 0.4571078431372549 0.7181372549019608 0.4574142156862745 0.7144607843137255 0.45526960784313725 0.7140522875816994 0.4577205882352941 0.7136437908496732 0.45465686274509803 0.7079248366013072 0.4525122549019608 0.7136437908496732 0.4543504901960784 0.7136437908496732 0.4543504901960784 0.7148692810457516 0.4525122549019608 0.7152777777777778 0.4525122549019608 0.7185457516339869 0.45465686274509803 0.7185457516339869 0.45496323529411764 0.7250816993464052 0.44362745098039214 0.7238562091503268 0.4427083333333333 0.7246732026143791 0.43964460784313725 0.7291666666666666 0.4362745098039216 0.7389705882352942 0.4362745098039216 0.7430555555555556 
2 0.3716299019607843 0.7430555555555556 0.36825980392156865 0.7430555555555556 0.36887254901960786 0.7083333333333334 0.3697916666666667 0.7071078431372549 0.3900122549019608 0.7066993464052288 0.3949142156862745 0.7095588235294118 0.39644607843137253 0.7169117647058824 0.39307598039215685 0.7181372549019608 0.39215686274509803 0.7254901960784313 0.39215686274509803 0.7124183006535948 0.3869485294117647 0.7140522875816994 0.3869485294117647 0.7263071895424836 0.38480392156862747 0.7279411764705882 0.38388480392156865 0.7312091503267973 0.38265931372549017 0.7312091503267973 0.38265931372549017 0.7275326797385621 0.38449754901960786 0.7258986928104575 0.3851102941176471 0.7234477124183006 0.38296568627450983 0.7201797385620915 0.3851102941176471 0.7197712418300654 0.38143382352941174 0.7124183006535948 0.3786764705882353 0.7201797385620915 0.38143382352941174 0.7201797385620915 0.3789828431372549 0.7238562091503268 0.38174019607843135 0.7275326797385621 0.38174019607843135 0.7308006535947712 0.3783700980392157 0.7279411764705882 0.3759191176470588 0.7328431372549019 0.3704044117647059 0.7344771241830066 0.3704044117647059 0.741421568627451 0.3716299019607843 0.7430555555555556 
2 0.3602941176470588 0.7434640522875817 0.3599877450980392 0.7079248366013072 0.36151960784313725 0.7087418300653595 0.3602941176470588 0.7434640522875817 
2 0.31924019607843135 0.7455065359477124 0.31525735294117646 0.7455065359477124 0.31495098039215685 0.7214052287581699 0.3164828431372549 0.7144607843137255 0.31556372549019607 0.7095588235294118 0.32536764705882354 0.7087418300653595 0.32567401960784315 0.7450980392156863 0.31924019607843135 0.7455065359477124 
2 0.33731617647058826 0.7446895424836601 0.3284313725490196 0.7446895424836601 0.3275122549019608 0.7099673202614379 0.3287377450980392 0.7087418300653595 0.33517156862745096 0.7087418300653595 0.33792892156862747 0.7156862745098039 0.33731617647058826 0.7446895424836601 
2 0.3627450980392157 0.7434640522875817 0.36213235294117646 0.7091503267973857 0.3633578431372549 0.7087418300653595 0.3642769607843137 0.7107843137254902 0.3642769607843137 0.7148692810457516 0.3627450980392157 0.7434640522875817 
2 0.3011642156862745 0.7463235294117647 0.296875 0.7463235294117647 0.2965686274509804 0.7103758169934641 0.3125 0.7091503267973857 0.3118872549019608 0.7455065359477124 0.3011642156862745 0.7463235294117647 
2 0.2757352941176471 0.7406045751633987 0.27420343137254904 0.7369281045751634 0.27175245098039214 0.7340686274509803 0.2668504901960784 0.7340686274509803 0.2668504901960784 0.7201797385620915 0.26807598039215685 0.7103758169934641 0.2766544117647059 0.7103758169934641 0.2757352941176471 0.7406045751633987 
2 0.28952205882352944 0.7463235294117647 0.2803308823529412 0.7463235294117647 0.28125 0.7099673202614379 0.29044117647058826 0.7103758169934641 0.28952205882352944 0.7463235294117647 
2 0.46292892156862747 0.7267156862745098 0.46078431372549017 0.7267156862745098 0.46200980392156865 0.7099673202614379 0.46292892156862747 0.7267156862745098 
2 0.24540441176470587 0.7312091503267973 0.24387254901960784 0.7299836601307189 0.24387254901960784 0.7234477124183006 0.24019607843137256 0.7230392156862745 0.24111519607843138 0.7116013071895425 0.26256127450980393 0.7107843137254902 0.2622549019607843 0.7242647058823529 0.25245098039215685 0.7246732026143791 0.25214460784313725 0.7214052287581699 0.2512254901960784 0.7246732026143791 0.24571078431372548 0.7254901960784313 0.24479166666666666 0.7275326797385621 0.24540441176470587 0.7312091503267973 
2 0.22426470588235295 0.7250816993464052 0.21354166666666666 0.7250816993464052 0.21323529411764705 0.7144607843137255 0.21415441176470587 0.7124183006535948 0.2337622549019608 0.7116013071895425 0.23560049019607843 0.7128267973856209 0.23958333333333334 0.7116013071895425 0.23897058823529413 0.7230392156862745 0.22426470588235295 0.7250816993464052 
2 0.19393382352941177 0.7299836601307189 0.19087009803921567 0.7283496732026143 0.1801470588235294 0.7295751633986928 0.18045343137254902 0.7185457516339869 0.18321078431372548 0.7136437908496732 0.1951593137254902 0.7132352941176471 0.19393382352941177 0.7299836601307189 
2 0.17616421568627452 0.7295751633986928 0.16911764705882354 0.7283496732026143 0.16911764705882354 0.7189542483660131 0.16513480392156862 0.7185457516339869 0.16482843137254902 0.7148692810457516 0.1639093137254902 0.7185457516339869 0.15870098039215685 0.7189542483660131 0.15870098039215685 0.7258986928104575 0.1559436274509804 0.7250816993464052 0.15625 0.7148692810457516 0.17616421568627452 0.7140522875816994 0.17677696078431374 0.7238562091503268 0.17616421568627452 0.7295751633986928 
2 0.14981617647058823 0.7267156862745098 0.14950980392156862 0.7152777777777778 0.15502450980392157 0.7144607843137255 0.15226715686274508 0.7156862745098039 0.15196078431372548 0.7242647058823529 0.14981617647058823 0.7267156862745098 
