0 0.0 0.8737745098039216 0.0 0.8455882352941176 0.09589460784313726 0.8227124183006536 0.24724264705882354 0.7843137254901961 0.3174019607843137 0.7622549019607843 0.3918504901960784 0.7426470588235294 0.3943014705882353 0.744281045751634 0.38848039215686275 0.747140522875817 0.3492647058823529 0.7606209150326797 0.2539828431372549 0.7916666666666666 0.19607843137254902 0.8084150326797386 0.0 0.8737745098039216 
0 0.6458333333333334 0.7573529411764706 0.6397058823529411 0.7540849673202614 0.6409313725490197 0.7520424836601307 0.6443014705882353 0.7512254901960784 0.6482843137254902 0.755718954248366 0.6458333333333334 0.7573529411764706 
0 0.7981004901960784 0.7928921568627451 0.6761642156862745 0.7647058823529411 0.6783088235294118 0.7622549019607843 0.6997549019607843 0.7659313725490197 0.7689950980392157 0.7806372549019608 0.7999387254901961 0.7888071895424836 0.7981004901960784 0.7900326797385621 0.7981004901960784 0.7928921568627451 
1 0.4111519607843137 0.7234477124183006 0.40900735294117646 0.7234477124183006 0.4096200980392157 0.7148692810457516 0.4175857843137255 0.7148692810457516 0.4332107843137255 0.7124183006535948 0.4335171568627451 0.7144607843137255 0.43596813725490197 0.7136437908496732 0.4368872549019608 0.7165032679738562 0.42984068627450983 0.7201797385620915 0.4111519607843137 0.7234477124183006 
1 0.2616421568627451 0.7757352941176471 0.2653186274509804 0.7324346405228758 0.39215686274509803 0.7226307189542484 0.39215686274509803 0.7189542483660131 0.3949142156862745 0.7165032679738562 0.4074754901960784 0.7156862745098039 0.4071691176470588 0.7238562091503268 0.39368872549019607 0.7267156862745098 0.3943014705882353 0.7406045751633987 0.2616421568627451 0.7757352941176471 
1 0.4571078431372549 0.7303921568627451 0.4574142156862745 0.7177287581699346 0.46262254901960786 0.7181372549019608 0.46721813725490197 0.7152777777777778 0.47579656862745096 0.7165032679738562 0.47549019607843135 0.7250816993464052 0.4650735294117647 0.7242647058823529 0.4571078431372549 0.7303921568627451 
1 0.6504289215686274 0.7410130718954249 0.6246936274509803 0.7401960784313726 0.5560661764705882 0.7336601307189542 0.4895833333333333 0.7316176470588235 0.4895833333333333 0.7222222222222222 0.49019607843137253 0.7185457516339869 0.5064338235294118 0.7185457516339869 0.6473651960784313 0.7275326797385621 0.6501225490196079 0.7283496732026143 0.6504289215686274 0.7410130718954249 
1 0.6620710784313726 0.741421568627451 0.6565563725490197 0.741421568627451 0.6565563725490197 0.7283496732026143 0.6611519607843137 0.7291666666666666 0.663296568627451 0.735702614379085 0.6629901960784313 0.7406045751633987 0.6620710784313726 0.741421568627451 
1 0.6657475490196079 0.7324346405228758 0.6636029411764706 0.7287581699346405 0.6681985294117647 0.7295751633986928 0.6681985294117647 0.7312091503267973 0.6657475490196079 0.7324346405228758 
1 0.6988357843137255 0.7659313725490197 0.6896446078431373 0.764297385620915 0.6890318627450981 0.7434640522875817 0.6761642156862745 0.7422385620915033 0.6724877450980392 0.7377450980392157 0.6721813725490197 0.7295751633986928 0.6896446078431373 0.7303921568627451 0.6899509803921569 0.7373366013071896 0.6966911764705882 0.7389705882352942 0.6966911764705882 0.7434640522875817 0.6991421568627451 0.7467320261437909 0.6988357843137255 0.7659313725490197 
1 0.21568627450980393 0.7871732026143791 0.2181372549019608 0.735702614379085 0.24509803921568626 0.7340686274509803 0.2417279411764706 0.7814542483660131 0.21568627450980393 0.7871732026143791 
1 0.6681985294117647 0.7361111111111112 0.6666666666666666 0.735702614379085 0.6681985294117647 0.7340686274509803 0.6681985294117647 0.7361111111111112 
1 0.796875 0.7879901960784313 0.7689950980392157 0.7806372549019608 0.7123161764705882 0.7687908496732027 0.7107843137254902 0.7418300653594772 0.7123161764705882 0.7397875816993464 0.7159926470588235 0.7397875816993464 0.7705269607843137 0.7455065359477124 0.7723651960784313 0.7459150326797386 0.7757352941176471 0.75 0.7821691176470589 0.7508169934640523 0.78125 0.7561274509803921 0.7699142156862745 0.7679738562091504 0.7689950980392157 0.7720588235294118 0.7696078431372549 0.7761437908496732 0.774203431372549 0.7806372549019608 0.7821691176470589 0.7839052287581699 0.7867647058823529 0.7834967320261438 0.7938112745098039 0.7798202614379085 0.7956495098039216 0.7761437908496732 0.7944240196078431 0.7826797385620915 0.7971813725490197 0.7847222222222222 0.796875 0.7879901960784313 
1 0.1246936274509804 0.8108660130718954 0.13082107843137256 0.7450980392156863 0.13633578431372548 0.7422385620915033 0.1715686274509804 0.741421568627451 0.17279411764705882 0.744281045751634 0.16973039215686275 0.7941176470588235 0.17034313725490197 0.7973856209150327 0.16636029411764705 0.7990196078431373 0.15778186274509803 0.7953431372549019 0.14920343137254902 0.798202614379085 0.13786764705882354 0.7973856209150327 0.13419117647058823 0.8006535947712419 0.12806372549019607 0.8026960784313726 0.12714460784313725 0.8100490196078431 0.1246936274509804 0.8108660130718954 
1 0.0 0.8419117647058824 0.0 0.755718954248366 0.09375 0.7487745098039216 0.09712009803921569 0.7536764705882353 0.09068627450980392 0.8169934640522876 0.0 0.8419117647058824 
5 0.6761642156862745 0.7647058823529411 0.6470588235294118 0.7565359477124183 0.6498161764705882 0.755718954248366 0.6780024509803921 0.7626633986928104 0.6761642156862745 0.7647058823529411 
5 0.9690563725490197 0.8108660130718954 0.9016544117647058 0.8063725490196079 0.8057598039215687 0.7961601307189542 0.7987132352941176 0.7933006535947712 0.7981004901960784 0.7900326797385621 0.7996323529411765 0.7892156862745098 0.8075980392156863 0.7949346405228758 0.9571078431372549 0.8080065359477124 0.9733455882352942 0.8075980392156863 0.9852941176470589 0.8026960784313726 0.9849877450980392 0.8051470588235294 0.9690563725490197 0.8108660130718954 
2 0.4175857843137255 0.7148692810457516 0.4096200980392157 0.7148692810457516 0.4096200980392157 0.7066993464052288 0.41942401960784315 0.7054738562091504 0.41911764705882354 0.7144607843137255 0.4175857843137255 0.7148692810457516 
2 0.3939950980392157 0.7173202614379085 0.3943014705882353 0.7062908496732027 0.40778186274509803 0.7066993464052288 0.4071691176470588 0.7156862745098039 0.3939950980392157 0.7173202614379085 
2 0.1253063725490196 0.7691993464052288 0.12438725490196079 0.7691993464052288 0.12438725490196079 0.766748366013072 0.12898284313725492 0.7275326797385621 0.15502450980392157 0.7263071895424836 0.16513480392156862 0.7393790849673203 0.17310049019607843 0.7361111111111112 0.17279411764705882 0.7438725490196079 0.1715686274509804 0.741421568627451 0.15471813725490197 0.741421568627451 0.13633578431372548 0.7422385620915033 0.13112745098039216 0.7446895424836601 0.12867647058823528 0.7683823529411765 0.1253063725490196 0.7691993464052288 
2 0.21446078431372548 0.7508169934640523 0.21231617647058823 0.7508169934640523 0.21292892156862744 0.7389705882352942 0.21170343137254902 0.7275326797385621 0.21384803921568626 0.7275326797385621 0.21446078431372548 0.7299836601307189 0.21599264705882354 0.7299836601307189 0.21691176470588236 0.7271241830065359 0.24877450980392157 0.7275326797385621 0.24754901960784315 0.7438725490196079 0.24448529411764705 0.744281045751634 0.24509803921568626 0.7340686274509803 0.2184436274509804 0.7352941176470589 0.21752450980392157 0.75 0.21446078431372548 0.7508169934640523 
2 0.19056372549019607 0.755718954248366 0.17861519607843138 0.755718954248366 0.1798406862745098 0.7340686274509803 0.1878063725490196 0.7295751633986928 0.19607843137254902 0.7287581699346405 0.19607843137254902 0.7361111111111112 0.19240196078431374 0.7389705882352942 0.19117647058823528 0.7438725490196079 0.18658088235294118 0.7520424836601307 0.18841911764705882 0.7549019607843137 0.19087009803921567 0.7483660130718954 0.19117647058823528 0.7549019607843137 0.19209558823529413 0.7553104575163399 0.19056372549019607 0.755718954248366 
2 0.26409313725490197 0.744281045751634 0.2613357843137255 0.7438725490196079 0.26348039215686275 0.7426470588235294 0.2643995098039216 0.7397875816993464 0.26409313725490197 0.744281045751634 
3 0.8762254901960784 0.9995915032679739 0.8318014705882353 0.9991830065359477 0.6985294117647058 0.8815359477124183 0.6188725490196079 0.8190359477124183 0.5765931372549019 0.7875816993464052 0.5450367647058824 0.761437908496732 0.5193014705882353 0.7438725490196079 0.5223651960784313 0.7434640522875817 0.5257352941176471 0.7455065359477124 0.5882352941176471 0.7855392156862745 0.7132352941176471 0.8725490196078431 0.7864583333333334 0.9268790849673203 0.8762254901960784 0.9995915032679739 
