0 0.1868872549019608 0.693218954248366 0.15747549019607843 0.6862745098039216 0.13664215686274508 0.6834150326797386 0.10723039215686274 0.673202614379085 0.0 0.6458333333333334 0.0 0.6315359477124183 0.09834558823529412 0.6593137254901961 0.18474264705882354 0.6870915032679739 0.1881127450980392 0.6887254901960784 0.1868872549019608 0.693218954248366 
0 0.4522058823529412 0.6629901960784313 0.4362745098039216 0.6593137254901961 0.4497549019607843 0.6609477124183006 0.4522058823529412 0.6617647058823529 0.4522058823529412 0.6629901960784313 
0 0.4650735294117647 0.6670751633986928 0.4522058823529412 0.6633986928104575 0.4543504901960784 0.6625816993464052 0.4647671568627451 0.6654411764705882 0.4650735294117647 0.6670751633986928 
0 0.9822303921568627 0.7352941176470589 0.9785539215686274 0.7352941176470589 0.9797794117647058 0.7267156862745098 0.9996936274509803 0.7254901960784313 0.9996936274509803 0.733251633986928 0.9822303921568627 0.7352941176470589 
0 0.8786764705882353 0.7450980392156863 0.8756127450980392 0.7450980392156863 0.8697916666666666 0.7426470588235294 0.8979779411764706 0.7344771241830066 0.953125 0.7295751633986928 0.9537377450980392 0.738562091503268 0.9004289215686274 0.7434640522875817 0.8918504901960784 0.7430555555555556 0.8786764705882353 0.7450980392156863 
1 0.6587009803921569 0.7050653594771242 0.6488970588235294 0.7034313725490197 0.649203431372549 0.6756535947712419 0.647671568627451 0.6756535947712419 0.647671568627451 0.6715686274509803 0.6663602941176471 0.6727941176470589 0.6636029411764706 0.6776960784313726 0.6593137254901961 0.6776960784313726 0.6590073529411765 0.6870915032679739 0.6620710784313726 0.6875 0.6623774509803921 0.6924019607843137 0.6605392156862745 0.6964869281045751 0.6608455882352942 0.701797385620915 0.6587009803921569 0.7050653594771242 
1 0.6727941176470589 0.7066993464052288 0.671875 0.7009803921568627 0.6737132352941176 0.6973039215686274 0.6737132352941176 0.6899509803921569 0.6749387254901961 0.6883169934640523 0.6749387254901961 0.6858660130718954 0.6706495098039216 0.6776960784313726 0.6740196078431373 0.6764705882352942 0.6746323529411765 0.673202614379085 0.6813725490196079 0.6736111111111112 0.6816789215686274 0.6756535947712419 0.6856617647058824 0.6756535947712419 0.6850490196078431 0.6915849673202614 0.6835171568627451 0.6928104575163399 0.6835171568627451 0.6956699346405228 0.6813725490196079 0.696078431372549 0.6810661764705882 0.7001633986928104 0.6749387254901961 0.7022058823529411 0.6727941176470589 0.7066993464052288 
1 0.6553308823529411 0.6887254901960784 0.6556372549019608 0.6776960784313726 0.6501225490196079 0.6768790849673203 0.6495098039215687 0.6887254901960784 0.6553308823529411 0.6887254901960784 
5 0.34099264705882354 0.7165032679738562 0.28370098039215685 0.7132352941176471 0.2806372549019608 0.7128267973856209 0.27971813725490197 0.7103758169934641 0.31832107843137253 0.7116013071895425 0.35723039215686275 0.7111928104575164 0.3606004901960784 0.7087418300653595 0.3639705882352941 0.6993464052287581 0.36550245098039214 0.6858660130718954 0.36917892156862747 0.6858660130718954 0.36795343137254904 0.7054738562091504 0.36550245098039214 0.7144607843137255 0.34099264705882354 0.7165032679738562 
5 0.21875 0.7009803921568627 0.18658088235294118 0.6936274509803921 0.18841911764705882 0.6879084967320261 0.21875 0.6956699346405228 0.2193627450980392 0.6964869281045751 0.21875 0.7009803921568627 
5 0.27328431372549017 0.7120098039215687 0.25306372549019607 0.7079248366013072 0.2545955882352941 0.7046568627450981 0.2711397058823529 0.7079248366013072 0.27267156862745096 0.7087418300653595 0.27328431372549017 0.7120098039215687 
5 0.6326593137254902 0.7254901960784313 0.617953431372549 0.7218137254901961 0.6323529411764706 0.7222222222222222 0.6326593137254902 0.7254901960784313 
5 0.6510416666666666 0.7295751633986928 0.6443014705882353 0.7283496732026143 0.6467524509803921 0.7250816993464052 0.6504289215686274 0.7263071895424836 0.6510416666666666 0.7295751633986928 
5 0.6660539215686274 0.733251633986928 0.6553308823529411 0.7303921568627451 0.6565563725490197 0.7279411764705882 0.6626838235294118 0.7295751633986928 0.6660539215686274 0.7308006535947712 0.6660539215686274 0.733251633986928 
5 0.803921568627451 0.7483660130718954 0.7536764705882353 0.7467320261437909 0.7230392156862745 0.7434640522875817 0.6825980392156863 0.7373366013071896 0.6709558823529411 0.7344771241830066 0.6691176470588235 0.7320261437908496 0.6850490196078431 0.7352941176470589 0.7282475490196079 0.7406045751633987 0.8177083333333334 0.7446895424836601 0.8694852941176471 0.7418300653594772 0.8780637254901961 0.7463235294117647 0.8474264705882353 0.7479575163398693 0.803921568627451 0.7483660130718954 
5 0.2647058823529412 0.9995915032679739 0.23314950980392157 0.9995915032679739 0.22150735294117646 0.9779411764705882 0.1881127450980392 0.9411764705882353 0.14430147058823528 0.9052287581699346 0.07567401960784313 0.872140522875817 0.0006127450980392157 0.8288398692810458 0.0 0.8284313725490197 0.0 0.8194444444444444 0.08057598039215687 0.8647875816993464 0.13909313725490197 0.8913398692810458 0.16666666666666666 0.9068627450980392 0.23713235294117646 0.9689542483660131 0.2647058823529412 0.9995915032679739 
