0 0.9997489959839357 0.9782463186077643 0.9086345381526104 0.9026104417670683 0.6681726907630522 0.6924364123159303 0.5928714859437751 0.6198125836680054 0.581074297188755 0.5906961178045516 0.5785642570281124 0.5763052208835341 0.580070281124498 0.5753012048192772 0.5853413654618473 0.5903614457831325 0.5966365461847389 0.6124497991967871 0.608433734939759 0.6251673360107095 0.7720883534136547 0.7603748326639893 0.9997489959839357 0.9327309236947792 0.9997489959839357 0.9782463186077643 
0 0.0 0.6613119143239625 0.0 0.6499330655957162 0.18674698795180722 0.6265060240963856 0.19126506024096385 0.6291834002677377 0.1955321285140562 0.6335341365461847 0.19954819277108435 0.6352074966532798 0.04216867469879518 0.6549531459170014 0.0 0.6613119143239625 
2 0.4252008032128514 0.5732931726907631 0.4221887550200803 0.5732931726907631 0.42168674698795183 0.5655957161981259 0.42168674698795183 0.5622489959839357 0.42494979919678716 0.5615796519410977 0.4252008032128514 0.5582329317269076 0.43247991967871485 0.5578982597054887 0.4475401606425703 0.571619812583668 0.4252008032128514 0.5732931726907631 
2 0.3985943775100402 0.5753012048192772 0.3943273092369478 0.5753012048192772 0.39407630522088355 0.5595716198125836 0.4174196787148594 0.5585676037483266 0.41792168674698793 0.5625836680053548 0.42018072289156627 0.5625836680053548 0.4206827309236948 0.5736278447121821 0.3985943775100402 0.5753012048192772 
2 0.38403614457831325 0.57095046854083 0.3830321285140562 0.57095046854083 0.38278112449799195 0.5605756358768407 0.3903112449799197 0.5595716198125836 0.39056224899598396 0.5699464524765729 0.38403614457831325 0.57095046854083 
2 0.37876506024096385 0.5766398929049531 0.37751004016064255 0.5605756358768407 0.3795180722891566 0.5605756358768407 0.3797690763052209 0.5635876840696118 0.3797690763052209 0.571285140562249 0.37876506024096385 0.5766398929049531 
2 0.2254016064257028 0.5883534136546185 0.22439759036144577 0.5883534136546185 0.22439759036144577 0.5749665327978581 0.23092369477911648 0.5739625167336011 0.22941767068273092 0.5880187416331994 0.2254016064257028 0.5883534136546185 
2 0.20758032128514056 0.5896921017402945 0.2033132530120482 0.5896921017402945 0.2103413654618474 0.5833333333333334 0.20532128514056225 0.5766398929049531 0.21310240963855423 0.5756358768406962 0.21360441767068272 0.5890227576974565 0.20758032128514056 0.5896921017402945 
4 0.6583835341365462 0.5582329317269076 0.6571285140562249 0.5578982597054887 0.6566265060240963 0.5505354752342704 0.6616465863453815 0.5498661311914324 0.6623995983935743 0.5508701472556894 0.6583835341365462 0.5532128514056225 0.6583835341365462 0.5582329317269076 
4 0.6506024096385542 0.5578982597054887 0.6360441767068273 0.5575635876840697 0.6355421686746988 0.5515394912985274 0.6501004016064257 0.5505354752342704 0.6506024096385542 0.5578982597054887 
4 0.6292670682730924 0.5572289156626506 0.6287650602409639 0.5515394912985274 0.6292670682730924 0.5572289156626506 
4 0.6212349397590361 0.5568942436412316 0.6164658634538153 0.5568942436412316 0.6159638554216867 0.5525435073627845 0.6209839357429718 0.5518741633199464 0.6212349397590361 0.5568942436412316 
4 0.6142068273092369 0.5568942436412316 0.6086847389558233 0.5565595716198126 0.608433734939759 0.5528781793842035 0.6142068273092369 0.5522088353413654 0.6142068273092369 0.5568942436412316 
4 0.6059236947791165 0.5565595716198126 0.5993975903614458 0.5565595716198126 0.5991465863453815 0.5532128514056225 0.6059236947791165 0.5525435073627845 0.6059236947791165 0.5565595716198126 
4 0.9997489959839357 0.6720214190093708 0.7783634538152611 0.6214859437751004 0.6546184738955824 0.5917001338688086 0.6420682730923695 0.5900267737617135 0.6295180722891566 0.5866800535475234 0.6189759036144579 0.5813253012048193 0.6094377510040161 0.5732931726907631 0.6079317269076305 0.5632530120481928 0.6184738955823293 0.5645917001338688 0.6282630522088354 0.5645917001338688 0.6423192771084337 0.5732931726907631 0.6438253012048193 0.5732931726907631 0.6445783132530121 0.5749665327978581 0.6526104417670683 0.5749665327978581 0.6686746987951807 0.5783132530120482 0.7264056224899599 0.5816599732262383 0.9367469879518072 0.5863453815261044 0.9997489959839357 0.5896921017402945 0.9997489959839357 0.6720214190093708 
