0 0.70556640625 0.4287037037037037 0.705322265625 0.42453703703703705 0.718017578125 0.42453703703703705 0.721435546875 0.42314814814814816 0.71826171875 0.4217592592592593 0.7177734375 0.42083333333333334 0.718505859375 0.4199074074074074 0.72802734375 0.41759259259259257 0.719970703125 0.4212962962962963 0.726806640625 0.42268518518518516 0.72705078125 0.42592592592592593 0.7119140625 0.42685185185185187 0.70556640625 0.4287037037037037 
0 0.71728515625 0.4217592592592593 0.71533203125 0.4212962962962963 0.717041015625 0.4203703703703704 0.71728515625 0.4217592592592593 
0 0.7646484375 0.44537037037037036 0.765869140625 0.4393518518518518 0.765869140625 0.44351851851851853 0.7646484375 0.44537037037037036 
0 0.632568359375 0.45787037037037037 0.6298828125 0.45740740740740743 0.65625 0.4439814814814815 0.657470703125 0.44583333333333336 0.657470703125 0.44675925925925924 0.6435546875 0.45185185185185184 0.636962890625 0.45601851851851855 0.65771484375 0.45601851851851855 0.632568359375 0.45787037037037037 
0 0.7607421875 0.45046296296296295 0.7607421875 0.44583333333333336 0.76171875 0.4486111111111111 0.7607421875 0.45046296296296295 
0 0.751708984375 0.4666666666666667 0.75048828125 0.4638888888888889 0.752197265625 0.45740740740740743 0.75830078125 0.44907407407407407 0.75830078125 0.4532407407407407 0.753662109375 0.46064814814814814 0.75830078125 0.4601851851851852 0.75830078125 0.4648148148148148 0.751708984375 0.4666666666666667 
0 0.802734375 0.45787037037037037 0.802001953125 0.45787037037037037 0.802734375 0.4537037037037037 0.802734375 0.45787037037037037 
0 0.587646484375 0.4837962962962963 0.585693359375 0.4837962962962963 0.586181640625 0.48055555555555557 0.584716796875 0.47824074074074074 0.581787109375 0.4787037037037037 0.58154296875 0.4773148148148148 0.59423828125 0.47638888888888886 0.6337890625 0.46620370370370373 0.65869140625 0.46111111111111114 0.6728515625 0.4601851851851852 0.670654296875 0.4550925925925926 0.659423828125 0.45555555555555555 0.662109375 0.4546296296296296 0.671142578125 0.45416666666666666 0.675537109375 0.46296296296296297 0.61767578125 0.4740740740740741 0.601806640625 0.4810185185185185 0.587646484375 0.4837962962962963 
0 0.800537109375 0.45787037037037037 0.79931640625 0.45787037037037037 0.7998046875 0.45416666666666666 0.800537109375 0.4550925925925926 0.800537109375 0.45787037037037037 
0 0.79736328125 0.4583333333333333 0.7958984375 0.4583333333333333 0.796142578125 0.4546296296296296 0.797119140625 0.4550925925925926 0.79736328125 0.4583333333333333 
0 0.7919921875 0.45925925925925926 0.790771484375 0.45925925925925926 0.79150390625 0.45555555555555555 0.795166015625 0.45555555555555555 0.795166015625 0.4587962962962963 0.7919921875 0.45925925925925926 
0 0.30419921875 0.49583333333333335 0.300048828125 0.49583333333333335 0.2998046875 0.49444444444444446 0.341552734375 0.4861111111111111 0.3525390625 0.47453703703703703 0.359130859375 0.46574074074074073 0.374755859375 0.45601851851851855 0.377685546875 0.4564814814814815 0.37451171875 0.4601851851851852 0.36083984375 0.46944444444444444 0.35595703125 0.4777777777777778 0.34423828125 0.49027777777777776 0.30419921875 0.49583333333333335 
0 0.781005859375 0.46064814814814814 0.78076171875 0.45694444444444443 0.7861328125 0.45694444444444443 0.786376953125 0.4597222222222222 0.781005859375 0.46064814814814814 
0 0.7607421875 0.46435185185185185 0.7607421875 0.4597222222222222 0.77880859375 0.45787037037037037 0.77880859375 0.46064814814814814 0.7607421875 0.46435185185185185 
0 0.999755859375 0.6203703703703703 0.8720703125 0.5652777777777778 0.807861328125 0.5361111111111111 0.774169921875 0.5120370370370371 0.755126953125 0.5013888888888889 0.7412109375 0.48055555555555557 0.74072265625 0.4740740740740741 0.74462890625 0.4703703703703704 0.75244140625 0.4685185185185185 0.745849609375 0.47129629629629627 0.743408203125 0.47824074074074074 0.74658203125 0.4842592592592593 0.748779296875 0.4837962962962963 0.75048828125 0.487962962962963 0.754638671875 0.4912037037037037 0.757080078125 0.4949074074074074 0.760009765625 0.49398148148148147 0.7666015625 0.49953703703703706 0.771484375 0.5009259259259259 0.775146484375 0.5074074074074074 0.779296875 0.5074074074074074 0.783935546875 0.5101851851851852 0.784423828125 0.5171296296296296 0.7880859375 0.5143518518518518 0.791015625 0.5148148148148148 0.79638671875 0.5217592592592593 0.798583984375 0.5212962962962963 0.80224609375 0.524074074074074 0.8095703125 0.524074074074074 0.81494140625 0.5300925925925926 0.821533203125 0.5296296296296297 0.826904296875 0.5319444444444444 0.8330078125 0.5398148148148149 0.83544921875 0.5398148148148149 0.83544921875 0.5458333333333333 0.83740234375 0.5453703703703704 0.843017578125 0.5398148148148149 0.851318359375 0.5467592592592593 0.85693359375 0.5467592592592593 0.862548828125 0.5527777777777778 0.87109375 0.5504629629629629 0.882080078125 0.5550925925925926 0.8916015625 0.5648148148148148 0.90966796875 0.5671296296296297 0.925537109375 0.5740740740740741 0.93017578125 0.5791666666666667 0.9404296875 0.5805555555555556 0.951416015625 0.5851851851851851 0.952880859375 0.5875 0.95947265625 0.5884259259259259 0.99755859375 0.6037037037037037 0.999755859375 0.6060185185185185 0.999755859375 0.6203703703703703 
0 0.572021484375 0.48518518518518516 0.519775390625 0.4773148148148148 0.519287109375 0.47129629629629627 0.565185546875 0.4773148148148148 0.58056640625 0.4773148148148148 0.579833984375 0.4791666666666667 0.575439453125 0.48009259259259257 0.57568359375 0.4847222222222222 0.572021484375 0.48518518518518516 
0 0.241943359375 0.500462962962963 0.2412109375 0.500462962962963 0.24169921875 0.49444444444444446 0.244384765625 0.49444444444444446 0.244384765625 0.5 0.241943359375 0.500462962962963 
0 0.291259765625 0.49675925925925923 0.2890625 0.49675925925925923 0.29833984375 0.49537037037037035 0.2978515625 0.4962962962962963 0.291259765625 0.49675925925925923 
0 0.24755859375 0.5 0.246337890625 0.5 0.24658203125 0.4949074074074074 0.257568359375 0.49583333333333335 0.264892578125 0.4986111111111111 0.24755859375 0.5 
0 0.267822265625 0.4986111111111111 0.26513671875 0.4986111111111111 0.267822265625 0.4986111111111111 
1 0.049072265625 0.4981481481481482 0.04736328125 0.4981481481481482 0.047119140625 0.46944444444444444 0.072021484375 0.46805555555555556 0.072265625 0.49583333333333335 0.06884765625 0.49212962962962964 0.0625 0.49212962962962964 0.049072265625 0.4981481481481482 
5 0.377685546875 0.45740740740740743 0.376953125 0.45740740740740743 0.377685546875 0.45601851851851855 0.375 0.45601851851851855 0.38427734375 0.45231481481481484 0.38623046875 0.4532407407407407 0.377685546875 0.45740740740740743 
5 0.301513671875 0.49398148148148147 0.2998046875 0.4935185185185185 0.303466796875 0.4935185185185185 0.301513671875 0.49398148148148147 
5 0.26513671875 0.4986111111111111 0.257568359375 0.4962962962962963 0.298095703125 0.49398148148148147 0.28271484375 0.4981481481481482 0.26513671875 0.4986111111111111 
5 0.0 0.5944444444444444 0.0 0.5722222222222222 0.157470703125 0.5375 0.197021484375 0.5259259259259259 0.24853515625 0.513425925925926 0.278076171875 0.5041666666666667 0.2978515625 0.500462962962963 0.2998046875 0.5018518518518519 0.300537109375 0.5 0.31298828125 0.4981481481481482 0.31396484375 0.5023148148148148 0.274169921875 0.5166666666666667 0.19580078125 0.5398148148148149 0.117431640625 0.5592592592592592 0.0 0.5944444444444444 
2 0.910400390625 0.4375 0.90869140625 0.4375 0.907958984375 0.42453703703703705 0.91455078125 0.42314814814814816 0.91650390625 0.4361111111111111 0.910400390625 0.4375 
2 0.247802734375 0.49398148148148147 0.246337890625 0.49398148148148147 0.24609375 0.47638888888888886 0.24609375 0.4305555555555556 0.247802734375 0.42777777777777776 0.253173828125 0.425462962962963 0.257080078125 0.4375 0.260986328125 0.46620370370370373 0.26220703125 0.48194444444444445 0.264892578125 0.4861111111111111 0.271484375 0.48009259259259257 0.2724609375 0.47129629629629627 0.2724609375 0.45787037037037037 0.2734375 0.45601851851851855 0.272705078125 0.4425925925925926 0.274169921875 0.43796296296296294 0.274658203125 0.46296296296296297 0.294677734375 0.45925925925925926 0.294677734375 0.44351851851851853 0.2958984375 0.45416666666666666 0.297607421875 0.4601851851851852 0.2978515625 0.4722222222222222 0.2646484375 0.48842592592592593 0.247802734375 0.49398148148148147 
2 0.244384765625 0.49444444444444446 0.241943359375 0.49398148148148147 0.241943359375 0.49212962962962964 0.235107421875 0.48518518518518516 0.23486328125 0.4305555555555556 0.241943359375 0.4361111111111111 0.243896484375 0.4337962962962963 0.244384765625 0.49444444444444446 
2 0.079833984375 0.4976851851851852 0.07568359375 0.4976851851851852 0.07568359375 0.4736111111111111 0.075927734375 0.47129629629629627 0.0771484375 0.4703703703703704 0.07763671875 0.45 0.076171875 0.4439814814814815 0.076171875 0.4375 0.079345703125 0.43333333333333335 0.0888671875 0.4375 0.094482421875 0.43194444444444446 0.107177734375 0.4310185185185185 0.1103515625 0.4425925925925926 0.11669921875 0.4439814814814815 0.11962890625 0.4597222222222222 0.124267578125 0.46805555555555556 0.125732421875 0.46805555555555556 0.12548828125 0.4912037037037037 0.108642578125 0.49212962962962964 0.095458984375 0.49583333333333335 0.085205078125 0.4949074074074074 0.079833984375 0.4976851851851852 
2 0.849365234375 0.44814814814814813 0.8466796875 0.44814814814814813 0.8466796875 0.43287037037037035 0.858642578125 0.4310185185185185 0.859130859375 0.43842592592592594 0.864501953125 0.4375 0.86474609375 0.44583333333333336 0.849365234375 0.44814814814814813 
2 0.34814453125 0.45555555555555555 0.34814453125 0.4527777777777778 0.35009765625 0.45231481481481484 0.349365234375 0.43842592592592594 0.348388671875 0.43472222222222223 0.35205078125 0.4351851851851852 0.35205078125 0.45046296296296295 0.35400390625 0.45046296296296295 0.362548828125 0.4486111111111111 0.362548828125 0.4324074074074074 0.364990234375 0.43194444444444446 0.364501953125 0.44722222222222224 0.3681640625 0.44675925925925924 0.3681640625 0.449537037037037 0.34814453125 0.45555555555555555 
2 0.23291015625 0.4842592592592593 0.23193359375 0.4842592592592593 0.231689453125 0.4777777777777778 0.2314453125 0.43287037037037035 0.232421875 0.43194444444444446 0.23291015625 0.4337962962962963 0.23291015625 0.4842592592592593 
2 0.15283203125 0.49212962962962964 0.145263671875 0.49212962962962964 0.13720703125 0.4888888888888889 0.134033203125 0.48935185185185187 0.1337890625 0.4671296296296296 0.135986328125 0.4689814814814815 0.142333984375 0.4634259259259259 0.14111328125 0.45694444444444443 0.142333984375 0.4439814814814815 0.154052734375 0.44537037037037036 0.1611328125 0.43842592592592594 0.175048828125 0.4375 0.18212890625 0.4375 0.189208984375 0.44305555555555554 0.197509765625 0.44074074074074077 0.199951171875 0.43287037037037035 0.2021484375 0.43333333333333335 0.20263671875 0.4828703703703704 0.1923828125 0.48148148148148145 0.191650390625 0.45925925925925926 0.171875 0.4601851851851852 0.172119140625 0.48657407407407405 0.16357421875 0.48703703703703705 0.15283203125 0.49212962962962964 
2 0.822021484375 0.4513888888888889 0.821044921875 0.4513888888888889 0.82080078125 0.4361111111111111 0.84521484375 0.4337962962962963 0.845458984375 0.4486111111111111 0.822021484375 0.4513888888888889 
2 0.230712890625 0.4842592592592593 0.21484375 0.48194444444444445 0.203857421875 0.4828703703703704 0.203369140625 0.4449074074074074 0.21875 0.4444444444444444 0.21875 0.4361111111111111 0.220458984375 0.43703703703703706 0.22998046875 0.4337962962962963 0.230712890625 0.4842592592592593 
2 0.81201171875 0.45231481481481484 0.8076171875 0.45231481481481484 0.80810546875 0.4361111111111111 0.8125 0.43703703703703706 0.8125 0.45185185185185184 0.81201171875 0.45231481481481484 
2 0.81689453125 0.45185185185185184 0.814208984375 0.45185185185185184 0.814453125 0.43657407407407406 0.818603515625 0.43703703703703706 0.81884765625 0.4513888888888889 0.81689453125 0.45185185185185184 
2 0.30908203125 0.46805555555555556 0.308349609375 0.46805555555555556 0.30810546875 0.462037037037037 0.308349609375 0.43796296296296294 0.309326171875 0.43842592592592594 0.3095703125 0.4675925925925926 0.30908203125 0.46805555555555556 
2 0.37060546875 0.44907407407407407 0.369140625 0.44907407407407407 0.369384765625 0.4462962962962963 0.37255859375 0.4462962962962963 0.37255859375 0.4486111111111111 0.37060546875 0.44907407407407407 
2 0.330810546875 0.46111111111111114 0.330078125 0.46111111111111114 0.330322265625 0.45601851851851855 0.336181640625 0.4550925925925926 0.33642578125 0.4476851851851852 0.337646484375 0.449537037037037 0.338134765625 0.45555555555555555 0.344482421875 0.45416666666666666 0.343994140625 0.45694444444444443 0.330810546875 0.46111111111111114 
2 0.3291015625 0.4615740740740741 0.328125 0.4615740740740741 0.328369140625 0.4564814814814815 0.3291015625 0.45694444444444443 0.3291015625 0.4615740740740741 
2 0.13232421875 0.4898148148148148 0.131591796875 0.4898148148148148 0.13134765625 0.4699074074074074 0.130615234375 0.4675925925925926 0.13134765625 0.46620370370370373 0.132080078125 0.4666666666666667 0.13232421875 0.4898148148148148 
2 0.2998046875 0.47129629629629627 0.299560546875 0.4666666666666667 0.300048828125 0.46805555555555556 0.3056640625 0.4671296296296296 0.3056640625 0.4689814814814815 0.2998046875 0.47129629629629627 
