0 0.6378676470588235 0.5861928104575164 0.5762867647058824 0.5841503267973857 0.5526960784313726 0.5808823529411765 0.5481004901960784 0.5788398692810458 0.538296568627451 0.5718954248366013 0.5386029411764706 0.5690359477124183 0.5447303921568627 0.5600490196078431 0.5300245098039216 0.5559640522875817 0.5257352941176471 0.553921568627451 0.5484068627450981 0.5592320261437909 0.5490196078431373 0.5612745098039216 0.5456495098039216 0.5665849673202614 0.5465686274509803 0.568218954248366 0.5563725490196079 0.5731209150326797 0.5637254901960784 0.5743464052287581 0.5661764705882353 0.5755718954248366 0.5667892156862745 0.5780228758169934 0.5713848039215687 0.5772058823529411 0.6197916666666666 0.579248366013072 0.6200980392156863 0.5755718954248366 0.6262254901960784 0.5780228758169934 0.6326593137254902 0.5784313725490197 0.6378676470588235 0.5833333333333334 0.6378676470588235 0.5861928104575164 
0 0.40379901960784315 0.5629084967320261 0.4019607843137255 0.5629084967320261 0.40042892156862747 0.5612745098039216 0.40625 0.5600490196078431 0.4065563725490196 0.5625 0.40379901960784315 0.5629084967320261 
0 0.5827205882352942 0.565359477124183 0.5827205882352942 0.5641339869281046 0.5827205882352942 0.565359477124183 
0 0.5900735294117647 0.5690359477124183 0.5863970588235294 0.5678104575163399 0.5857843137254902 0.5665849673202614 0.5897671568627451 0.5678104575163399 0.5900735294117647 0.5690359477124183 
0 0.5989583333333334 0.5714869281045751 0.5922181372549019 0.5698529411764706 0.5916053921568627 0.568218954248366 0.5983455882352942 0.5694444444444444 0.5989583333333334 0.5714869281045751 
0 0.6084558823529411 0.5743464052287581 0.602328431372549 0.5723039215686274 0.6020220588235294 0.571078431372549 0.6081495098039216 0.5727124183006536 0.6084558823529411 0.5743464052287581 
0 0.7824754901960784 0.6327614379084967 0.7417279411764706 0.6172385620915033 0.7398897058823529 0.6143790849673203 0.7398897058823529 0.6123366013071896 0.7417279411764706 0.6102941176470589 0.7493872549019608 0.6078431372549019 0.7613357843137255 0.6070261437908496 0.7855392156862745 0.6143790849673203 0.7824754901960784 0.6274509803921569 0.7824754901960784 0.6327614379084967 
1 0.5680147058823529 0.5780228758169934 0.5667892156862745 0.5780228758169934 0.5661764705882353 0.5755718954248366 0.5609681372549019 0.573937908496732 0.5609681372549019 0.5547385620915033 0.5615808823529411 0.5526960784313726 0.5640318627450981 0.551062091503268 0.5677083333333334 0.5514705882352942 0.569546568627451 0.5543300653594772 0.569546568627451 0.5772058823529411 0.5680147058823529 0.5780228758169934 
1 0.6197916666666666 0.579248366013072 0.6121323529411765 0.5788398692810458 0.6109068627450981 0.5747549019607843 0.6112132352941176 0.5723039215686274 0.616421568627451 0.5694444444444444 0.6182598039215687 0.5665849673202614 0.6191789215686274 0.5584150326797386 0.6182598039215687 0.553921568627451 0.6200980392156863 0.5551470588235294 0.6197916666666666 0.579248366013072 
5 0.3789828431372549 0.5674019607843137 0.37775735294117646 0.5674019607843137 0.37806372549019607 0.5657679738562091 0.4013480392156863 0.5612745098039216 0.4016544117647059 0.5629084967320261 0.3789828431372549 0.5674019607843137 
5 0.3079044117647059 0.579248366013072 0.30667892156862747 0.579248366013072 0.3069852941176471 0.5776143790849673 0.3268995098039216 0.5747549019607843 0.3290441176470588 0.5755718954248366 0.3079044117647059 0.579248366013072 
5 0.16605392156862744 0.5853758169934641 0.13143382352941177 0.5841503267973857 0.12928921568627452 0.5816993464052288 0.22763480392156862 0.5825163398692811 0.22763480392156862 0.5849673202614379 0.16605392156862744 0.5853758169934641 
5 0.24601715686274508 0.5837418300653595 0.24509803921568626 0.5837418300653595 0.24662990196078433 0.5825163398692811 0.24601715686274508 0.5837418300653595 
