0 0.669929718875502 0.6904283801874164 0.633785140562249 0.678380187416332 0.6330321285140562 0.678045515394913 0.6335341365461847 0.6720214190093708 0.6445783132530121 0.6746987951807228 0.652359437751004 0.678380187416332 0.6566265060240963 0.678045515394913 0.6739457831325302 0.6830655957161981 0.669929718875502 0.6904283801874164 
0 0.7610441767068273 0.7205488621151271 0.7133534136546185 0.7068273092369478 0.6957831325301205 0.7001338688085676 0.6947791164658634 0.6997991967871486 0.6950301204819277 0.6931057563587684 0.6997991967871486 0.6914323962516734 0.767570281124498 0.7125167336010709 0.7793674698795181 0.714524765729585 0.7788654618473896 0.7195448460508701 0.7610441767068273 0.7205488621151271 
1 0.6659136546184738 0.6348728246318608 0.6332831325301205 0.6315261044176707 0.6312751004016064 0.6248326639892905 0.6661646586345381 0.6258366800535475 0.6659136546184738 0.6348728246318608 
1 0.6930220883534136 0.6375502008032129 0.670933734939759 0.6355421686746988 0.6701807228915663 0.6268406961178046 0.6905120481927711 0.6261713520749665 0.6930220883534136 0.6375502008032129 
1 0.7392068273092369 0.642570281124498 0.7095883534136547 0.6395582329317269 0.7083333333333334 0.6388888888888888 0.7088353413654619 0.6368808567603749 0.7105923694779116 0.6358768406961178 0.7123493975903614 0.6385542168674698 0.714859437751004 0.6375502008032129 0.7161144578313253 0.6338688085676037 0.714859437751004 0.6288487282463187 0.7382028112449799 0.6311914323962516 0.7392068273092369 0.642570281124498 
1 0.8162650602409639 0.6506024096385542 0.759789156626506 0.6445783132530121 0.7582831325301205 0.6342034805890228 0.8260542168674698 0.6382195448460509 0.8162650602409639 0.6506024096385542 
1 0.6418172690763052 0.6659973226238286 0.6340361445783133 0.6659973226238286 0.6350401606425703 0.6455823293172691 0.641566265060241 0.6492637215528781 0.6418172690763052 0.6659973226238286 
1 0.652359437751004 0.678380187416332 0.6430722891566265 0.6743641231593038 0.643574297188755 0.6522757697456493 0.6741967871485943 0.6509370816599732 0.6890060240963856 0.6536144578313253 0.688504016064257 0.6767068273092369 0.652359437751004 0.678380187416332 
1 0.7547690763052208 0.7074966532797858 0.7507530120481928 0.7074966532797858 0.7118473895582329 0.6954484605087015 0.7108433734939759 0.6880856760374833 0.7103413654618473 0.6619812583668006 0.7404618473895582 0.6572958500669344 0.7427208835341366 0.6820615796519411 0.768574297188755 0.6857429718875502 0.7635542168674698 0.678714859437751 0.7612951807228916 0.6572958500669344 0.7966867469879518 0.6639892904953146 0.7986947791164659 0.6659973226238286 0.7991967871485943 0.6700133868808568 0.7904116465863453 0.6763721552878179 0.7813755020080321 0.6931057563587684 0.7798694779116466 0.7048192771084337 0.7547690763052208 0.7074966532797858 
5 0.6947791164658634 0.6994645247657296 0.669929718875502 0.6904283801874164 0.6741967871485943 0.6834002677376171 0.6827309236947792 0.6907630522088354 0.6905120481927711 0.6927710843373494 0.6950301204819277 0.6927710843373494 0.6947791164658634 0.6994645247657296 
2 0.6511044176706827 0.6522757697456493 0.6420682730923695 0.6512717536813922 0.641566265060241 0.6489290495314591 0.6350401606425703 0.6455823293172691 0.634789156626506 0.6392235609103079 0.6330321285140562 0.6318607764390897 0.6659136546184738 0.6352074966532798 0.6656626506024096 0.6516064257028112 0.6511044176706827 0.6522757697456493 
2 0.6990461847389559 0.6626506024096386 0.6890060240963856 0.6609772423025435 0.6890060240963856 0.6532797858099063 0.6741967871485943 0.6509370816599732 0.670933734939759 0.6512717536813922 0.6704317269076305 0.6355421686746988 0.6932730923694779 0.6375502008032129 0.6955321285140562 0.6412315930388219 0.6990461847389559 0.6626506024096386 
2 0.7108433734939759 0.6616465863453815 0.7083333333333334 0.6442436412315931 0.7085843373493976 0.6392235609103079 0.7392068273092369 0.642904953145917 0.7404618473895582 0.6572958500669344 0.7108433734939759 0.6616465863453815 
2 0.7966867469879518 0.6639892904953146 0.7612951807228916 0.6572958500669344 0.7595381526104418 0.6449129852744311 0.8157630522088354 0.6506024096385542 0.7984437751004017 0.6522757697456493 0.7966867469879518 0.6639892904953146 
2 0.6681726907630522 0.6512717536813922 0.6681726907630522 0.6495983935742972 0.6681726907630522 0.6512717536813922 
2 0.7078313253012049 0.6643239625167336 0.7053212851405622 0.6639892904953146 0.7070783132530121 0.6569611780455153 0.7078313253012049 0.6643239625167336 
2 0.7996987951807228 0.6696787148594378 0.7989457831325302 0.6696787148594378 0.7989457831325302 0.6656626506024096 0.8014558232931727 0.6683400267737617 0.7996987951807228 0.6696787148594378 
