0 0.3023897058823529 0.7634803921568627 0.2977941176470588 0.7630718954248366 0.2965686274509804 0.7606209150326797 0.29503676470588236 0.7348856209150327 0.29503676470588236 0.7254901960784313 0.2962622549019608 0.7246732026143791 0.29901960784313725 0.7610294117647058 0.3020833333333333 0.7622549019607843 0.3023897058823529 0.7634803921568627 
0 0.23805147058823528 0.7651143790849673 0.22426470588235295 0.7651143790849673 0.2270220588235294 0.7634803921568627 0.2346813725490196 0.7634803921568627 0.23805147058823528 0.7622549019607843 0.24693627450980393 0.7524509803921569 0.2616421568627451 0.7303921568627451 0.26256127450980393 0.7320261437908496 0.2496936274509804 0.752859477124183 0.23805147058823528 0.7651143790849673 
0 0.10386029411764706 0.7598039215686274 0.06678921568627451 0.7577614379084967 0.10386029411764706 0.758578431372549 0.10386029411764706 0.7598039215686274 
0 0.1253063725490196 0.761437908496732 0.11458333333333333 0.7606209150326797 0.11427696078431372 0.7598039215686274 0.12408088235294118 0.7598039215686274 0.1253063725490196 0.7602124183006536 0.1253063725490196 0.761437908496732 
0 0.13572303921568626 0.7630718954248366 0.13357843137254902 0.7626633986928104 0.1332720588235294 0.7610294117647058 0.13572303921568626 0.7610294117647058 0.13572303921568626 0.7630718954248366 
0 0.17003676470588236 0.7634803921568627 0.14613970588235295 0.7634803921568627 0.14583333333333334 0.7618464052287581 0.16911764705882354 0.7618464052287581 0.17003676470588236 0.7634803921568627 
0 0.21721813725490197 0.7647058823529411 0.17555147058823528 0.7634803921568627 0.17677696078431374 0.7618464052287581 0.20098039215686275 0.7622549019607843 0.21721813725490197 0.7630718954248366 0.21721813725490197 0.7647058823529411 
0 0.33057598039215685 0.7663398692810458 0.30974264705882354 0.764297385620915 0.3391544117647059 0.7659313725490197 0.33057598039215685 0.7663398692810458 
0 0.22181372549019607 0.7651143790849673 0.22058823529411764 0.7651143790849673 0.22181372549019607 0.7651143790849673 
0 0.015318627450980392 0.7896241830065359 0.012254901960784314 0.7896241830065359 0.013174019607843137 0.7855392156862745 0.10814950980392157 0.7745098039215687 0.15931372549019607 0.7700163398692811 0.16023284313725492 0.7691993464052288 0.15931372549019607 0.7675653594771242 0.1568627450980392 0.7675653594771242 0.15778186274509803 0.766748366013072 0.1642156862745098 0.7691993464052288 0.1642156862745098 0.7716503267973857 0.16053921568627452 0.7724673202614379 0.10018382352941177 0.7785947712418301 0.015318627450980392 0.7896241830065359 
0 0.47763480392156865 0.7818627450980392 0.4497549019607843 0.7794117647058824 0.43933823529411764 0.7769607843137255 0.43596813725490197 0.7753267973856209 0.43474264705882354 0.7732843137254902 0.4420955882352941 0.7671568627450981 0.4427083333333333 0.7679738562091504 0.43964460784313725 0.7736928104575164 0.45588235294117646 0.7781862745098039 0.47824754901960786 0.7794117647058824 0.47763480392156865 0.7818627450980392 
0 0.0 0.7912581699346405 0.0 0.7875816993464052 0.0033700980392156864 0.7875816993464052 0.0030637254901960784 0.7908496732026143 0.0 0.7912581699346405 
0 0.20496323529411764 0.8611111111111112 0.20557598039215685 0.8504901960784313 0.21568627450980393 0.8455882352941176 0.22824754901960784 0.8366013071895425 0.22763480392156862 0.8353758169934641 0.22303921568627452 0.8349673202614379 0.2107843137254902 0.8431372549019608 0.20220588235294118 0.8472222222222222 0.19699754901960784 0.8476307189542484 0.28308823529411764 0.8022875816993464 0.30330882352941174 0.7904411764705882 0.30514705882352944 0.7928921568627451 0.30514705882352944 0.7977941176470589 0.20496323529411764 0.8611111111111112 
0 0.7159926470588235 0.8521241830065359 0.5821078431372549 0.8120915032679739 0.5827205882352942 0.8047385620915033 0.5879289215686274 0.803921568627451 0.6268382352941176 0.8169934640522876 0.7251838235294118 0.8410947712418301 0.7159926470588235 0.8521241830065359 
0 0.5719975490196079 0.8088235294117647 0.5686274509803921 0.8080065359477124 0.5667892156862745 0.8047385620915033 0.5716911764705882 0.8043300653594772 0.5719975490196079 0.8088235294117647 
0 0.7172181372549019 0.8525326797385621 0.7159926470588235 0.8525326797385621 0.7172181372549019 0.8525326797385621 
0 0.7181372549019608 0.8529411764705882 0.7172181372549019 0.8529411764705882 0.7181372549019608 0.8529411764705882 
0 0.00030637254901960784 0.9906045751633987 0.0 0.9571078431372549 0.0030637254901960784 0.9546568627450981 0.0392156862745098 0.931781045751634 0.08762254901960784 0.9109477124183006 0.09037990196078431 0.9113562091503268 0.09160539215686274 0.9129901960784313 0.09803921568627451 0.9129901960784313 0.10723039215686274 0.920751633986928 0.10876225490196079 0.9211601307189542 0.00030637254901960784 0.9906045751633987 
1 0.35140931372549017 0.766748366013072 0.30269607843137253 0.7638888888888888 0.3014705882352941 0.7602124183006536 0.30361519607843135 0.75 0.35324754901960786 0.7532679738562091 0.35140931372549017 0.766748366013072 
5 0.10784313725490197 0.9211601307189542 0.09803921568627451 0.9129901960784313 0.09160539215686274 0.9129901960784313 0.08946078431372549 0.9105392156862745 0.0977328431372549 0.9048202614379085 0.17401960784313725 0.8643790849673203 0.18229166666666666 0.8566176470588235 0.19393382352941177 0.8488562091503268 0.20404411764705882 0.8464052287581699 0.22303921568627452 0.8349673202614379 0.22732843137254902 0.8345588235294118 0.22824754901960784 0.8366013071895425 0.21323529411764705 0.8472222222222222 0.20557598039215685 0.8504901960784313 0.20465686274509803 0.8615196078431373 0.19454656862745098 0.869281045751634 0.15042892156862744 0.8950163398692811 0.11642156862745098 0.9174836601307189 0.10784313725490197 0.9211601307189542 
5 0.7803308823529411 0.8713235294117647 0.7159926470588235 0.8521241830065359 0.7276348039215687 0.8386437908496732 0.7601102941176471 0.8541666666666666 0.7867647058823529 0.8656045751633987 0.7855392156862745 0.8656045751633987 0.7803308823529411 0.8713235294117647 
2 0.23529411764705882 0.75 0.23345588235294118 0.75 0.23345588235294118 0.7434640522875817 0.23131127450980393 0.7377450980392157 0.24019607843137256 0.7320261437908496 0.24908088235294118 0.7185457516339869 0.2503063725490196 0.7299836601307189 0.23529411764705882 0.75 
2 0.1798406862745098 0.758578431372549 0.1801470588235294 0.7561274509803921 0.18290441176470587 0.7561274509803921 0.18198529411764705 0.7544934640522876 0.18290441176470587 0.7491830065359477 0.18229166666666666 0.7479575163398693 0.20802696078431374 0.7483660130718954 0.2107843137254902 0.7569444444444444 0.1798406862745098 0.758578431372549 
3 0.9996936274509803 0.9995915032679739 0.8109681372549019 0.9995915032679739 0.7594975490196079 0.9685457516339869 0.7579656862745098 0.9669117647058824 0.7607230392156863 0.946078431372549 0.7619485294117647 0.9456699346405228 0.7613357843137255 0.9440359477124183 0.7659313725490197 0.9293300653594772 0.7738970588235294 0.9187091503267973 0.7781862745098039 0.8737745098039216 0.7855392156862745 0.8656045751633987 0.8943014705882353 0.8615196078431373 0.9996936274509803 0.8643790849673203 0.9996936274509803 0.9995915032679739 
