0 0.6317401960784313 0.6540032679738562 0.6311274509803921 0.6523692810457516 0.6317401960784313 0.6540032679738562 
0 0.6317401960784313 0.6564542483660131 0.6317401960784313 0.6548202614379085 0.6317401960784313 0.6564542483660131 
0 0.6305147058823529 0.6629901960784313 0.6314338235294118 0.6564542483660131 0.6305147058823529 0.6629901960784313 
0 0.5658700980392157 0.6609477124183006 0.5646446078431373 0.6609477124183006 0.5698529411764706 0.6584967320261438 0.5658700980392157 0.6609477124183006 
0 0.5055147058823529 0.6850490196078431 0.47794117647058826 0.6834150326797386 0.47640931372549017 0.6821895424836601 0.4849877450980392 0.6813725490196079 0.49111519607843135 0.6830065359477124 0.5033700980392157 0.6830065359477124 0.5073529411764706 0.6809640522875817 0.5260416666666666 0.6768790849673203 0.5560661764705882 0.6650326797385621 0.5548406862745098 0.6666666666666666 0.5370710784313726 0.676062091503268 0.5245098039215687 0.6785130718954249 0.5186887254901961 0.6813725490196079 0.5055147058823529 0.6850490196078431 
0 0.6571691176470589 0.6785130718954249 0.6608455882352942 0.6687091503267973 0.6626838235294118 0.6683006535947712 0.6629901960784313 0.6727941176470589 0.6614583333333334 0.673202614379085 0.6571691176470589 0.6785130718954249 
0 0.6151960784313726 0.6748366013071896 0.6210171568627451 0.6703431372549019 0.6210171568627451 0.6740196078431373 0.6167279411764706 0.6736111111111112 0.6151960784313726 0.6748366013071896 
0 0.5775122549019608 0.6752450980392157 0.5775122549019608 0.6736111111111112 0.5808823529411765 0.6727941176470589 0.5775122549019608 0.6752450980392157 
0 0.6130514705882353 0.6793300653594772 0.6087622549019608 0.6793300653594772 0.6145833333333334 0.6748366013071896 0.6130514705882353 0.6793300653594772 
0 0.4252450980392157 0.6813725490196079 0.3946078431372549 0.6772875816993464 0.3952205882352941 0.676062091503268 0.40379901960784315 0.6768790849673203 0.4252450980392157 0.6801470588235294 0.4252450980392157 0.6813725490196079 
0 0.5631127450980392 0.6813725490196079 0.5621936274509803 0.6813725490196079 0.5640318627450981 0.6793300653594772 0.5716911764705882 0.6764705882352942 0.5713848039215687 0.6776960784313726 0.5631127450980392 0.6813725490196079 
0 0.6565563725490197 0.6801470588235294 0.6568627450980392 0.6785130718954249 0.6565563725490197 0.6801470588235294 
0 0.5716911764705882 0.6879084967320261 0.5615808823529411 0.6866830065359477 0.5600490196078431 0.6854575163398693 0.5621936274509803 0.6813725490196079 0.5621936274509803 0.684640522875817 0.5738357843137255 0.6842320261437909 0.5741421568627451 0.6875 0.5716911764705882 0.6879084967320261 
0 0.5775122549019608 0.6875 0.5753676470588235 0.6875 0.5756740196078431 0.6842320261437909 0.5946691176470589 0.6842320261437909 0.6038602941176471 0.6830065359477124 0.6056985294117647 0.681781045751634 0.6044730392156863 0.6842320261437909 0.600796568627451 0.6858660130718954 0.5876225490196079 0.6858660130718954 0.5775122549019608 0.6875 
0 0.6675857843137255 0.696078431372549 0.6513480392156863 0.6948529411764706 0.6507352941176471 0.6911764705882353 0.6544117647058824 0.6838235294117647 0.6522671568627451 0.6907679738562091 0.6547181372549019 0.6924019607843137 0.6672794117647058 0.693218954248366 0.6675857843137255 0.696078431372549 
0 0.6761642156862745 0.6964869281045751 0.6727941176470589 0.6944444444444444 0.680453431372549 0.6952614379084967 0.6761642156862745 0.6964869281045751 
0 0.0 0.7969771241830066 0.00030637254901960784 0.7916666666666666 0.2849264705882353 0.7418300653594772 0.47518382352941174 0.7132352941176471 0.4987745098039216 0.7087418300653595 0.5208333333333334 0.7001633986928104 0.5235906862745098 0.6981209150326797 0.5189950980392157 0.6981209150326797 0.5082720588235294 0.7022058823529411 0.5174632352941176 0.6977124183006536 0.5254289215686274 0.6968954248366013 0.5269607843137255 0.698937908496732 0.5266544117647058 0.7001633986928104 0.5076593137254902 0.7095588235294118 0.49325980392156865 0.7132352941176471 0.4675245098039216 0.7160947712418301 0.38327205882352944 0.7291666666666666 0.0 0.7969771241830066 
0 0.5373774509803921 0.7054738562091504 0.5364583333333334 0.7054738562091504 0.5493259803921569 0.6981209150326797 0.5416666666666666 0.7038398692810458 0.5373774509803921 0.7054738562091504 
0 0.5744485294117647 0.6985294117647058 0.5643382352941176 0.6985294117647058 0.5744485294117647 0.6985294117647058 
0 0.09957107843137254 0.8202614379084967 0.09650735294117647 0.8161764705882353 0.09987745098039216 0.8100490196078431 0.1130514705882353 0.7986111111111112 0.15196078431372548 0.7883986928104575 0.1881127450980392 0.7765522875816994 0.24111519607843138 0.7618464052287581 0.3164828431372549 0.7463235294117647 0.18075980392156862 0.7818627450980392 0.10723039215686274 0.8059640522875817 0.12806372549019607 0.8059640522875817 0.15931372549019607 0.7941176470588235 0.22365196078431374 0.7741013071895425 0.30667892156862747 0.7512254901960784 0.3746936274509804 0.7352941176470589 0.5428921568627451 0.7107843137254902 0.5683210784313726 0.7050653594771242 0.5787377450980392 0.698937908496732 0.5759803921568627 0.6981209150326797 0.5827205882352942 0.6981209150326797 0.5836397058823529 0.6997549019607843 0.5750612745098039 0.7046568627450981 0.5585171568627451 0.7111928104575164 0.4568014705882353 0.7271241830065359 0.3710171568627451 0.7430555555555556 0.3020833333333333 0.7622549019607843 0.15379901960784315 0.8116830065359477 0.09957107843137254 0.8202614379084967 
0 0.5082720588235294 0.7026143790849673 0.5073529411764706 0.7026143790849673 0.5082720588235294 0.7026143790849673 
0 0.5073529411764706 0.7030228758169934 0.5061274509803921 0.7030228758169934 0.5073529411764706 0.7030228758169934 
0 0.5061274509803921 0.7034313725490197 0.5049019607843137 0.7034313725490197 0.5061274509803921 0.7034313725490197 
0 0.4883578431372549 0.7091503267973857 0.48590686274509803 0.7091503267973857 0.5049019607843137 0.7038398692810458 0.4883578431372549 0.7091503267973857 
0 0.53125 0.7079248366013072 0.5303308823529411 0.7079248366013072 0.53125 0.7079248366013072 
0 0.5300245098039216 0.7083333333333334 0.5291053921568627 0.7083333333333334 0.5300245098039216 0.7083333333333334 
0 0.6329656862745098 0.7124183006535948 0.6308210784313726 0.7124183006535948 0.6302083333333334 0.7103758169934641 0.6660539215686274 0.7083333333333334 0.6660539215686274 0.7099673202614379 0.6645220588235294 0.7103758169934641 0.6329656862745098 0.7124183006535948 
0 0.5291053921568627 0.7087418300653595 0.5278799019607843 0.7087418300653595 0.5291053921568627 0.7087418300653595 
0 0.42371323529411764 0.7271241830065359 0.4206495098039216 0.7271241830065359 0.5278799019607843 0.7091503267973857 0.4944852941176471 0.7169117647058824 0.42371323529411764 0.7271241830065359 
0 0.4852941176470588 0.7095588235294118 0.4837622549019608 0.7095588235294118 0.4852941176470588 0.7095588235294118 
0 0.42034313725490197 0.7275326797385621 0.4181985294117647 0.7275326797385621 0.42034313725490197 0.7275326797385621 
0 0.4166666666666667 0.7279411764705882 0.41574754901960786 0.7279411764705882 0.4166666666666667 0.7279411764705882 
0 0.3229166666666667 0.7446895424836601 0.32199754901960786 0.7446895424836601 0.3229166666666667 0.7446895424836601 
0 0.32138480392156865 0.7450980392156863 0.32015931372549017 0.7450980392156863 0.32138480392156865 0.7450980392156863 
0 0.31985294117647056 0.7455065359477124 0.31832107843137253 0.7455065359477124 0.31985294117647056 0.7455065359477124 
0 0.3180147058823529 0.7459150326797386 0.3164828431372549 0.7459150326797386 0.3180147058823529 0.7459150326797386 
1 0.7518382352941176 0.6719771241830066 0.7503063725490197 0.6719771241830066 0.75 0.6703431372549019 0.7533700980392157 0.6703431372549019 0.7518382352941176 0.6719771241830066 
2 0.42800245098039214 0.6764705882352942 0.42769607843137253 0.6736111111111112 0.43014705882352944 0.6703431372549019 0.42800245098039214 0.6764705882352942 
2 0.4528186274509804 0.6825980392156863 0.4485294117647059 0.681781045751634 0.4479166666666667 0.6801470588235294 0.44362745098039214 0.678921568627451 0.4417892156862745 0.6772875816993464 0.44362745098039214 0.6740196078431373 0.45006127450980393 0.6752450980392157 0.4518995098039216 0.6748366013071896 0.4528186274509804 0.6723856209150327 0.4528186274509804 0.6825980392156863 
2 0.4543504901960784 0.6785130718954249 0.4543504901960784 0.673202614379085 0.4568014705882353 0.6752450980392157 0.45588235294117646 0.6752450980392157 0.4543504901960784 0.6785130718954249 
2 0.4387254901960784 0.676062091503268 0.4375 0.6752450980392157 0.4387254901960784 0.676062091503268 
2 0.42830882352941174 0.6785130718954249 0.42800245098039214 0.6768790849673203 0.42861519607843135 0.6776960784313726 0.42830882352941174 0.6785130718954249 
4 0.28308823529411764 0.7103758169934641 0.2809436274509804 0.7103758169934641 0.27849264705882354 0.7038398692810458 0.27175245098039214 0.7009803921568627 0.27144607843137253 0.698937908496732 0.2702205882352941 0.698937908496732 0.2696078431372549 0.7005718954248366 0.24295343137254902 0.6952614379084967 0.21415441176470587 0.6924019607843137 0.13449754901960784 0.6887254901960784 0.13449754901960784 0.6830065359477124 0.21537990196078433 0.6838235294117647 0.2622549019607843 0.6887254901960784 0.2778799019607843 0.6919934640522876 0.28308823529411764 0.7009803921568627 0.28308823529411764 0.7103758169934641 
4 0.13174019607843138 0.6887254901960784 0.13020833333333334 0.6887254901960784 0.12928921568627452 0.6875 0.13174019607843138 0.6850490196078431 0.13174019607843138 0.6887254901960784 
4 0.6488970588235294 0.7589869281045751 0.5986519607843137 0.7463235294117647 0.5922181372549019 0.7418300653594772 0.5894607843137255 0.7397875816993464 0.5836397058823529 0.7258986928104575 0.5830269607843137 0.7197712418300654 0.5845588235294118 0.7193627450980392 0.5848651960784313 0.7132352941176471 0.5876225490196079 0.7132352941176471 0.5885416666666666 0.7148692810457516 0.5919117647058824 0.7226307189542484 0.5971200980392157 0.7205882352941176 0.6032475490196079 0.7205882352941176 0.6044730392156863 0.7083333333333334 0.6090686274509803 0.7079248366013072 0.6102941176470589 0.7107843137254902 0.6115196078431373 0.7107843137254902 0.6130514705882353 0.7103758169934641 0.6139705882352942 0.7062908496732027 0.6173406862745098 0.7071078431372549 0.6173406862745098 0.7099673202614379 0.6228553921568627 0.7103758169934641 0.6231617647058824 0.7193627450980392 0.6087622549019608 0.7222222222222222 0.6121323529411765 0.7254901960784313 0.6663602941176471 0.7279411764705882 0.6685049019607843 0.7450980392156863 0.6577818627450981 0.744281045751634 0.6577818627450981 0.758578431372549 0.6488970588235294 0.7589869281045751 
4 0.6372549019607843 0.7189542483660131 0.6311274509803921 0.7181372549019608 0.6305147058823529 0.7140522875816994 0.6375612745098039 0.7173202614379085 0.6372549019607843 0.7189542483660131 
4 0.9996936274509803 0.8941993464052288 0.9488357843137255 0.8594771241830066 0.9368872549019608 0.8553921568627451 0.9368872549019608 0.8214869281045751 0.9246323529411765 0.8080065359477124 0.9234068627450981 0.7859477124183006 0.9194240196078431 0.7745098039215687 0.9301470588235294 0.7561274509803921 0.9996936274509803 0.7438725490196079 0.9996936274509803 0.8941993464052288 
4 0.8526348039215687 0.7745098039215687 0.835171568627451 0.7732843137254902 0.8360906862745098 0.7708333333333334 0.8391544117647058 0.7700163398692811 0.8388480392156863 0.7630718954248366 0.8486519607843137 0.7634803921568627 0.8498774509803921 0.7712418300653595 0.8517156862745098 0.7716503267973857 0.8526348039215687 0.7745098039215687 
3 0.19852941176470587 0.9775326797385621 0.18872549019607843 0.9771241830065359 0.19301470588235295 0.9693627450980392 0.20955882352941177 0.9705882352941176 0.20833333333333334 0.9771241830065359 0.19852941176470587 0.9775326797385621 
