0 0.4427083333333333 0.7260802469135802 0.4372829861111111 0.7245370370370371 0.4370659722222222 0.7229938271604939 0.4435763888888889 0.7241512345679012 0.4427083333333333 0.7260802469135802 
0 0.5377604166666666 0.7453703703703703 0.4865451388888889 0.7322530864197531 0.45703125 0.7276234567901234 0.4561631944444444 0.7264660493827161 0.4778645833333333 0.7291666666666666 0.5084635416666666 0.7353395061728395 0.537109375 0.7434413580246914 0.5379774305555556 0.7442129629629629 0.5377604166666666 0.7453703703703703 
0 0.024088541666666668 0.7353395061728395 0.0 0.7341820987654321 0.0 0.7295524691358025 0.024956597222222224 0.7318672839506173 0.024088541666666668 0.7353395061728395 
0 0.2977430555555556 0.751929012345679 0.23936631944444445 0.7503858024691358 0.19401041666666666 0.7469135802469136 0.20421006944444445 0.7434413580246914 0.23958333333333334 0.7469135802469136 0.2999131944444444 0.748070987654321 0.3255208333333333 0.7438271604938271 0.33984375 0.7395833333333334 0.3396267361111111 0.7426697530864198 0.3283420138888889 0.746141975308642 0.2977430555555556 0.751929012345679 
0 0.6649305555555556 0.7511574074074074 0.6443142361111112 0.7484567901234568 0.6325954861111112 0.7484567901234568 0.6323784722222222 0.7469135802469136 0.6371527777777778 0.7449845679012346 0.6649305555555556 0.7511574074074074 
0 0.9105902777777778 0.7646604938271605 0.837890625 0.7631172839506173 0.7302517361111112 0.7581018518518519 0.716796875 0.7581018518518519 0.7046440972222222 0.7596450617283951 0.6946614583333334 0.7565586419753086 0.6944444444444444 0.7534722222222222 0.7000868055555556 0.751929012345679 0.7003038194444444 0.7530864197530864 0.7478298611111112 0.7546296296296297 0.8064236111111112 0.7596450617283951 0.8409288194444444 0.7611882716049383 0.9351128472222222 0.7615740740740741 0.9351128472222222 0.7638888888888888 0.9105902777777778 0.7646604938271605 
0 0.9739583333333334 0.7635030864197531 0.9698350694444444 0.7635030864197531 0.9691840277777778 0.7600308641975309 0.9930555555555556 0.7592592592592593 0.9943576388888888 0.7627314814814815 0.9739583333333334 0.7635030864197531 
0 0.9529079861111112 0.7638888888888888 0.9383680555555556 0.7638888888888888 0.9379340277777778 0.7608024691358025 0.9672309027777778 0.7596450617283951 0.9676649305555556 0.7635030864197531 0.9529079861111112 0.7638888888888888 
0 0.8359375 0.777391975308642 0.8331163194444444 0.777391975308642 0.8459201388888888 0.7739197530864198 0.8953993055555556 0.7743055555555556 0.8953993055555556 0.7758487654320988 0.8454861111111112 0.7758487654320988 0.8359375 0.777391975308642 
0 0.9997829861111112 0.8125 0.8736979166666666 0.7935956790123457 0.8706597222222222 0.7920524691358025 0.9997829861111112 0.810570987654321 0.9997829861111112 0.8125 
0 0.9997829861111112 0.9502314814814815 0.8719618055555556 0.8969907407407407 0.8411458333333334 0.8815586419753086 0.7044270833333334 0.8221450617283951 0.7063802083333334 0.8202160493827161 0.7189670138888888 0.8171296296296297 0.7660590277777778 0.8364197530864198 0.8127170138888888 0.8526234567901234 0.9216579861111112 0.8958333333333334 0.9997829861111112 0.9243827160493827 0.9997829861111112 0.9502314814814815 
4 0.9223090277777778 0.7619598765432098 0.9201388888888888 0.7619598765432098 0.9192708333333334 0.7469135802469136 0.8819444444444444 0.7469135802469136 0.8828125 0.7619598765432098 0.880859375 0.7619598765432098 0.8797743055555556 0.7465277777777778 0.8444010416666666 0.7434413580246914 0.8402777777777778 0.7438271604938271 0.8422309027777778 0.7604166666666666 0.8394097222222222 0.7604166666666666 0.8383246527777778 0.75 0.8287760416666666 0.7484567901234568 0.8279079861111112 0.7283950617283951 0.8355034722222222 0.7268518518518519 0.8357204861111112 0.7214506172839507 0.8374565972222222 0.7214506172839507 0.8387586805555556 0.7264660493827161 0.9644097222222222 0.7268518518518519 0.9659288194444444 0.7445987654320988 0.9372829861111112 0.7457561728395061 0.9364149305555556 0.7364969135802469 0.9333767361111112 0.7384259259259259 0.9340277777777778 0.746141975308642 0.9214409722222222 0.7469135802469136 0.9223090277777778 0.7619598765432098 
4 0.9756944444444444 0.7442129629629629 0.9678819444444444 0.7442129629629629 0.966796875 0.7264660493827161 0.9997829861111112 0.7268518518518519 0.9997829861111112 0.7295524691358025 0.9986979166666666 0.7280092592592593 0.9947916666666666 0.7364969135802469 0.9900173611111112 0.7368827160493827 0.9924045138888888 0.7434413580246914 0.9756944444444444 0.7442129629629629 
