1 0.708984375 0.6145833333333334 0.70625 0.6145833333333334 0.685546875 0.4078125 0.762890625 0.3703125 0.999609375 0.2734375 0.99921875 0.6057291666666667 0.708984375 0.6145833333333334 
2 0.613671875 0.6291666666666667 0.6109375 0.6291666666666667 0.594921875 0.42916666666666664 0.601171875 0.4265625 0.617578125 0.4265625 0.690625 0.39947916666666666 0.8796875 0.31666666666666665 0.99921875 0.26614583333333336 0.999609375 0.2604166666666667 0.99921875 0.2734375 0.762890625 0.3703125 0.685546875 0.4078125 0.70625 0.6145833333333334 0.613671875 0.6291666666666667 
4 0.46171875 0.56875 0.460546875 0.5671875 0.462109375 0.5661458333333333 0.462890625 0.5677083333333334 0.46171875 0.56875 
4 0.5453125 0.6255208333333333 0.51015625 0.625 0.494140625 0.6119791666666666 0.4890625 0.6067708333333334 0.490625 0.6057291666666667 0.489453125 0.5989583333333334 0.4796875 0.5916666666666667 0.47890625 0.5817708333333333 0.4828125 0.5786458333333333 0.482421875 0.5765625 0.47890625 0.5755208333333334 0.47890625 0.5671875 0.4953125 0.5661458333333333 0.49609375 0.5739583333333333 0.51640625 0.5744791666666667 0.51640625 0.5807291666666666 0.498828125 0.5796875 0.544921875 0.6229166666666667 0.5453125 0.6255208333333333 
4 0.4546875 0.5734375 0.451953125 0.5734375 0.451171875 0.5703125 0.459375 0.5666666666666667 0.459375 0.5697916666666667 0.4546875 0.5734375 
4 0.419921875 0.575 0.41875 0.5692708333333333 0.422265625 0.56875 0.42265625 0.5734375 0.419921875 0.575 
4 0.428125 0.5734375 0.42421875 0.5734375 0.423828125 0.5692708333333333 0.42890625 0.5692708333333333 0.429296875 0.5729166666666666 0.428125 0.5734375 
4 0.444140625 0.5760416666666667 0.441015625 0.5739583333333333 0.4421875 0.5697916666666667 0.45 0.5708333333333333 0.45 0.5739583333333333 0.444921875 0.5739583333333333 0.444140625 0.5760416666666667 
4 0.4390625 0.5739583333333333 0.437890625 0.5739583333333333 0.4390625 0.5739583333333333 
4 0.52890625 0.5822916666666667 0.5234375 0.5817708333333333 0.5234375 0.5744791666666667 0.526953125 0.575 0.52890625 0.5822916666666667 
4 0.353515625 0.5828125 0.353125 0.578125 0.35703125 0.5776041666666667 0.35703125 0.5822916666666667 0.353515625 0.5828125 
4 0.36015625 0.5942708333333333 0.358984375 0.59375 0.358984375 0.5880208333333333 0.35234375 0.5895833333333333 0.36640625 0.5828125 0.359765625 0.5822916666666667 0.358984375 0.578125 0.36796875 0.5776041666666667 0.3703125 0.5796875 0.370703125 0.5848958333333333 0.362890625 0.5932291666666667 0.36015625 0.5942708333333333 
4 0.224609375 0.6354166666666666 0.225 0.6296875 0.250390625 0.5963541666666666 0.250390625 0.5875 0.27421875 0.5828125 0.29140625 0.5854166666666667 0.291796875 0.5932291666666667 0.28984375 0.5958333333333333 0.293359375 0.5984375 0.292578125 0.603125 0.2921875 0.6041666666666666 0.2890625 0.6041666666666666 0.28828125 0.6119791666666666 0.28125 0.6177083333333333 0.2515625 0.6265625 0.234765625 0.6333333333333333 0.224609375 0.6354166666666666 
4 0.3484375 0.5958333333333333 0.345703125 0.5958333333333333 0.34609375 0.590625 0.3484375 0.590625 0.3484375 0.5958333333333333 
4 0.341015625 0.596875 0.340625 0.5921875 0.343359375 0.5911458333333334 0.343359375 0.5963541666666666 0.341015625 0.596875 
4 0.33671875 0.5979166666666667 0.334765625 0.5979166666666667 0.334765625 0.5932291666666667 0.337890625 0.5921875 0.33828125 0.5973958333333333 0.33671875 0.5979166666666667 
4 0.330078125 0.5994791666666667 0.328125 0.5994791666666667 0.327734375 0.5942708333333333 0.33203125 0.5932291666666667 0.33203125 0.5989583333333334 0.330078125 0.5994791666666667 
4 0.3234375 0.6010416666666667 0.32109375 0.6010416666666667 0.320703125 0.5963541666666666 0.325 0.5947916666666667 0.325390625 0.6005208333333333 0.3234375 0.6010416666666667 
4 0.312890625 0.6036458333333333 0.311328125 0.6026041666666667 0.31171875 0.5989583333333334 0.31796875 0.5973958333333333 0.318359375 0.6020833333333333 0.312890625 0.6036458333333333 
4 0.305078125 0.6057291666666667 0.296484375 0.6057291666666667 0.309375 0.6010416666666667 0.308984375 0.6046875 0.305078125 0.6057291666666667 
4 0.715625 0.7161458333333334 0.709765625 0.671875 0.59375 0.671875 0.58984375 0.6328125 0.709375 0.6140625 0.999609375 0.6057291666666667 0.999609375 0.715625 0.728515625 0.675 0.732421875 0.7140625 0.715625 0.7161458333333334 
4 0.049609375 0.6916666666666667 0.048828125 0.6723958333333333 0.0 0.684375 0.0 0.6541666666666667 0.1734375 0.6208333333333333 0.1765625 0.6244791666666667 0.173046875 0.6286458333333333 0.176171875 0.634375 0.173828125 0.6401041666666667 0.17421875 0.653125 0.167578125 0.6541666666666667 0.166796875 0.6421875 0.16640625 0.6401041666666667 0.165234375 0.6395833333333333 0.127734375 0.6505208333333333 0.126953125 0.6677083333333333 0.121484375 0.6692708333333334 0.119140625 0.6697916666666667 0.11875 0.6541666666666667 0.05859375 0.6692708333333334 0.05859375 0.6885416666666667 0.049609375 0.6916666666666667 
