0 0.5012254901960784 0.5147058823529411 0.4960171568627451 0.514297385620915 0.49693627450980393 0.5126633986928104 0.5012254901960784 0.5147058823529411 
0 0.5205269607843137 0.5220588235294118 0.5027573529411765 0.5163398692810458 0.5015318627450981 0.5147058823529411 0.5205269607843137 0.5204248366013072 0.5205269607843137 0.5220588235294118 
0 0.5729166666666666 0.5392156862745098 0.5603553921568627 0.5351307189542484 0.5600490196078431 0.5334967320261438 0.5732230392156863 0.5367647058823529 0.5729166666666666 0.5392156862745098 
0 0.43933823529411764 0.5498366013071896 0.4258578431372549 0.5339052287581699 0.42830882352941174 0.5334967320261438 0.43137254901960786 0.5371732026143791 0.43933823529411764 0.5477941176470589 0.43933823529411764 0.5498366013071896 
0 0.4488357843137255 0.6160130718954249 0.44362745098039214 0.6160130718954249 0.44332107843137253 0.6147875816993464 0.4730392156862745 0.6115196078431373 0.47671568627450983 0.6086601307189542 0.4791666666666667 0.6037581699346405 0.4791666666666667 0.6013071895424836 0.4424019607843137 0.553921568627451 0.4427083333333333 0.5514705882352942 0.4699754901960784 0.5866013071895425 0.4806985294117647 0.6017156862745098 0.48131127450980393 0.6045751633986928 0.4806985294117647 0.6086601307189542 0.47518382352941174 0.6123366013071896 0.4488357843137255 0.6160130718954249 
0 0.6372549019607843 0.5637254901960784 0.6323529411764706 0.5620915032679739 0.6372549019607843 0.5616830065359477 0.6372549019607843 0.5637254901960784 
0 0.9996936274509803 0.8480392156862745 0.8308823529411765 0.7083333333333334 0.7616421568627451 0.6470588235294118 0.6878063725490197 0.5845588235294118 0.6868872549019608 0.5804738562091504 0.7594975490196079 0.6421568627450981 0.7984068627450981 0.6723856209150327 0.8339460784313726 0.7022058823529411 0.8808210784313726 0.7430555555555556 0.9466911764705882 0.7961601307189542 0.9874387254901961 0.8312908496732027 0.9996936274509803 0.8398692810457516 0.9996936274509803 0.8480392156862745 
0 0.3743872549019608 0.616421568627451 0.3743872549019608 0.613562091503268 0.44025735294117646 0.6147875816993464 0.44025735294117646 0.6160130718954249 0.3743872549019608 0.616421568627451 
0 0.265625 0.9995915032679739 0.23897058823529413 0.9995915032679739 0.46017156862745096 0.6793300653594772 0.46262254901960786 0.6691176470588235 0.46170343137254904 0.6670751633986928 0.45986519607843135 0.6650326797385621 0.44424019607843135 0.6593137254901961 0.44393382352941174 0.6572712418300654 0.4641544117647059 0.6642156862745098 0.4690563725490196 0.6687091503267973 0.47058823529411764 0.6740196078431373 0.46721813725490197 0.6830065359477124 0.4479166666666667 0.7124183006535948 0.41973039215686275 0.7602124183006536 0.3737745098039216 0.8296568627450981 0.3284313725490196 0.9035947712418301 0.265625 0.9995915032679739 
1 0.6565563725490197 0.5294117647058824 0.6443014705882353 0.5290032679738562 0.6439950980392157 0.5281862745098039 0.6446078431372549 0.5257352941176471 0.65625 0.5257352941176471 0.6565563725490197 0.5294117647058824 
1 0.6384803921568627 0.5355392156862745 0.6311274509803921 0.5265522875816994 0.6393995098039216 0.5261437908496732 0.6384803921568627 0.5355392156862745 
1 0.6464460784313726 0.5330882352941176 0.6446078431372549 0.5302287581699346 0.6464460784313726 0.5330882352941176 
