0 0.1015 0.598 0.019 0.598 0.0185 0.5946666666666667 0.1015 0.5946666666666667 0.1015 0.598 
0 0.1545 0.5986666666666667 0.1045 0.598 0.104 0.5953333333333334 0.155 0.5953333333333334 0.1545 0.5986666666666667 
0 0.4805 0.6026666666666667 0.476 0.6026666666666667 0.497 0.6 0.4805 0.6026666666666667 
0 0.4715 0.6033333333333334 0.465 0.6033333333333334 0.4715 0.6033333333333334 
0 0.4565 0.604 0.4535 0.604 0.4565 0.604 
0 0.4395 0.6046666666666667 0.438 0.6046666666666667 0.4395 0.6046666666666667 
0 0.4475 0.6046666666666667 0.4425 0.6046666666666667 0.4475 0.6046666666666667 
0 0.3965 0.6066666666666667 0.3855 0.6066666666666667 0.3965 0.6066666666666667 
0 0.263 0.612 0.2595 0.612 0.259 0.6106666666666667 0.263 0.6093333333333333 0.263 0.612 
0 0.215 0.6166666666666667 0.212 0.6166666666666667 0.2285 0.6133333333333333 0.234 0.6146666666666667 0.215 0.6166666666666667 
0 0.0 0.6186666666666667 0.0 0.6146666666666667 0.0 0.6186666666666667 
0 0.0215 0.6186666666666667 0.0135 0.6186666666666667 0.013 0.616 0.0215 0.6153333333333333 0.0215 0.6186666666666667 
0 0.0535 0.6193333333333333 0.0445 0.6193333333333333 0.044 0.6173333333333333 0.045 0.6153333333333333 0.054 0.6153333333333333 0.0535 0.6193333333333333 
0 0.0915 0.6193333333333333 0.0805 0.6193333333333333 0.08 0.6166666666666667 0.093 0.616 0.0915 0.6193333333333333 
0 0.178 0.6193333333333333 0.1195 0.6193333333333333 0.119 0.6166666666666667 0.1785 0.616 0.178 0.6193333333333333 
0 0.187 0.6193333333333333 0.1845 0.6193333333333333 0.184 0.6166666666666667 0.19 0.616 0.192 0.6186666666666667 0.187 0.6193333333333333 
0 0.278 0.6206666666666667 0.254 0.6193333333333333 0.255 0.6173333333333333 0.263 0.6193333333333333 0.278 0.6186666666666667 0.278 0.6206666666666667 
0 0.352 0.6226666666666667 0.296 0.6213333333333333 0.284 0.6206666666666667 0.2835 0.6193333333333333 0.3475 0.6206666666666667 0.352 0.6226666666666667 
0 0.4295 0.626 0.3585 0.6233333333333333 0.3565 0.622 0.418 0.6226666666666667 0.4185 0.6246666666666667 0.4295 0.624 0.4295 0.626 
1 0.4595 0.6093333333333333 0.4495 0.6093333333333333 0.449 0.6053333333333333 0.4565 0.604 0.457 0.6013333333333334 0.4585 0.602 0.4585 0.6033333333333334 0.4715 0.6033333333333334 0.4725 0.6006666666666667 0.4735 0.6026666666666667 0.4815 0.6026666666666667 0.5215 0.6 0.522 0.5946666666666667 0.525 0.5953333333333334 0.5255 0.6 0.535 0.6006666666666667 0.535 0.6026666666666667 0.4595 0.6093333333333333 
1 0.575 0.6053333333333333 0.5375 0.6033333333333334 0.537 0.6006666666666667 0.544 0.6 0.5445 0.5973333333333334 0.546 0.6006666666666667 0.576 0.6 0.575 0.6053333333333333 
1 0.4185 0.6246666666666667 0.418 0.6226666666666667 0.357 0.6213333333333333 0.357 0.6073333333333333 0.3705 0.6066666666666667 0.371 0.6033333333333334 0.3725 0.604 0.373 0.6066666666666667 0.3965 0.6066666666666667 0.3975 0.604 0.42 0.6053333333333333 0.4205 0.6026666666666667 0.4225 0.6046666666666667 0.4395 0.6046666666666667 0.44 0.6013333333333334 0.442 0.6013333333333334 0.443 0.6046666666666667 0.4475 0.6053333333333333 0.4465 0.61 0.434 0.6106666666666667 0.434 0.624 0.4185 0.6246666666666667 
1 0.352 0.6213333333333333 0.284 0.6186666666666667 0.2835 0.6093333333333333 0.2985 0.6073333333333333 0.2995 0.6093333333333333 0.335 0.6093333333333333 0.336 0.6073333333333333 0.3405 0.6073333333333333 0.342 0.6026666666666667 0.343 0.6066666666666667 0.353 0.6073333333333333 0.352 0.6213333333333333 
1 0.278 0.6186666666666667 0.264 0.6186666666666667 0.264 0.6086666666666667 0.279 0.608 0.278 0.6186666666666667 
5 0.616 0.602 0.6055 0.602 0.605 0.6 0.6165 0.5993333333333334 0.616 0.602 
5 0.6195 0.6026666666666667 0.618 0.6 0.6295 0.602 0.6195 0.6026666666666667 
5 0.6385 0.602 0.631 0.602 0.6385 0.602 
5 0.9995 0.7773333333333333 0.8375 0.718 0.7605 0.6806666666666666 0.7195 0.6566666666666666 0.7 0.6373333333333333 0.6975 0.6186666666666667 0.6895 0.6106666666666667 0.67 0.6053333333333333 0.64 0.6026666666666667 0.645 0.6006666666666667 0.6695 0.6026666666666667 0.6845 0.6053333333333333 0.7 0.6113333333333333 0.705 0.618 0.708 0.632 0.715 0.6406666666666667 0.748 0.6626666666666666 0.7525 0.6626666666666666 0.799 0.686 0.879 0.7193333333333334 0.9995 0.7533333333333333 0.9995 0.7773333333333333 
2 0.9995 0.6033333333333334 0.8165 0.6006666666666667 0.814 0.58 0.9995 0.568 0.9995 0.6033333333333334 
2 0.7445 0.598 0.7315 0.598 0.731 0.584 0.744 0.5833333333333334 0.7445 0.598 
2 0.76 0.5986666666666667 0.7565 0.5986666666666667 0.752 0.5833333333333334 0.759 0.584 0.76 0.5986666666666667 
3 0.4555 0.6013333333333334 0.4495 0.6013333333333334 0.449 0.5973333333333334 0.4555 0.596 0.4555 0.6013333333333334 
3 0.4475 0.6013333333333334 0.4395 0.6013333333333334 0.439 0.5973333333333334 0.4475 0.5966666666666667 0.4475 0.6013333333333334 
