0 0.6273871527777778 0.5760995370370371 0.6141493055555556 0.5755208333333334 0.6284722222222222 0.5746527777777778 0.62890625 0.5758101851851852 0.6273871527777778 0.5760995370370371 
0 0.6111111111111112 0.5755208333333334 0.6104600694444444 0.5755208333333334 0.6111111111111112 0.5755208333333334 
0 0.3726128472222222 0.5784143518518519 0.3611111111111111 0.5784143518518519 0.3637152777777778 0.5778356481481481 0.3639322916666667 0.5766782407407407 0.3732638888888889 0.5760995370370371 0.5460069444444444 0.5769675925925926 0.5457899305555556 0.5775462962962963 0.5379774305555556 0.5778356481481481 0.4813368055555556 0.5772569444444444 0.3726128472222222 0.5784143518518519 
0 0.5770399305555556 0.5763888888888888 0.576171875 0.5763888888888888 0.5770399305555556 0.5763888888888888 
0 0.5681423611111112 0.5766782407407407 0.5661892361111112 0.5766782407407407 0.5681423611111112 0.5766782407407407 
0 0.5572916666666666 0.5769675925925926 0.5562065972222222 0.5769675925925926 0.5572916666666666 0.5769675925925926 
0 0.5614149305555556 0.5769675925925926 0.560546875 0.5769675925925926 0.5614149305555556 0.5769675925925926 
0 0.5536024305555556 0.5772569444444444 0.5494791666666666 0.5772569444444444 0.5536024305555556 0.5772569444444444 
0 0.35546875 0.5787037037037037 0.3487413194444444 0.5787037037037037 0.3485243055555556 0.578125 0.3550347222222222 0.5772569444444444 0.35546875 0.5787037037037037 
0 0.2801649305555556 0.5824652777777778 0.2766927083333333 0.5824652777777778 0.2764756944444444 0.5818865740740741 0.3161892361111111 0.5789930555555556 0.3402777777777778 0.5778356481481481 0.341796875 0.5787037037037037 0.2801649305555556 0.5824652777777778 
0 0.5735677083333334 0.5908564814814815 0.5720486111111112 0.5896990740740741 0.5724826388888888 0.5885416666666666 0.5835503472222222 0.5865162037037037 0.5835503472222222 0.5876736111111112 0.5735677083333334 0.5908564814814815 
0 0.7703993055555556 0.9997106481481481 0.6990017361111112 0.9994212962962963 0.6473524305555556 0.890625 0.5531684027777778 0.6397569444444444 0.5477430555555556 0.6082175925925926 0.5518663194444444 0.5972222222222222 0.5614149305555556 0.5908564814814815 0.5679253472222222 0.5899884259259259 0.5670572916666666 0.5928819444444444 0.5646701388888888 0.5934606481481481 0.5557725694444444 0.5989583333333334 0.5555555555555556 0.6006944444444444 0.5564236111111112 0.6111111111111112 0.5700954861111112 0.6438078703703703 0.6124131944444444 0.7155671296296297 0.71484375 0.8958333333333334 0.7703993055555556 0.9997106481481481 
1 0.9997829861111112 0.6984953703703703 0.8793402777777778 0.6582754629629629 0.7202690972222222 0.6082175925925926 0.638671875 0.5804398148148148 0.6378038194444444 0.5280671296296297 0.6397569444444444 0.5269097222222222 0.6408420138888888 0.5286458333333334 0.671875 0.5271990740740741 0.6729600694444444 0.5245949074074074 0.6746961805555556 0.5248842592592593 0.6753472222222222 0.5260416666666666 0.6796875 0.5260416666666666 0.7115885416666666 0.5240162037037037 0.7335069444444444 0.5211226851851852 0.7345920138888888 0.5196759259259259 0.7369791666666666 0.5199652777777778 0.7378472222222222 0.5214120370370371 0.7419704861111112 0.5214120370370371 0.7981770833333334 0.5173611111111112 0.8344184027777778 0.5164930555555556 0.8678385416666666 0.5127314814814815 0.8680555555555556 0.5089699074074074 0.8702256944444444 0.5072337962962963 0.8721788194444444 0.5081018518518519 0.8739149305555556 0.5115740740740741 0.8797743055555556 0.5121527777777778 0.9112413194444444 0.5095486111111112 0.9670138888888888 0.5072337962962963 0.9997829861111112 0.5023148148148148 0.9997829861111112 0.6984953703703703 
2 0.9997829861111112 0.7514467592592593 0.6369357638888888 0.5980902777777778 0.6362847222222222 0.5923032407407407 0.6375868055555556 0.5804398148148148 0.6384548611111112 0.5784143518518519 0.638671875 0.5804398148148148 0.7202690972222222 0.6082175925925926 0.8793402777777778 0.6582754629629629 0.9995659722222222 0.6982060185185185 0.9997829861111112 0.7514467592592593 
