0 0.4880642361111111 0.6323302469135802 0.4813368055555556 0.6323302469135802 0.4809027777777778 0.6315586419753086 0.4876302083333333 0.6304012345679012 0.4880642361111111 0.6323302469135802 
0 0.48046875 0.6323302469135802 0.4782986111111111 0.6319444444444444 0.4802517361111111 0.6311728395061729 0.48046875 0.6323302469135802 
0 0.4772135416666667 0.6323302469135802 0.4730902777777778 0.6319444444444444 0.4772135416666667 0.6323302469135802 
0 0.0646701388888889 0.6504629629629629 0.052300347222222224 0.6496913580246914 0.04578993055555555 0.6477623456790124 0.04796006944444445 0.6466049382716049 0.0646701388888889 0.6485339506172839 0.0646701388888889 0.6504629629629629 
0 0.4635416666666667 0.6666666666666666 0.4611545138888889 0.6662808641975309 0.4717881944444444 0.6496913580246914 0.4728732638888889 0.6504629629629629 0.4635416666666667 0.6666666666666666 
0 0.08984375 0.6531635802469136 0.07921006944444445 0.6520061728395061 0.07899305555555555 0.6504629629629629 0.08984375 0.6516203703703703 0.08984375 0.6531635802469136 
0 0.014322916666666666 0.654320987654321 0.0 0.6535493827160493 0.0 0.6508487654320988 0.014105902777777778 0.6512345679012346 0.014322916666666666 0.654320987654321 
0 0.06076388888888889 0.6574074074074074 0.04796006944444445 0.6570216049382716 0.047309027777777776 0.6547067901234568 0.04470486111111111 0.6547067901234568 0.044487847222222224 0.6566358024691358 0.017144097222222224 0.6547067901234568 0.016927083333333332 0.6520061728395061 0.033637152777777776 0.6520061728395061 0.044270833333333336 0.654320987654321 0.057942708333333336 0.654320987654321 0.06032986111111111 0.6539351851851852 0.060112847222222224 0.6527777777777778 0.059027777777777776 0.6520061728395061 0.060980902777777776 0.6516203703703703 0.0646701388888889 0.654320987654321 0.0646701388888889 0.65625 0.06076388888888889 0.6574074074074074 
0 0.06488715277777778 0.6651234567901234 0.052734375 0.6620370370370371 0.054036458333333336 0.660108024691358 0.06163194444444445 0.6628086419753086 0.06488715277777778 0.6628086419753086 0.06488715277777778 0.6651234567901234 
0 0.5082465277777778 0.6682098765432098 0.5065104166666666 0.6658950617283951 0.5067274305555556 0.6620370370370371 0.5125868055555556 0.6620370370370371 0.5095486111111112 0.6631944444444444 0.5099826388888888 0.6643518518518519 0.5199652777777778 0.6643518518518519 0.5295138888888888 0.6624228395061729 0.5266927083333334 0.6616512345679012 0.529296875 0.6608796296296297 0.5319010416666666 0.6616512345679012 0.5327690972222222 0.6651234567901234 0.5082465277777778 0.6682098765432098 
0 0.1072048611111111 0.6662808641975309 0.07899305555555555 0.6658950617283951 0.07877604166666667 0.6643518518518519 0.10698784722222222 0.6647376543209876 0.1072048611111111 0.6662808641975309 
0 0.4459635416666667 0.6755401234567902 0.4459635416666667 0.6716820987654321 0.4518229166666667 0.6716820987654321 0.4529079861111111 0.6712962962962963 0.4537760416666667 0.6682098765432098 0.4548611111111111 0.6693672839506173 0.4544270833333333 0.6724537037037037 0.4459635416666667 0.6755401234567902 
0 0.3862847222222222 0.6782407407407407 0.3717447916666667 0.6782407407407407 0.37109375 0.6743827160493827 0.3904079861111111 0.6743827160493827 0.3899739583333333 0.6763117283950617 0.3862847222222222 0.6782407407407407 
0 0.3758680555555556 0.685570987654321 0.3765190972222222 0.6824845679012346 0.4173177083333333 0.6817129629629629 0.4144965277777778 0.6851851851851852 0.3758680555555556 0.685570987654321 
0 0.619140625 0.7966820987654321 0.5891927083333334 0.7611882716049383 0.5909288194444444 0.7542438271604939 0.6098090277777778 0.7472993827160493 0.6169704861111112 0.746141975308642 0.6169704861111112 0.7476851851851852 0.6002604166666666 0.7542438271604939 0.6258680555555556 0.779320987654321 0.6417100694444444 0.7766203703703703 0.7178819444444444 0.7557870370370371 0.72265625 0.7581018518518519 0.7302517361111112 0.7530864197530864 0.7309027777777778 0.753858024691358 0.732421875 0.7646604938271605 0.7141927083333334 0.7731481481481481 0.619140625 0.7966820987654321 
