0 0.39828431372549017 0.5563725490196079 0.39644607843137253 0.5555555555555556 0.39705882352941174 0.553921568627451 0.4166666666666667 0.5494281045751634 0.4494485294117647 0.5502450980392157 0.4494485294117647 0.551062091503268 0.42034313725490197 0.551062091503268 0.4111519607843137 0.5559640522875817 0.39828431372549017 0.5563725490196079 
0 0.6574754901960784 0.5559640522875817 0.6544117647058824 0.5559640522875817 0.6587009803921569 0.5551470588235294 0.6574754901960784 0.5559640522875817 
0 0.6678921568627451 0.5747549019607843 0.6482843137254902 0.5718954248366013 0.640625 0.5669934640522876 0.6409313725490197 0.5620915032679739 0.6446078431372549 0.5584150326797386 0.6544117647058824 0.5559640522875817 0.6461397058823529 0.5588235294117647 0.6433823529411765 0.5620915032679739 0.6473651960784313 0.5649509803921569 0.6550245098039216 0.5678104575163399 0.6694240196078431 0.5690359477124183 0.6688112745098039 0.5735294117647058 0.6678921568627451 0.5747549019607843 
0 0.6755514705882353 0.5735294117647058 0.6743259803921569 0.5735294117647058 0.6743259803921569 0.5698529411764706 0.6755514705882353 0.5702614379084967 0.6755514705882353 0.5735294117647058 
0 0.0 0.9080882352941176 0.0 0.8508986928104575 0.17800245098039216 0.7410130718954249 0.27267156862745096 0.6883169934640523 0.3434436274509804 0.6388888888888888 0.3783700980392157 0.610702614379085 0.39338235294117646 0.5923202614379085 0.39705882352941174 0.5857843137254902 0.39889705882352944 0.5788398692810458 0.4019607843137255 0.5788398692810458 0.4053308823529412 0.5841503267973857 0.4028799019607843 0.5915032679738562 0.39767156862745096 0.6017156862745098 0.38817401960784315 0.6147875816993464 0.3786764705882353 0.6274509803921569 0.35263480392156865 0.6544117647058824 0.31954656862745096 0.6801470588235294 0.0857843137254902 0.8431372549019608 0.0 0.9080882352941176 
1 0.9926470588235294 0.5473856209150327 0.9803921568627451 0.5473856209150327 0.9800857843137255 0.5404411764705882 0.9748774509803921 0.5420751633986928 0.9736519607843137 0.5441176470588235 0.9745710784313726 0.5473856209150327 0.9564950980392157 0.5473856209150327 0.9564950980392157 0.5445261437908496 0.9243259803921569 0.5453431372549019 0.9234068627450981 0.5326797385620915 0.9307598039215687 0.5326797385620915 0.9316789215686274 0.5388071895424836 0.9356617647058824 0.5375816993464052 0.9362745098039216 0.5326797385620915 0.9926470588235294 0.5351307189542484 0.9926470588235294 0.5473856209150327 
1 0.9981617647058824 0.5473856209150327 0.9972426470588235 0.5473856209150327 0.9975490196078431 0.5453431372549019 0.9981617647058824 0.5473856209150327 
2 0.0 0.5829248366013072 0.0 0.5535130718954249 0.0015318627450980392 0.5535130718954249 0.018995098039215685 0.5657679738562091 0.018688725490196078 0.571078431372549 0.01991421568627451 0.5723039215686274 0.02389705882352941 0.576797385620915 0.03278186274509804 0.5825163398692811 0.0 0.5829248366013072 
2 0.05422794117647059 0.5804738562091504 0.04350490196078431 0.5788398692810458 0.044730392156862746 0.5674019607843137 0.046262254901960786 0.565359477124183 0.060355392156862746 0.5620915032679739 0.0628063725490196 0.568218954248366 0.06770833333333333 0.5743464052287581 0.06525735294117647 0.5743464052287581 0.06096813725490196 0.5780228758169934 0.05422794117647059 0.5804738562091504 
4 0.11029411764705882 0.7610294117647058 0.1014093137254902 0.7512254901960784 0.10661764705882353 0.6809640522875817 0.0 0.7185457516339869 0.0 0.6229575163398693 0.16881127450980393 0.5972222222222222 0.33609068627450983 0.5678104575163399 0.33792892156862747 0.5669934640522876 0.33578431372549017 0.565359477124183 0.33639705882352944 0.5518790849673203 0.3336397058823529 0.5514705882352942 0.33486519607843135 0.5367647058823529 0.3606004901960784 0.5343137254901961 0.3606004901960784 0.559640522875817 0.36917892156862747 0.556781045751634 0.3700980392156863 0.5347222222222222 0.3762254901960784 0.5347222222222222 0.37683823529411764 0.5322712418300654 0.38174019607843135 0.5310457516339869 0.38357843137254904 0.5318627450980392 0.38296568627450983 0.5416666666666666 0.38419117647058826 0.5449346405228758 0.3857230392156863 0.5453431372549019 0.3857230392156863 0.551062091503268 0.3866421568627451 0.551062091503268 0.3869485294117647 0.545751633986928 0.38878676470588236 0.545751633986928 0.3909313725490196 0.5441176470588235 0.3909313725490196 0.5416666666666666 0.38756127450980393 0.5339052287581699 0.38786764705882354 0.5322712418300654 0.390625 0.5322712418300654 0.4028799019607843 0.5343137254901961 0.4206495098039216 0.5343137254901961 0.43903186274509803 0.5363562091503268 0.5168504901960784 0.5526960784313726 0.5165441176470589 0.5580065359477124 0.4485294117647059 0.5494281045751634 0.4166666666666667 0.5494281045751634 0.39705882352941174 0.553921568627451 0.39644607843137253 0.5604575163398693 0.39276960784313725 0.5645424836601307 0.39246323529411764 0.5808823529411765 0.3704044117647059 0.6094771241830066 0.3648897058823529 0.6094771241830066 0.36580882352941174 0.5849673202614379 0.3602941176470588 0.5878267973856209 0.3596813725490196 0.6188725490196079 0.35263480392156865 0.6176470588235294 0.35232843137254904 0.5923202614379085 0.3446691176470588 0.5964052287581699 0.34375 0.6270424836601307 0.33609068627450983 0.6286764705882353 0.33670343137254904 0.5996732026143791 0.2849264705882353 0.619281045751634 0.2846200980392157 0.6654411764705882 0.27236519607843135 0.6674836601307189 0.27389705882352944 0.627859477124183 0.27389705882352944 0.6241830065359477 0.27328431372549017 0.6237745098039216 0.12745098039215685 0.6740196078431373 0.12224264705882353 0.7593954248366013 0.11029411764705882 0.7610294117647058 
4 0.5438112745098039 0.5645424836601307 0.5263480392156863 0.5629084967320261 0.5174632352941176 0.5588235294117647 0.5189950980392157 0.5559640522875817 0.5220588235294118 0.556781045751634 0.5208333333333334 0.5428921568627451 0.524203431372549 0.5416666666666666 0.5373774509803921 0.5424836601307189 0.538296568627451 0.5351307189542484 0.5404411764705882 0.5351307189542484 0.5435049019607843 0.5379901960784313 0.5459558823529411 0.5383986928104575 0.5484068627450981 0.5343137254901961 0.5499387254901961 0.5351307189542484 0.5511642156862745 0.5420751633986928 0.5640318627450981 0.5412581699346405 0.5640318627450981 0.5334967320261438 0.5649509803921569 0.5343137254901961 0.5655637254901961 0.5408496732026143 0.6801470588235294 0.5367647058823529 0.6801470588235294 0.5469771241830066 0.6583946078431373 0.5473856209150327 0.5940563725490197 0.5518790849673203 0.5649509803921569 0.5551470588235294 0.5533088235294118 0.5580065359477124 0.5438112745098039 0.5645424836601307 
4 0.7340686274509803 0.5469771241830066 0.7147671568627451 0.5469771241830066 0.7132352941176471 0.5433006535947712 0.6957720588235294 0.5416666666666666 0.6905637254901961 0.5420751633986928 0.6884191176470589 0.5465686274509803 0.6865808823529411 0.5465686274509803 0.6859681372549019 0.5359477124183006 0.7545955882352942 0.5367647058823529 0.7542892156862745 0.5461601307189542 0.7340686274509803 0.5469771241830066 
4 0.9261642156862745 0.5514705882352942 0.9240196078431373 0.5514705882352942 0.9243259803921569 0.5453431372549019 0.9564950980392157 0.5449346405228758 0.9558823529411765 0.5498366013071896 0.9261642156862745 0.5514705882352942 
4 0.7542892156862745 0.576797385620915 0.7512254901960784 0.5755718954248366 0.7506127450980392 0.5690359477124183 0.7481617647058824 0.5686274509803921 0.7469362745098039 0.573937908496732 0.7395833333333334 0.5718954248366013 0.7386642156862745 0.5580065359477124 0.7417279411764706 0.5506535947712419 0.7435661764705882 0.5502450980392157 0.7447916666666666 0.5543300653594772 0.7539828431372549 0.5526960784313726 0.7530637254901961 0.5563725490196079 0.7533700980392157 0.568218954248366 0.7539828431372549 0.5759803921568627 0.7552083333333334 0.5763888888888888 0.7542892156862745 0.576797385620915 
4 0.9996936274509803 0.6053921568627451 0.9629289215686274 0.6013071895424836 0.9610906862745098 0.6008986928104575 0.9604779411764706 0.5951797385620915 0.9561887254901961 0.5951797385620915 0.9549632352941176 0.6000816993464052 0.944546568627451 0.5992647058823529 0.9442401960784313 0.5984477124183006 0.9448529411764706 0.5968137254901961 0.9494485294117647 0.5968137254901961 0.9488357843137255 0.5825163398692811 0.9497549019607843 0.5812908496732027 0.9996936274509803 0.5816993464052288 0.9996936274509803 0.6053921568627451 
