0 0.6917438271604939 0.6120867768595041 0.6902006172839507 0.609504132231405 0.6902006172839507 0.6012396694214877 0.7476851851851852 0.5955578512396694 0.8406635802469136 0.5790289256198347 0.8703703703703703 0.5717975206611571 0.9567901234567902 0.5413223140495868 0.9575617283950617 0.5464876033057852 0.9598765432098766 0.5490702479338843 0.9521604938271605 0.5542355371900827 0.9212962962962963 0.5666322314049587 0.8587962962962963 0.5872933884297521 0.7939814814814815 0.5986570247933884 0.6917438271604939 0.6120867768595041 
0 0.17746913580246915 0.6193181818181818 0.17515432098765432 0.618801652892562 0.17515432098765432 0.6141528925619835 0.17631172839506173 0.6131198347107438 0.22878086419753085 0.6038223140495868 0.2658179012345679 0.5945247933884298 0.3287037037037037 0.5821280991735537 0.3283179012345679 0.5857438016528925 0.314429012345679 0.5893595041322314 0.17746913580246915 0.6193181818181818 
0 0.6404320987654321 0.618801652892562 0.6400462962962963 0.6074380165289256 0.6809413580246914 0.6027892561983471 0.6817129629629629 0.6131198347107438 0.6404320987654321 0.618801652892562 
0 0.4695216049382716 0.6301652892561983 0.4375 0.6301652892561983 0.4305555555555556 0.6286157024793388 0.43016975308641975 0.6275826446280992 0.4332561728395062 0.6208677685950413 0.43441358024691357 0.6234504132231405 0.44058641975308643 0.6234504132231405 0.5127314814814815 0.6203512396694215 0.6033950617283951 0.612603305785124 0.6273148148148148 0.6089876033057852 0.6311728395061729 0.609504132231405 0.6319444444444444 0.6177685950413223 0.6319444444444444 0.6198347107438017 0.628858024691358 0.6203512396694215 0.4695216049382716 0.6301652892561983 
0 0.5952932098765432 0.7262396694214877 0.59375 0.7262396694214877 0.5945216049382716 0.7241735537190083 0.5922067901234568 0.7133264462809917 0.5783179012345679 0.7102272727272727 0.7268518518518519 0.6771694214876033 0.7758487654320988 0.6678719008264463 0.7758487654320988 0.6647727272727273 0.7777777777777778 0.6627066115702479 0.7762345679012346 0.6585743801652892 0.783179012345679 0.65650826446281 0.7932098765432098 0.6637396694214877 0.7955246913580247 0.6761363636363636 0.7866512345679012 0.6807851239669421 0.6292438271604939 0.7164256198347108 0.5952932098765432 0.7262396694214877 
0 0.22299382716049382 0.7143595041322314 0.22299382716049382 0.7122933884297521 0.23765432098765432 0.7035123966942148 0.2935956790123457 0.6735537190082644 0.30169753086419754 0.6740702479338843 0.28587962962962965 0.684400826446281 0.24537037037037038 0.7066115702479339 0.24228395061728394 0.7102272727272727 0.22299382716049382 0.7143595041322314 
0 0.10378086419753087 0.8527892561983471 0.04822530864197531 0.8527892561983471 0.03356481481481482 0.84349173553719 0.03009259259259259 0.8295454545454546 0.03125 0.8197314049586777 0.060570987654320986 0.8011363636363636 0.1701388888888889 0.7417355371900827 0.1705246913580247 0.7489669421487604 0.10416666666666667 0.7887396694214877 0.09375 0.7897727272727273 0.08101851851851852 0.7933884297520661 0.06365740740740741 0.8032024793388429 0.06442901234567901 0.815599173553719 0.059799382716049385 0.8197314049586777 0.06944444444444445 0.8233471074380165 0.07253086419753087 0.8269628099173554 0.08487654320987655 0.8254132231404959 0.10493827160493827 0.8207644628099173 0.11265432098765432 0.8171487603305785 0.2638888888888889 0.7830578512396694 0.4444444444444444 0.7350206611570248 0.4645061728395062 0.7417355371900827 0.47453703703703703 0.7592975206611571 0.279320987654321 0.8135330578512396 0.10378086419753087 0.8527892561983471 
0 0.1871141975308642 0.7386363636363636 0.18441358024691357 0.7386363636363636 0.1871141975308642 0.7386363636363636 
0 0.9359567901234568 0.9870867768595041 0.9317129629629629 0.9328512396694215 0.9510030864197531 0.9142561983471075 0.9996141975308642 0.8744834710743802 0.9996141975308642 0.9225206611570248 0.9629629629629629 0.9535123966942148 0.9359567901234568 0.9870867768595041 
0 0.9170524691358025 0.9994834710743802 0.8641975308641975 0.9994834710743802 0.8688271604938271 0.9922520661157025 0.9139660493827161 0.9493801652892562 0.9170524691358025 0.9994834710743802 
5 0.47530864197530864 0.7598140495867769 0.4645061728395062 0.7417355371900827 0.4324845679012346 0.731404958677686 0.44598765432098764 0.7241735537190083 0.5567129629629629 0.7040289256198347 0.5922067901234568 0.7133264462809917 0.5945216049382716 0.7241735537190083 0.5910493827160493 0.731404958677686 0.47530864197530864 0.7598140495867769 
5 0.18595679012345678 0.7432851239669421 0.18479938271604937 0.7417355371900827 0.18557098765432098 0.7391528925619835 0.20717592592592593 0.7262396694214877 0.22415123456790123 0.7133264462809917 0.26350308641975306 0.7066115702479339 0.22029320987654322 0.7407024793388429 0.18595679012345678 0.7432851239669421 
