0 0.48486328125 0.47265625 0.48486328125 0.470703125 0.48486328125 0.47265625 
0 0.5 0.4733072916666667 0.48828125 0.4733072916666667 0.5 0.470703125 0.5 0.4733072916666667 
0 0.59912109375 0.4856770833333333 0.54638671875 0.4765625 0.5458984375 0.4739583333333333 0.50390625 0.4733072916666667 0.50341796875 0.4713541666666667 0.51318359375 0.470703125 0.5146484375 0.47265625 0.51513671875 0.470703125 0.5439453125 0.470703125 0.55859375 0.4733072916666667 0.5732421875 0.4720052083333333 0.5732421875 0.4739583333333333 0.54638671875 0.474609375 0.587890625 0.4798177083333333 0.59912109375 0.482421875 0.59912109375 0.4856770833333333 
0 0.466796875 0.5423177083333334 0.46923828125 0.5279947916666666 0.49951171875 0.5 0.50341796875 0.4947916666666667 0.50634765625 0.4837239583333333 0.50634765625 0.4947916666666667 0.50146484375 0.5045572916666666 0.49072265625 0.51953125 0.466796875 0.5423177083333334 
0 0.99951171875 0.6015625 0.84521484375 0.5520833333333334 0.71728515625 0.5149739583333334 0.65283203125 0.4986979166666667 0.6552734375 0.494140625 0.7451171875 0.5130208333333334 0.99951171875 0.5813802083333334 0.99951171875 0.6015625 
0 0.0 0.9947916666666666 0.0 0.9029947916666666 0.1650390625 0.7643229166666666 0.32275390625 0.64453125 0.3271484375 0.6432291666666666 0.3349609375 0.6484375 0.3642578125 0.6438802083333334 0.30078125 0.7083333333333334 0.0 0.9947916666666666 
1 0.99951171875 0.5299479166666666 0.884765625 0.5123697916666666 0.74072265625 0.4934895833333333 0.73779296875 0.4889322916666667 0.73681640625 0.4772135416666667 0.73681640625 0.4739583333333333 0.73974609375 0.4720052083333333 0.734375 0.466796875 0.73193359375 0.4622395833333333 0.73193359375 0.4576822916666667 0.79248046875 0.4537760416666667 0.99951171875 0.44921875 0.99951171875 0.5299479166666666 
1 0.72998046875 0.4915364583333333 0.71630859375 0.490234375 0.716796875 0.4576822916666667 0.7265625 0.4576822916666667 0.724609375 0.4733072916666667 0.7265625 0.4817708333333333 0.72509765625 0.4837239583333333 0.72119140625 0.4837239583333333 0.720703125 0.4876302083333333 0.7216796875 0.490234375 0.72900390625 0.486328125 0.72998046875 0.4915364583333333 
1 0.7138671875 0.4609375 0.7109375 0.4609375 0.70947265625 0.458984375 0.7138671875 0.4576822916666667 0.7138671875 0.4609375 
1 0.70263671875 0.48828125 0.67578125 0.4850260416666667 0.6787109375 0.4661458333333333 0.6796875 0.46875 0.681640625 0.4680989583333333 0.68115234375 0.458984375 0.70263671875 0.458984375 0.69970703125 0.4700520833333333 0.7001953125 0.4720052083333333 0.70263671875 0.4733072916666667 0.703125 0.4811197916666667 0.701171875 0.482421875 0.70263671875 0.48828125 
1 0.60205078125 0.4694010416666667 0.6015625 0.4596354166666667 0.60888671875 0.458984375 0.60205078125 0.4694010416666667 
1 0.64697265625 0.462890625 0.64599609375 0.458984375 0.6474609375 0.4596354166666667 0.64697265625 0.462890625 
1 0.6591796875 0.482421875 0.65478515625 0.482421875 0.65234375 0.4778645833333333 0.6533203125 0.46484375 0.650390625 0.4615885416666667 0.65087890625 0.458984375 0.65771484375 0.4596354166666667 0.65673828125 0.4674479166666667 0.65966796875 0.4759114583333333 0.6591796875 0.482421875 
1 0.67333984375 0.484375 0.66357421875 0.4830729166666667 0.6640625 0.4720052083333333 0.66650390625 0.470703125 0.6669921875 0.466796875 0.66650390625 0.458984375 0.6708984375 0.4596354166666667 0.669921875 0.466796875 0.673828125 0.4772135416666667 0.671875 0.4817708333333333 0.67333984375 0.484375 
1 0.59033203125 0.474609375 0.58056640625 0.4739583333333333 0.5791015625 0.4609375 0.5908203125 0.4596354166666667 0.5888671875 0.4615885416666667 0.59033203125 0.474609375 
1 0.599609375 0.4759114583333333 0.59375 0.4752604166666667 0.59375 0.46875 0.59619140625 0.46484375 0.59375 0.4596354166666667 0.60009765625 0.4602864583333333 0.599609375 0.4759114583333333 
1 0.57470703125 0.4635416666666667 0.57470703125 0.4602864583333333 0.5771484375 0.4609375 0.57470703125 0.4635416666666667 
1 0.64599609375 0.46875 0.64599609375 0.4654947916666667 0.64599609375 0.46875 
1 0.73486328125 0.4720052083333333 0.732421875 0.4713541666666667 0.73486328125 0.4720052083333333 
1 0.7353515625 0.4921875 0.7333984375 0.4915364583333333 0.73095703125 0.474609375 0.7353515625 0.474609375 0.736328125 0.490234375 0.7353515625 0.4921875 
1 0.59326171875 0.4752604166666667 0.59130859375 0.4752604166666667 0.59326171875 0.4752604166666667 
1 0.71435546875 0.4895833333333333 0.708984375 0.4889322916666667 0.70947265625 0.474609375 0.71435546875 0.4759114583333333 0.71435546875 0.4895833333333333 
1 0.70556640625 0.48828125 0.70556640625 0.4856770833333333 0.70556640625 0.48828125 
5 0.3349609375 0.6484375 0.32421875 0.6419270833333334 0.3427734375 0.6217447916666666 0.37255859375 0.5963541666666666 0.388671875 0.5872395833333334 0.40234375 0.576171875 0.40966796875 0.5677083333333334 0.41943359375 0.5625 0.427734375 0.5618489583333334 0.435546875 0.5533854166666666 0.4365234375 0.5475260416666666 0.4501953125 0.5416666666666666 0.45703125 0.52734375 0.466796875 0.5266927083333334 0.46923828125 0.5299479166666666 0.46630859375 0.5416666666666666 0.4677734375 0.5423177083333334 0.46728515625 0.54296875 0.361328125 0.6438802083333334 0.3349609375 0.6484375 
2 0.3916015625 0.515625 0.3818359375 0.509765625 0.3701171875 0.515625 0.36474609375 0.5149739583333334 0.361328125 0.51171875 0.3515625 0.5123697916666666 0.35302734375 0.41015625 0.4072265625 0.416015625 0.408203125 0.4303385416666667 0.44140625 0.43359375 0.46435546875 0.44140625 0.46533203125 0.4895833333333333 0.42919921875 0.5032552083333334 0.41845703125 0.5013020833333334 0.41357421875 0.50390625 0.4091796875 0.509765625 0.3916015625 0.515625 
2 0.4326171875 0.4641927083333333 0.43212890625 0.4388020833333333 0.4248046875 0.4361979166666667 0.42529296875 0.4635416666666667 0.4326171875 0.4641927083333333 
2 0.470703125 0.4889322916666667 0.46826171875 0.4889322916666667 0.4677734375 0.4850260416666667 0.46826171875 0.4420572916666667 0.47900390625 0.44921875 0.48486328125 0.4485677083333333 0.484375 0.4765625 0.474609375 0.4837239583333333 0.470703125 0.4889322916666667 
