0 0.7818627450980392 0.5098039215686274 0.7775735294117647 0.5098039215686274 0.7772671568627451 0.5070806100217865 0.7815563725490197 0.5065359477124183 0.7818627450980392 0.5098039215686274 
0 0.7950367647058824 0.5103485838779956 0.7843137254901961 0.5098039215686274 0.7837009803921569 0.5070806100217865 0.8268995098039216 0.5070806100217865 0.8268995098039216 0.5098039215686274 0.7950367647058824 0.5103485838779956 
0 0.8449754901960784 0.5098039215686274 0.8342524509803921 0.5098039215686274 0.8333333333333334 0.5076252723311547 0.8489583333333334 0.5076252723311547 0.8489583333333334 0.5092592592592593 0.8449754901960784 0.5098039215686274 
0 0.8645833333333334 0.5092592592592593 0.8526348039215687 0.5092592592592593 0.852328431372549 0.5076252723311547 0.8645833333333334 0.5070806100217865 0.8645833333333334 0.5092592592592593 
0 0.8949142156862745 0.5092592592592593 0.8710171568627451 0.5092592592592593 0.8707107843137255 0.5076252723311547 0.8949142156862745 0.5070806100217865 0.8949142156862745 0.5092592592592593 
0 0.7408088235294118 0.5174291938997821 0.7411151960784313 0.5157952069716776 0.7423406862745098 0.5168845315904139 0.7408088235294118 0.5174291938997821 
0 0.7647058823529411 0.5185185185185185 0.7564338235294118 0.5185185185185185 0.7542892156862745 0.5168845315904139 0.772671568627451 0.5174291938997821 0.7647058823529411 0.5185185185185185 
0 0.7892156862745098 0.5190631808278867 0.7763480392156863 0.5174291938997821 0.7919730392156863 0.5174291938997821 0.7892156862745098 0.5190631808278867 
0 0.8489583333333334 0.5217864923747276 0.8431372549019608 0.5217864923747276 0.8406862745098039 0.5196078431372549 0.8339460784313726 0.5206971677559913 0.8229166666666666 0.5179738562091504 0.8189338235294118 0.5201525054466231 0.8131127450980392 0.5185185185185185 0.8103553921568627 0.5217864923747276 0.8072916666666666 0.5217864923747276 0.8011642156862745 0.5206971677559913 0.7956495098039216 0.5174291938997821 0.8480392156862745 0.5179738562091504 0.8489583333333334 0.5190631808278867 0.8489583333333334 0.5217864923747276 
0 0.8609068627450981 0.5217864923747276 0.852328431372549 0.5217864923747276 0.8520220588235294 0.5201525054466231 0.8526348039215687 0.5185185185185185 0.8651960784313726 0.5190631808278867 0.8648897058823529 0.5212418300653595 0.8609068627450981 0.5217864923747276 
0 0.8970588235294118 0.5239651416122004 0.8725490196078431 0.5212418300653595 0.8716299019607843 0.5196078431372549 0.8982843137254902 0.5190631808278867 0.8970588235294118 0.5239651416122004 
0 0.9405637254901961 0.5239651416122004 0.9301470588235294 0.5223311546840959 0.9258578431372549 0.5239651416122004 0.9181985294117647 0.5223311546840959 0.9074754901960784 0.5228758169934641 0.9031862745098039 0.5196078431372549 0.9469975490196079 0.5206971677559913 0.9405637254901961 0.5239651416122004 
0 0.9724264705882353 0.5261437908496732 0.960171568627451 0.525599128540305 0.9549632352941176 0.5223311546840959 0.9518995098039216 0.5228758169934641 0.9485294117647058 0.5212418300653595 0.975796568627451 0.5223311546840959 0.9724264705882353 0.5261437908496732 
0 0.9840686274509803 0.528322440087146 0.9785539215686274 0.5228758169934641 0.9996936274509803 0.5234204793028322 0.9996936274509803 0.5277777777777778 0.9917279411764706 0.5277777777777778 0.9880514705882353 0.5250544662309368 0.9840686274509803 0.528322440087146 
0 0.018075980392156864 0.5321350762527233 0.0 0.5321350762527233 0.0 0.5277777777777778 0.015931372549019607 0.5277777777777778 0.018075980392156864 0.5299564270152506 0.018075980392156864 0.5321350762527233 
0 0.031862745098039214 0.5321350762527233 0.03155637254901961 0.5310457516339869 0.031862745098039214 0.5321350762527233 
0 0.9996936274509803 0.7592592592592593 0.9993872549019608 0.7565359477124183 0.7150735294117647 0.6301742919389978 0.6507352941176471 0.599128540305011 0.5919117647058824 0.5729847494553377 0.5395220588235294 0.5452069716775599 0.538296568627451 0.5435729847494554 0.538296568627451 0.5381263616557734 0.5395220588235294 0.5370370370370371 0.6130514705882353 0.5708061002178649 0.6274509803921569 0.5746187363834423 0.6317401960784313 0.5800653594771242 0.6700367647058824 0.5947712418300654 0.6724877450980392 0.5974945533769063 0.6783088235294118 0.5974945533769063 0.7147671568627451 0.6132897603485838 0.8851102941176471 0.6753812636165577 0.9996936274509803 0.724400871459695 0.9996936274509803 0.7592592592592593 
1 0.9240196078431373 0.474400871459695 0.9215686274509803 0.474400871459695 0.9224877450980392 0.4733115468409586 0.9221813725490197 0.46895424836601307 0.9197303921568627 0.4662309368191721 0.9166666666666666 0.4662309368191721 0.9114583333333334 0.4613289760348584 0.90625 0.4613289760348584 0.9059436274509803 0.460239651416122 0.913296568627451 0.45806100217864926 0.9246323529411765 0.45806100217864926 0.9246323529411765 0.47276688453159044 0.9240196078431373 0.474400871459695 
1 0.9396446078431373 0.4733115468409586 0.9322916666666666 0.4733115468409586 0.9322916666666666 0.45806100217864926 0.9635416666666666 0.45860566448801743 0.9635416666666666 0.4711328976034858 0.9396446078431373 0.4733115468409586 
1 0.515625 0.47004357298474947 0.5128676470588235 0.47004357298474947 0.5128676470588235 0.46459694989106753 0.5116421568627451 0.4651416122004357 0.5116421568627451 0.47004357298474947 0.4996936274509804 0.4684095860566449 0.4950980392156863 0.46949891067538124 0.4947916666666667 0.46078431372549017 0.49785539215686275 0.460239651416122 0.49816176470588236 0.45860566448801743 0.5003063725490197 0.4591503267973856 0.5009191176470589 0.46187363834422657 0.5137867647058824 0.46078431372549017 0.5134803921568627 0.46405228758169936 0.5150122549019608 0.46568627450980393 0.5137867647058824 0.46568627450980393 0.5134803921568627 0.4684095860566449 0.5153186274509803 0.4684095860566449 0.515625 0.47004357298474947 
1 0.5183823529411765 0.46350762527233114 0.5174632352941176 0.46350762527233114 0.5180759803921569 0.4596949891067538 0.5183823529411765 0.46350762527233114 
1 0.5263480392156863 0.47058823529411764 0.5202205882352942 0.47058823529411764 0.5199142156862745 0.460239651416122 0.5205269607843137 0.46405228758169936 0.5211397058823529 0.460239651416122 0.5223651960784313 0.4596949891067538 0.5254289215686274 0.46459694989106753 0.5263480392156863 0.46677559912854033 0.5263480392156863 0.47058823529411764 
1 0.30330882352941174 0.47167755991285404 0.2775735294117647 0.47004357298474947 0.2769607843137255 0.4651416122004357 0.28125 0.46078431372549017 0.29932598039215685 0.46078431372549017 0.30330882352941174 0.4624183006535948 0.30330882352941174 0.47167755991285404 
1 0.8786764705882353 0.4782135076252723 0.8762254901960784 0.4782135076252723 0.8774509803921569 0.46078431372549017 0.9004289215686274 0.4613289760348584 0.899203431372549 0.4624183006535948 0.897671568627451 0.46949891067538124 0.9013480392156863 0.47004357298474947 0.9013480392156863 0.4760348583877996 0.8786764705882353 0.4782135076252723 
1 0.5974264705882353 0.47167755991285404 0.5955882352941176 0.47167755991285404 0.5958946078431373 0.4613289760348584 0.5968137254901961 0.4624183006535948 0.5974264705882353 0.47167755991285404 
1 0.819546568627451 0.474400871459695 0.7993259803921569 0.474400871459695 0.7987132352941176 0.46187363834422657 0.8045343137254902 0.4613289760348584 0.8048406862745098 0.46459694989106753 0.8057598039215687 0.46459694989106753 0.8060661764705882 0.4613289760348584 0.8275122549019608 0.46187363834422657 0.8272058823529411 0.47058823529411764 0.819546568627451 0.474400871459695 
1 0.8492647058823529 0.4738562091503268 0.8462009803921569 0.4733115468409586 0.8458946078431373 0.4613289760348584 0.8492647058823529 0.46187363834422657 0.8492647058823529 0.4738562091503268 
1 0.8599877450980392 0.4738562091503268 0.8520220588235294 0.4738562091503268 0.8517156862745098 0.46187363834422657 0.859375 0.4613289760348584 0.8599877450980392 0.4738562091503268 
1 0.6531862745098039 0.47276688453159044 0.6504289215686274 0.47276688453159044 0.6504289215686274 0.46187363834422657 0.6528799019607843 0.4624183006535948 0.6531862745098039 0.47276688453159044 
1 0.6571691176470589 0.4733115468409586 0.6556372549019608 0.4733115468409586 0.6556372549019608 0.46187363834422657 0.6571691176470589 0.4673202614379085 0.6571691176470589 0.4733115468409586 
1 0.6727941176470589 0.474400871459695 0.6583946078431373 0.4733115468409586 0.6580882352941176 0.4673202614379085 0.6593137254901961 0.46568627450980393 0.6596200980392157 0.46187363834422657 0.6724877450980392 0.46187363834422657 0.6727941176470589 0.474400871459695 
1 0.6780024509803921 0.474400871459695 0.6737132352941176 0.474400871459695 0.6737132352941176 0.46187363834422657 0.6780024509803921 0.46296296296296297 0.6780024509803921 0.474400871459695 
1 0.7610294117647058 0.46895424836601307 0.7564338235294118 0.46895424836601307 0.7564338235294118 0.4624183006535948 0.7607230392156863 0.46187363834422657 0.7610294117647058 0.46895424836601307 
1 0.7806372549019608 0.474400871459695 0.774203431372549 0.4678649237472767 0.7640931372549019 0.46895424836601307 0.7634803921568627 0.4624183006535948 0.7803308823529411 0.46187363834422657 0.7806372549019608 0.474400871459695 
1 0.7895220588235294 0.474400871459695 0.7827818627450981 0.474400871459695 0.7821691176470589 0.4624183006535948 0.7895220588235294 0.46187363834422657 0.7895220588235294 0.474400871459695 
1 0.6418504901960784 0.4722222222222222 0.6372549019607843 0.4722222222222222 0.6369485294117647 0.46459694989106753 0.6323529411764706 0.46350762527233114 0.6369485294117647 0.4624183006535948 0.6403186274509803 0.46568627450980393 0.6415441176470589 0.46350762527233114 0.6418504901960784 0.4722222222222222 
1 0.694546568627451 0.47549019607843135 0.6911764705882353 0.47549019607843135 0.6896446078431373 0.4624183006535948 0.6942401960784313 0.46296296296296297 0.694546568627451 0.47549019607843135 
1 0.7144607843137255 0.47549019607843135 0.7012867647058824 0.47549019607843135 0.7012867647058824 0.46296296296296297 0.7083333333333334 0.4624183006535948 0.7092524509803921 0.46459694989106753 0.7113970588235294 0.4651416122004357 0.7141544117647058 0.4624183006535948 0.7144607843137255 0.47549019607843135 
1 0.7251838235294118 0.47549019607843135 0.7162990196078431 0.47549019607843135 0.7159926470588235 0.46296296296296297 0.7261029411764706 0.4624183006535948 0.7264093137254902 0.46568627450980393 0.7242647058823529 0.4673202614379085 0.7251838235294118 0.47058823529411764 0.7251838235294118 0.47549019607843135 
1 0.7490808823529411 0.4749455337690632 0.7398897058823529 0.4749455337690632 0.7398897058823529 0.4722222222222222 0.7377450980392157 0.47276688453159044 0.7383578431372549 0.4749455337690632 0.7325367647058824 0.4749455337690632 0.7322303921568627 0.46296296296296297 0.7487745098039216 0.4624183006535948 0.7490808823529411 0.4749455337690632 
1 0.632046568627451 0.4722222222222222 0.6311274509803921 0.4722222222222222 0.6317401960784313 0.46350762527233114 0.632046568627451 0.4722222222222222 
1 0.6078431372549019 0.47167755991285404 0.6035539215686274 0.47167755991285404 0.6032475490196079 0.4651416122004357 0.6069240196078431 0.4678649237472767 0.6078431372549019 0.47167755991285404 
1 0.5186887254901961 0.47058823529411764 0.5177696078431373 0.47004357298474947 0.5180759803921569 0.4651416122004357 0.5186887254901961 0.46568627450980393 0.5186887254901961 0.47058823529411764 
1 0.5533088235294118 0.4711328976034858 0.5404411764705882 0.4711328976034858 0.539828431372549 0.46949891067538124 0.5386029411764706 0.47058823529411764 0.538296568627451 0.4684095860566449 0.5389093137254902 0.4651416122004357 0.5520833333333334 0.46568627450980393 0.5533088235294118 0.4711328976034858 
1 0.2659313725490196 0.4722222222222222 0.2643995098039216 0.4722222222222222 0.26746323529411764 0.46949891067538124 0.27481617647058826 0.4678649237472767 0.27481617647058826 0.47058823529411764 0.2659313725490196 0.4722222222222222 
1 0.25306372549019607 0.4749455337690632 0.2512254901960784 0.4733115468409586 0.25153186274509803 0.4678649237472767 0.2533700980392157 0.46895424836601307 0.2552083333333333 0.4738562091503268 0.25306372549019607 0.4749455337690632 
1 0.9123774509803921 0.47549019607843135 0.9065563725490197 0.47549019607843135 0.90625 0.46949891067538124 0.9105392156862745 0.4684095860566449 0.9105392156862745 0.4749455337690632 0.9123774509803921 0.47549019607843135 
1 0.24417892156862744 0.47766884531590414 0.24325980392156862 0.477124183006536 0.24417892156862744 0.474400871459695 0.24785539215686275 0.46895424836601307 0.24816176470588236 0.4760348583877996 0.24417892156862744 0.47766884531590414 
1 0.5364583333333334 0.4711328976034858 0.5300245098039216 0.4711328976034858 0.5297181372549019 0.47004357298474947 0.5355392156862745 0.46949891067538124 0.5364583333333334 0.4711328976034858 
1 0.6243872549019608 0.4722222222222222 0.6231617647058824 0.4722222222222222 0.6234681372549019 0.47004357298474947 0.6243872549019608 0.47004357298474947 0.6243872549019608 0.4722222222222222 
1 0.7267156862745098 0.4749455337690632 0.7264093137254902 0.46949891067538124 0.7267156862745098 0.4749455337690632 
1 0.22487745098039216 0.48366013071895425 0.22426470588235295 0.4782135076252723 0.22886029411764705 0.4711328976034858 0.23069852941176472 0.4711328976034858 0.234375 0.47549019607843135 0.234375 0.4803921568627451 0.22487745098039216 0.48366013071895425 
1 0.20128676470588236 0.49074074074074076 0.20465686274509803 0.47875816993464054 0.20986519607843138 0.4722222222222222 0.2107843137254902 0.47875816993464054 0.2107843137254902 0.4880174291938998 0.20128676470588236 0.49074074074074076 
1 0.18566176470588236 0.4950980392156863 0.18382352941176472 0.4950980392156863 0.18382352941176472 0.477124183006536 0.19944852941176472 0.474400871459695 0.19975490196078433 0.4891067538126362 0.19914215686274508 0.4912854030501089 0.18566176470588236 0.4950980392156863 
1 0.8897058823529411 0.4923747276688453 0.8777573529411765 0.4923747276688453 0.8774509803921569 0.4880174291938998 0.8943014705882353 0.485838779956427 0.9016544117647058 0.4869281045751634 0.9016544117647058 0.4918300653594771 0.8897058823529411 0.4923747276688453 
1 0.8275122549019608 0.4950980392156863 0.788296568627451 0.4950980392156863 0.7876838235294118 0.4891067538126362 0.7895220588235294 0.48856209150326796 0.789828431372549 0.49074074074074076 0.8014705882352942 0.49019607843137253 0.8014705882352942 0.48856209150326796 0.8275122549019608 0.4874727668845316 0.8275122549019608 0.4950980392156863 
1 0.8468137254901961 0.49455337690631807 0.84375 0.49455337690631807 0.8449754901960784 0.4891067538126362 0.8492647058823529 0.4880174291938998 0.8489583333333334 0.4940087145969499 0.8468137254901961 0.49455337690631807 
1 0.8563112745098039 0.4940087145969499 0.8526348039215687 0.4940087145969499 0.852328431372549 0.48856209150326796 0.8627450980392157 0.4880174291938998 0.8630514705882353 0.48965141612200436 0.8633578431372549 0.4934640522875817 0.8563112745098039 0.4940087145969499 
1 0.75 0.49564270152505446 0.7496936274509803 0.4923747276688453 0.7518382352941176 0.4929193899782135 0.7530637254901961 0.4891067538126362 0.7549019607843137 0.48965141612200436 0.7530637254901961 0.4950980392156863 0.75 0.49564270152505446 
1 0.78125 0.4950980392156863 0.7702205882352942 0.49455337690631807 0.7735906862745098 0.4929193899782135 0.7748161764705882 0.49074074074074076 0.78125 0.49074074074074076 0.78125 0.4950980392156863 
1 0.7864583333333334 0.4950980392156863 0.7837009803921569 0.4950980392156863 0.7830882352941176 0.4918300653594771 0.7858455882352942 0.4929193899782135 0.7864583333333334 0.4950980392156863 
1 0.8373161764705882 0.4950980392156863 0.8348651960784313 0.4950980392156863 0.8373161764705882 0.4950980392156863 
2 0.18872549019607843 0.4662309368191721 0.1878063725490196 0.46459694989106753 0.18382352941176472 0.46405228758169936 0.18351715686274508 0.4624183006535948 0.19240196078431374 0.4624183006535948 0.19148284313725492 0.4651416122004357 0.18872549019607843 0.4662309368191721 
2 0.1957720588235294 0.4662309368191721 0.19362745098039216 0.46568627450980393 0.19424019607843138 0.4624183006535948 0.19761029411764705 0.46187363834422657 0.19852941176470587 0.46568627450980393 0.1957720588235294 0.4662309368191721 
2 0.2778799019607843 0.5 0.2775735294117647 0.47004357298474947 0.3112745098039216 0.47276688453159044 0.31096813725490197 0.4793028322440087 0.3020833333333333 0.4950980392156863 0.2821691176470588 0.49455337690631807 0.2778799019607843 0.5 
2 0.5116421568627451 0.4749455337690632 0.5015318627450981 0.47004357298474947 0.5116421568627451 0.47004357298474947 0.5116421568627451 0.4749455337690632 
2 0.5186887254901961 0.47766884531590414 0.5134803921568627 0.4760348583877996 0.5128676470588235 0.47058823529411764 0.5186887254901961 0.47058823529411764 0.5186887254901961 0.47766884531590414 
2 0.8014705882352942 0.48474945533769065 0.7996323529411765 0.4842047930283224 0.7993259803921569 0.474400871459695 0.819546568627451 0.474400871459695 0.8275122549019608 0.47058823529411764 0.8275122549019608 0.4820261437908497 0.8014705882352942 0.48474945533769065 
2 0.26256127450980393 0.5179738562091504 0.25949754901960786 0.5179738562091504 0.25827205882352944 0.511437908496732 0.2542892156862745 0.5027233115468409 0.25214460784313725 0.49945533769063183 0.2506127450980392 0.5 0.2503063725490196 0.49455337690631807 0.25275735294117646 0.4940087145969499 0.25245098039215685 0.48856209150326796 0.25153186274509803 0.4880174291938998 0.25275735294117646 0.4809368191721133 0.25153186274509803 0.4793028322440087 0.2512254901960784 0.47549019607843135 0.2549019607843137 0.4738562091503268 0.25612745098039214 0.47549019607843135 0.26256127450980393 0.4749455337690632 0.2643995098039216 0.4722222222222222 0.27481617647058826 0.47058823529411764 0.27542892156862747 0.5065359477124183 0.27450980392156865 0.5098039215686274 0.2711397058823529 0.5098039215686274 0.2705269607843137 0.5125272331154684 0.27144607843137253 0.5168845315904139 0.26256127450980393 0.5179738562091504 
2 0.5263480392156863 0.4793028322440087 0.5202205882352942 0.4782135076252723 0.5199142156862745 0.4711328976034858 0.5263480392156863 0.47058823529411764 0.5263480392156863 0.4793028322440087 
2 0.5361519607843137 0.4803921568627451 0.5300245098039216 0.4803921568627451 0.5309436274509803 0.4760348583877996 0.5297181372549019 0.47167755991285404 0.5364583333333334 0.4711328976034858 0.5361519607843137 0.4803921568627451 
2 0.5530024509803921 0.4820261437908497 0.5395220588235294 0.4803921568627451 0.5395220588235294 0.47875816993464054 0.5407475490196079 0.47875816993464054 0.5407475490196079 0.4749455337690632 0.539828431372549 0.474400871459695 0.5404411764705882 0.47167755991285404 0.5533088235294118 0.4711328976034858 0.5530024509803921 0.4820261437908497 
2 0.5986519607843137 0.4869281045751634 0.5949754901960784 0.4863834422657952 0.5958946078431373 0.47167755991285404 0.5974264705882353 0.4722222222222222 0.5986519607843137 0.4869281045751634 
2 0.6087622549019608 0.4880174291938998 0.6035539215686274 0.4874727668845316 0.6035539215686274 0.47167755991285404 0.6078431372549019 0.4722222222222222 0.6087622549019608 0.4880174291938998 
2 0.6243872549019608 0.4891067538126362 0.6228553921568627 0.4891067538126362 0.6234681372549019 0.4722222222222222 0.6243872549019608 0.47276688453159044 0.6243872549019608 0.4891067538126362 
2 0.6351102941176471 0.4891067538126362 0.6314338235294118 0.4891067538126362 0.6314338235294118 0.4722222222222222 0.6351102941176471 0.4733115468409586 0.6351102941176471 0.4891067538126362 
2 0.6421568627450981 0.4891067538126362 0.6363357843137255 0.48856209150326796 0.6363357843137255 0.47276688453159044 0.6418504901960784 0.47276688453159044 0.6421568627450981 0.4891067538126362 
2 0.6537990196078431 0.48856209150326796 0.6525735294117647 0.48856209150326796 0.6525735294117647 0.48366013071895425 0.6504289215686274 0.4831154684095861 0.6507352941176471 0.47276688453159044 0.6531862745098039 0.4733115468409586 0.6537990196078431 0.48856209150326796 
2 0.5386029411764706 0.474400871459695 0.538296568627451 0.4733115468409586 0.5386029411764706 0.474400871459695 
2 0.6574754901960784 0.4880174291938998 0.6559436274509803 0.4880174291938998 0.6559436274509803 0.4733115468409586 0.6574754901960784 0.4738562091503268 0.6574754901960784 0.4880174291938998 
2 0.6617647058823529 0.4880174291938998 0.6583946078431373 0.4880174291938998 0.6590073529411765 0.4809368191721133 0.6580882352941176 0.4782135076252723 0.6583946078431373 0.4733115468409586 0.6727941176470589 0.4749455337690632 0.6727941176470589 0.4809368191721133 0.6712622549019608 0.4803921568627451 0.6651348039215687 0.48474945533769065 0.6645220588235294 0.4831154684095861 0.6636029411764706 0.48366013071895425 0.6617647058823529 0.4880174291938998 
2 0.8492647058823529 0.4831154684095861 0.8462009803921569 0.4831154684095861 0.8465073529411765 0.4733115468409586 0.8492647058823529 0.474400871459695 0.8492647058823529 0.4831154684095861 
2 0.8529411764705882 0.4831154684095861 0.8520220588235294 0.4831154684095861 0.8520220588235294 0.4738562091503268 0.8599877450980392 0.4738562091503268 0.8618259803921569 0.4809368191721133 0.8618259803921569 0.4820261437908497 0.8529411764705882 0.4831154684095861 
2 0.6783088235294118 0.48148148148148145 0.6743259803921569 0.4809368191721133 0.6737132352941176 0.4749455337690632 0.6780024509803921 0.474400871459695 0.6783088235294118 0.48148148148148145 
2 0.7892156862745098 0.48474945533769065 0.7843137254901961 0.48257080610021785 0.7824754901960784 0.4749455337690632 0.7895220588235294 0.474400871459695 0.7892156862745098 0.48474945533769065 
2 0.7264093137254902 0.48257080610021785 0.7261029411764706 0.47549019607843135 0.7270220588235294 0.4749455337690632 0.727328431372549 0.48148148148148145 0.7264093137254902 0.48257080610021785 
2 0.7383578431372549 0.4798474945533769 0.7328431372549019 0.4798474945533769 0.7322303921568627 0.47549019607843135 0.7383578431372549 0.4749455337690632 0.7383578431372549 0.4798474945533769 
2 0.7447916666666666 0.48257080610021785 0.742953431372549 0.4803921568627451 0.7401960784313726 0.4803921568627451 0.7395833333333334 0.47549019607843135 0.7490808823529411 0.47549019607843135 0.7493872549019608 0.4782135076252723 0.7450980392156863 0.4782135076252723 0.7447916666666666 0.48257080610021785 
2 0.6927083333333334 0.4852941176470588 0.6914828431372549 0.4760348583877996 0.694546568627451 0.47549019607843135 0.6954656862745098 0.48257080610021785 0.6927083333333334 0.4852941176470588 
2 0.7144607843137255 0.47875816993464054 0.7126225490196079 0.47875816993464054 0.7123161764705882 0.47657952069716775 0.7107843137254902 0.4760348583877996 0.7104779411764706 0.47875816993464054 0.7012867647058824 0.47875816993464054 0.7009803921568627 0.4760348583877996 0.7144607843137255 0.47549019607843135 0.7144607843137255 0.47875816993464054 
2 0.7184436274509803 0.4891067538126362 0.7156862745098039 0.4852941176470588 0.7159926470588235 0.4760348583877996 0.7251838235294118 0.47549019607843135 0.7251838235294118 0.48366013071895425 0.7227328431372549 0.4842047930283224 0.7218137254901961 0.4874727668845316 0.7184436274509803 0.4891067538126362 
2 0.24846813725490197 0.5 0.23897058823529413 0.5 0.23835784313725492 0.4874727668845316 0.24325980392156862 0.47766884531590414 0.24816176470588236 0.47657952069716775 0.24571078431372548 0.48148148148148145 0.24601715686274508 0.4880174291938998 0.24479166666666666 0.48856209150326796 0.24448529411764705 0.4940087145969499 0.24846813725490197 0.4940087145969499 0.24846813725490197 0.5 
2 0.8832720588235294 0.47766884531590414 0.8817401960784313 0.47766884531590414 0.8832720588235294 0.47766884531590414 
2 0.538296568627451 0.4803921568627451 0.538296568627451 0.47875816993464054 0.538296568627451 0.4803921568627451 
2 0.2270220588235294 0.5108932461873639 0.22518382352941177 0.5098039215686274 0.22457107843137256 0.5076252723311547 0.22457107843137256 0.4842047930283224 0.2346813725490196 0.4803921568627451 0.2349877450980392 0.5010893246187363 0.23253676470588236 0.5010893246187363 0.2270220588235294 0.5108932461873639 
2 0.6124387254901961 0.48856209150326796 0.6106004901960784 0.48856209150326796 0.6112132352941176 0.4803921568627451 0.6124387254901961 0.48856209150326796 
2 0.5563725490196079 0.48257080610021785 0.5551470588235294 0.48257080610021785 0.5563725490196079 0.48257080610021785 
2 0.571078431372549 0.48474945533769065 0.5701593137254902 0.48474945533769065 0.571078431372549 0.48474945533769065 
2 0.18566176470588236 0.5266884531590414 0.18321078431372548 0.5266884531590414 0.18075980392156862 0.5223311546840959 0.1798406862745098 0.5098039215686274 0.17647058823529413 0.5021786492374728 0.17800245098039216 0.49673202614379086 0.18290441176470587 0.49673202614379086 0.18412990196078433 0.4950980392156863 0.19944852941176472 0.49074074074074076 0.19730392156862744 0.5010893246187363 0.1957720588235294 0.5190631808278867 0.19730392156862744 0.5217864923747276 0.20036764705882354 0.5005446623093682 0.20067401960784315 0.4912854030501089 0.2110906862745098 0.4880174291938998 0.2107843137254902 0.5076252723311547 0.20955882352941177 0.5228758169934641 0.2034313725490196 0.5250544662309368 0.18566176470588236 0.5266884531590414 
2 0.21537990196078433 0.5223311546840959 0.21231617647058823 0.5223311546840959 0.21200980392156862 0.5212418300653595 0.21323529411764705 0.4950980392156863 0.21660539215686275 0.4923747276688453 0.21721813725490197 0.5217864923747276 0.21537990196078433 0.5223311546840959 
3 0.0 0.6895424836601307 0.0 0.5441176470588235 0.03829656862745098 0.539760348583878 0.0389093137254902 0.5381263616557734 0.037377450980392156 0.5337690631808278 0.0389093137254902 0.5179738562091504 0.061887254901960786 0.5228758169934641 0.0744485294117647 0.5299564270152506 0.07536764705882353 0.5354030501089324 0.08363970588235294 0.5354030501089324 0.12867647058823528 0.5326797385620915 0.2034313725490196 0.5250544662309368 0.20496323529411764 0.5234204793028322 0.2264093137254902 0.5201525054466231 0.2931985294117647 0.5157952069716776 0.27267156862745096 0.5664488017429193 0.1482843137254902 0.6214596949891068 0.03278186274509804 0.6693899782135077 0.0 0.6895424836601307 
