0 0.5084226646248086 0.7370355247039608 0.4998468606431853 0.735810534912209 0.5004594180704441 0.7239689669252756 0.5053598774885145 0.7166190281747652 0.5151607963246554 0.7166190281747652 0.5225114854517611 0.7182523478971009 0.5323124042879019 0.7096774193548387 0.5497702909647779 0.689669252756227 0.5614088820826952 0.6741527153940384 0.5687595712098009 0.6565945283789302 0.5791730474732006 0.6472029399755002 0.5862174578866769 0.6427113107390772 0.5990811638591118 0.6304614128215599 0.5978560490045942 0.6337280522662311 0.5709035222052068 0.6602694977541854 0.5660030627871363 0.6737443854634545 0.5522205206738132 0.699060841159657 0.5234303215926494 0.7345855451204574 0.5084226646248086 0.7370355247039608 
0 0.7877488514548239 0.661902817476521 0.7237366003062787 0.6553695385871784 0.7044410413476263 0.6484279297672519 0.669218989280245 0.6382196815026542 0.6618683001531394 0.6349530420579829 0.6633996937212864 0.6312780726827276 0.6695252679938745 0.6349530420579829 0.7289433384379785 0.6504695794201715 0.8079632465543645 0.6565945283789302 0.8091883614088821 0.6602694977541854 0.7877488514548239 0.661902817476521 
0 0.8961715160796324 0.657819518170682 0.8918836140888208 0.6570028583095141 0.8921898928024502 0.6521028991425072 0.8958652373660031 0.652511229073091 0.8961715160796324 0.657819518170682 
0 0.9690658499234304 0.6631278072682728 0.9396630934150076 0.6631278072682728 0.9075038284839204 0.6602694977541854 0.8998468606431853 0.6586361780318497 0.8992343032159265 0.652511229073091 0.9151607963246554 0.6537362188648428 0.9157733537519143 0.6553695385871784 0.9350689127105666 0.6553695385871784 0.9776416539050536 0.6586361780318497 0.9770290964777948 0.662311147407105 0.9690658499234304 0.6631278072682728 
0 0.30781010719754975 0.680685994283381 0.28300153139356815 0.680685994283381 0.2784073506891271 0.6790526745610453 0.2781010719754977 0.675786035116374 0.2805513016845329 0.6741527153940384 0.33751914241960185 0.6676194365046958 0.3669218989280245 0.666394446712944 0.39663093415007655 0.6590445079624336 0.39663093415007655 0.6668027766435279 0.38591117917304746 0.6696610861576153 0.36232771822358345 0.6733360555328706 0.35773353751914244 0.6725193956717027 0.355895865237366 0.6741527153940384 0.30781010719754975 0.680685994283381 
0 0.23369065849923432 0.6725193956717027 0.22940275650842268 0.6725193956717027 0.22848392036753445 0.6684360963658637 0.2327718223583461 0.6659861167823602 0.2545176110260337 0.6647611269906084 0.27228177641653906 0.6614944875459371 0.2879019908116386 0.661902817476521 0.2771822358346095 0.666394446712944 0.27013782542113324 0.6680277664352797 0.23369065849923432 0.6725193956717027 
0 0.9996937212863706 0.7578603511637403 0.9467075038284839 0.7337688852592895 0.8799387442572741 0.708044099632503 0.8542113323124043 0.6966108615761535 0.8459418070444105 0.6917109024091466 0.8444104134762634 0.6868109432421396 0.8483920367534457 0.6819109840751327 0.8542113323124043 0.6786443446304614 0.8578866768759571 0.680685994283381 0.8578866768759571 0.6855859534503879 0.8683001531393568 0.690077582686811 0.9479326186830015 0.7117190690077583 0.9996937212863706 0.7292772560228665 0.9996937212863706 0.7578603511637403 
0 0.0 0.6966108615761535 0.0 0.6843609636586362 0.011944869831546707 0.6847692935892201 0.005513016845329249 0.6884442629644753 0.004594180704441042 0.6953858717844018 0.0 0.6966108615761535 
0 0.4903522205206738 0.7088607594936709 0.4863705972434916 0.7088607594936709 0.4879019908116386 0.7068191098407514 0.48606431852986215 0.6953858717844018 0.5234303215926494 0.6953858717844018 0.5222052067381318 0.6986525112290731 0.5130168453292496 0.7076357697019191 0.4903522205206738 0.7088607594936709 
0 0.4569678407350689 0.708044099632503 0.43981623277182236 0.708044099632503 0.43920367534456356 0.7072274397713353 0.4419601837672282 0.6962025316455697 0.45788667687595713 0.6962025316455697 0.4569678407350689 0.708044099632503 
0 0.41745788667687594 0.7088607594936709 0.4159264931087289 0.708452429563087 0.41684532924961715 0.7072274397713353 0.41745788667687594 0.7088607594936709 
0 0.41684532924961715 0.735810534912209 0.4159264931087289 0.71294405879951 0.41898928024502297 0.7121273989383422 0.42633996937212865 0.7296855859534503 0.41684532924961715 0.735810534912209 
0 0.396937212863706 0.7484687627603104 0.3586523736600306 0.7484687627603104 0.40428790199081166 0.7198856676194365 0.40459418070444103 0.7435688035933034 0.396937212863706 0.7484687627603104 
0 0.9739663093415007 0.740710494079216 0.9751914241960183 0.7370355247039608 0.9632465543644717 0.7292772560228665 0.951301684532925 0.7260106165781952 0.9451761102603369 0.7280522662311147 0.9534456355283307 0.736218864842793 0.9644716692189893 0.740710494079216 0.9739663093415007 0.740710494079216 
0 0.3127105666156202 0.9995916700694161 0.19969372128637058 0.9995916700694161 0.27350689127105665 0.9436504695794202 0.374885145482389 0.8485095957533687 0.4171516079632466 0.8048182931808902 0.48024502297090355 0.7484687627603104 0.49157733537519144 0.7480604328297265 0.4973966309341501 0.7513270722743978 0.5010719754977029 0.7717435688035933 0.4980091883614089 0.7766435279706002 0.46278713629402757 0.8154348713760718 0.3883614088820827 0.9105757452021234 0.3127105666156202 0.9995916700694161 
3 0.6027565084226646 0.6255614536545528 0.6018376722817764 0.6255614536545528 0.6018376722817764 0.6182115149040425 0.6036753445635529 0.6178031849734585 0.6039816232771822 0.6218864842792977 0.6027565084226646 0.6222948142098815 0.6027565084226646 0.6255614536545528 
3 0.6113323124042879 0.6267864434463046 0.604594180704441 0.6259697835851368 0.6055130168453292 0.6178031849734585 0.618989280245023 0.6178031849734585 0.6214395099540582 0.6243364638628012 0.6208269525267994 0.6251531237239689 0.6196018376722818 0.6235198040016333 0.6183767228177641 0.6255614536545528 0.6171516079632465 0.6235198040016333 0.6165390505359878 0.6255614536545528 0.6113323124042879 0.6267864434463046 
