0 0.864423076923077 0.6432692307692308 0.8586538461538461 0.6410256410256411 0.8579326923076923 0.6394230769230769 0.8649038461538462 0.6419871794871795 0.864423076923077 0.6432692307692308 
0 0.925 0.6608974358974359 0.9192307692307692 0.6580128205128205 0.89375 0.6509615384615385 0.8920673076923077 0.65 0.8918269230769231 0.6477564102564103 0.8826923076923077 0.6490384615384616 0.8740384615384615 0.6471153846153846 0.8740384615384615 0.6451923076923077 0.8925480769230769 0.6448717948717949 0.9009615384615385 0.6490384615384616 0.9288461538461539 0.657051282051282 0.925 0.6608974358974359 
0 0.6966346153846154 0.6814102564102564 0.6956730769230769 0.6801282051282052 0.6959134615384616 0.6766025641025641 0.7747596153846154 0.6612179487179487 0.7752403846153846 0.6586538461538461 0.7788461538461539 0.6576923076923077 0.7807692307692308 0.6605769230769231 0.7769230769230769 0.6618589743589743 0.7766826923076923 0.6641025641025641 0.7509615384615385 0.6708333333333333 0.6966346153846154 0.6814102564102564 
0 0.1641826923076923 0.8141025641025641 0.14735576923076923 0.8134615384615385 0.14375 0.8060897435897436 0.14759615384615385 0.7929487179487179 0.171875 0.7929487179487179 0.19014423076923076 0.791025641025641 0.24807692307692308 0.7746794871794872 0.30096153846153845 0.764102564102564 0.3699519230769231 0.7451923076923077 0.47259615384615383 0.7227564102564102 0.520673076923077 0.7134615384615385 0.5769230769230769 0.7006410256410256 0.6211538461538462 0.6942307692307692 0.6286057692307693 0.6919871794871795 0.6384615384615384 0.6935897435897436 0.6389423076923076 0.6951923076923077 0.45384615384615384 0.7378205128205129 0.4009615384615385 0.7541666666666667 0.3420673076923077 0.7676282051282052 0.28942307692307695 0.7862179487179487 0.2170673076923077 0.8073717948717949 0.18557692307692308 0.8134615384615385 0.1641826923076923 0.8141025641025641 
1 0.25817307692307695 0.7342948717948717 0.2564903846153846 0.7342948717948717 0.2567307692307692 0.7246794871794872 0.2620192307692308 0.7237179487179487 0.26177884615384617 0.7336538461538461 0.25817307692307695 0.7342948717948717 
1 0.2456730769230769 0.7365384615384616 0.24591346153846153 0.7259615384615384 0.2550480769230769 0.725 0.2545673076923077 0.7349358974358975 0.2456730769230769 0.7365384615384616 
1 0.007211538461538462 0.7689102564102565 0.0 0.7673076923076924 0.0 0.7580128205128205 0.0125 0.7576923076923077 0.012259615384615384 0.7676282051282052 0.007211538461538462 0.7689102564102565 
2 0.9367788461538461 0.6477564102564103 0.9283653846153846 0.6467948717948718 0.928125 0.6461538461538462 0.9293269230769231 0.6461538461538462 0.9290865384615384 0.6416666666666667 0.934375 0.6384615384615384 0.9418269230769231 0.6378205128205128 0.9367788461538461 0.6477564102564103 
2 0.9276442307692307 0.646474358974359 0.9257211538461538 0.646474358974359 0.9257211538461538 0.6413461538461539 0.926923076923077 0.6416666666666667 0.9276442307692307 0.646474358974359 
2 0.9242788461538461 0.6461538461538462 0.9233173076923077 0.6461538461538462 0.9240384615384616 0.6442307692307693 0.9242788461538461 0.6461538461538462 
2 0.7798076923076923 0.6548076923076923 0.7788461538461539 0.6541666666666667 0.7790865384615384 0.6512820512820513 0.7901442307692308 0.6503205128205128 0.7896634615384616 0.6528846153846154 0.7798076923076923 0.6548076923076923 
2 0.7399038461538462 0.6676282051282051 0.7396634615384615 0.6596153846153846 0.7490384615384615 0.6608974358974359 0.7519230769230769 0.6621794871794872 0.7711538461538462 0.6586538461538461 0.7711538461538462 0.6618589743589743 0.7497596153846153 0.6666666666666666 0.7399038461538462 0.6676282051282051 
2 0.5735576923076923 0.6964743589743589 0.571875 0.6961538461538461 0.5706730769230769 0.6772435897435898 0.5709134615384616 0.6756410256410257 0.5723557692307693 0.6753205128205129 0.5959134615384616 0.6721153846153847 0.6278846153846154 0.6701923076923076 0.6564903846153847 0.6647435897435897 0.6978365384615385 0.6618589743589743 0.6992788461538462 0.6657051282051282 0.7004807692307692 0.6717948717948717 0.7 0.6730769230769231 0.5735576923076923 0.6964743589743589 
2 0.5665865384615385 0.6977564102564102 0.5653846153846154 0.6977564102564102 0.5651442307692308 0.6932692307692307 0.5632211538461539 0.6871794871794872 0.5596153846153846 0.6842948717948718 0.5555288461538461 0.6836538461538462 0.5552884615384616 0.6817307692307693 0.5528846153846154 0.6782051282051282 0.5682692307692307 0.6762820512820513 0.5697115384615384 0.6971153846153846 0.5665865384615385 0.6977564102564102 
2 0.9997596153846153 0.8064102564102564 0.9918269230769231 0.8028846153846154 0.9860576923076924 0.798397435897436 0.9759615384615384 0.7894230769230769 0.9591346153846154 0.7721153846153846 0.9497596153846154 0.7673076923076924 0.9382211538461539 0.7631410256410256 0.9310096153846154 0.7637820512820512 0.9108173076923077 0.7576923076923077 0.8966346153846154 0.7458333333333333 0.8901442307692308 0.728525641025641 0.8841346153846154 0.7240384615384615 0.8764423076923077 0.7224358974358974 0.8742788461538461 0.7189102564102564 0.8725961538461539 0.7099358974358975 0.8725961538461539 0.7041666666666667 0.8747596153846153 0.6955128205128205 0.8740384615384615 0.694551282051282 0.8771634615384616 0.6791666666666667 0.8810096153846154 0.6762820512820513 0.8829326923076923 0.6974358974358974 0.8838942307692308 0.7012820512820512 0.8870192307692307 0.7032051282051283 0.9314903846153846 0.7317307692307692 0.9997596153846153 0.7586538461538461 0.9997596153846153 0.8064102564102564 
2 0.520673076923077 0.6926282051282051 0.49399038461538464 0.6875 0.5216346153846154 0.6823717948717949 0.5213942307692307 0.6836538461538462 0.5201923076923077 0.683974358974359 0.520673076923077 0.6871794871794872 0.521875 0.6878205128205128 0.520673076923077 0.6926282051282051 
2 0.30408653846153844 0.7185897435897436 0.303125 0.7185897435897436 0.303125 0.7163461538461539 0.30504807692307695 0.716025641025641 0.3057692307692308 0.7108974358974359 0.3228365384615385 0.7086538461538462 0.3072115384615385 0.7182692307692308 0.30408653846153844 0.7185897435897436 
2 0.27884615384615385 0.7310897435897435 0.27692307692307694 0.7310897435897435 0.2778846153846154 0.7205128205128205 0.28918269230769234 0.7173076923076923 0.30120192307692306 0.7166666666666667 0.30120192307692306 0.7185897435897436 0.2980769230769231 0.7189102564102564 0.29783653846153846 0.7266025641025641 0.2966346153846154 0.7278846153846154 0.2915865384615385 0.7294871794871794 0.27884615384615385 0.7310897435897435 
