0 0.5940563725490197 0.5453431372549019 0.5925245098039216 0.5453431372549019 0.5919117647058824 0.5433006535947712 0.6026348039215687 0.5420751633986928 0.602328431372549 0.5437091503267973 0.5940563725490197 0.5453431372549019 
0 0.6038602941176471 0.5433006535947712 0.6029411764705882 0.5433006535947712 0.6038602941176471 0.5420751633986928 0.6038602941176471 0.5433006535947712 
0 0.5677083333333334 0.5498366013071896 0.5661764705882353 0.5469771241830066 0.5885416666666666 0.5441176470588235 0.5879289215686274 0.5461601307189542 0.5759803921568627 0.5473856209150327 0.5677083333333334 0.5498366013071896 
0 0.4834558823529412 0.5616830065359477 0.46568627450980393 0.5616830065359477 0.4653799019607843 0.5604575163398693 0.47824754901960786 0.5588235294117647 0.4840686274509804 0.5600490196078431 0.4834558823529412 0.5616830065359477 
0 0.23651960784313725 0.6017156862745098 0.18229166666666666 0.6017156862745098 0.16697303921568626 0.5984477124183006 0.14399509803921567 0.5886437908496732 0.11213235294117647 0.5808823529411765 0.08118872549019608 0.5759803921568627 0.0 0.5702614379084967 0.0 0.5637254901960784 0.10049019607843138 0.571078431372549 0.14920343137254902 0.5808823529411765 0.17463235294117646 0.5919117647058824 0.23590686274509803 0.5919117647058824 0.23651960784313725 0.6017156862745098 
1 0.32996323529411764 0.545751633986928 0.3244485294117647 0.545751633986928 0.3232230392156863 0.5396241830065359 0.3174019607843137 0.5396241830065359 0.3170955882352941 0.5408496732026143 0.3115808823529412 0.5334967320261438 0.29840686274509803 0.5318627450980392 0.296875 0.5306372549019608 0.3324142156862745 0.5290032679738562 0.3324142156862745 0.5396241830065359 0.3290441176470588 0.5400326797385621 0.32996323529411764 0.545751633986928 
1 0.36580882352941174 0.5441176470588235 0.3648897058823529 0.5412581699346405 0.36151960784313725 0.5400326797385621 0.3599877450980392 0.5355392156862745 0.35661764705882354 0.5318627450980392 0.3434436274509804 0.5318627450980392 0.33762254901960786 0.5334967320261438 0.33670343137254904 0.5351307189542484 0.33639705882352944 0.5294117647058824 0.37285539215686275 0.5306372549019608 0.375 0.5310457516339869 0.3762254901960784 0.5330882352941176 0.37193627450980393 0.5334967320261438 0.36825980392156865 0.5363562091503268 0.36580882352941174 0.5441176470588235 
1 0.4105392156862745 0.5428921568627451 0.40625 0.5428921568627451 0.4016544117647059 0.5334967320261438 0.38265931372549017 0.5318627450980392 0.37806372549019607 0.5326797385620915 0.37775735294117646 0.5314542483660131 0.4010416666666667 0.5318627450980392 0.4169730392156863 0.5302287581699346 0.4166666666666667 0.5424836601307189 0.4105392156862745 0.5428921568627451 
1 0.4224877450980392 0.5420751633986928 0.41942401960784315 0.5420751633986928 0.42003676470588236 0.5302287581699346 0.4650735294117647 0.5306372549019608 0.4650735294117647 0.5408496732026143 0.4224877450980392 0.5420751633986928 
1 0.19607843137254902 0.5543300653594772 0.19301470588235295 0.5543300653594772 0.19270833333333334 0.5531045751633987 0.19454656862745098 0.5514705882352942 0.1954656862745098 0.5526960784313726 0.1954656862745098 0.5330882352941176 0.19638480392156862 0.5306372549019608 0.19607843137254902 0.5543300653594772 
1 0.20036764705882354 0.5449346405228758 0.19944852941176472 0.5306372549019608 0.20496323529411764 0.5306372549019608 0.20710784313725492 0.5322712418300654 0.22947303921568626 0.5322712418300654 0.22947303921568626 0.5379901960784313 0.22150735294117646 0.5363562091503268 0.20955882352941177 0.5363562091503268 0.20036764705882354 0.5449346405228758 
1 0.47028186274509803 0.5408496732026143 0.4690563725490196 0.5408496732026143 0.4693627450980392 0.5306372549019608 0.47549019607843135 0.5306372549019608 0.47855392156862747 0.5339052287581699 0.4797794117647059 0.5339052287581699 0.4794730392156863 0.5404411764705882 0.47028186274509803 0.5408496732026143 
1 0.48284313725490197 0.5404411764705882 0.48192401960784315 0.5404411764705882 0.48223039215686275 0.5339052287581699 0.4834558823529412 0.5310457516339869 0.5 0.5322712418300654 0.4947916666666667 0.5371732026143791 0.48682598039215685 0.5379901960784313 0.48284313725490197 0.5404411764705882 
1 0.24417892156862744 0.5486111111111112 0.24387254901960784 0.5449346405228758 0.2426470588235294 0.5433006535947712 0.2426470588235294 0.5383986928104575 0.24142156862745098 0.5351307189542484 0.23897058823529413 0.5367647058823529 0.23805147058823528 0.5420751633986928 0.2346813725490196 0.5441176470588235 0.23529411764705882 0.5318627450980392 0.24724264705882354 0.5322712418300654 0.24724264705882354 0.5437091503267973 0.24417892156862744 0.5486111111111112 
1 0.25 0.5396241830065359 0.2503063725490196 0.5318627450980392 0.25704656862745096 0.5322712418300654 0.25245098039215685 0.5359477124183006 0.25 0.5396241830065359 
1 0.19852941176470587 0.5543300653594772 0.19638480392156862 0.5543300653594772 0.19852941176470587 0.5531045751633987 0.19852941176470587 0.5543300653594772 
2 0.9996936274509803 0.5837418300653595 0.8670343137254902 0.5727124183006536 0.6917892156862745 0.5600490196078431 0.6412377450980392 0.5592320261437909 0.6047794117647058 0.5559640522875817 0.6038602941176471 0.5555555555555556 0.6038602941176471 0.5416666666666666 0.6121323529411765 0.5412581699346405 0.6121323529411765 0.5543300653594772 0.6158088235294118 0.5559640522875817 0.6158088235294118 0.5416666666666666 0.6216299019607843 0.5412581699346405 0.6219362745098039 0.5285947712418301 0.8079044117647058 0.5175653594771242 0.8088235294117647 0.5179738562091504 0.8091299019607843 0.5212418300653595 0.8137254901960784 0.5212418300653595 0.821078431372549 0.5179738562091504 0.821078431372549 0.5159313725490197 0.8308823529411765 0.514297385620915 0.9310661764705882 0.5102124183006536 0.9313725490196079 0.5490196078431373 0.9638480392156863 0.548202614379085 0.9641544117647058 0.5494281045751634 0.9993872549019608 0.5506535947712419 0.9996936274509803 0.5837418300653595 
2 0.4537377450980392 0.5620915032679739 0.42800245098039214 0.5620915032679739 0.42769607843137253 0.5543300653594772 0.421875 0.5461601307189542 0.4169730392156863 0.5428921568627451 0.4105392156862745 0.5428921568627451 0.42861519607843135 0.5412581699346405 0.45925245098039214 0.5412581699346405 0.45557598039215685 0.5449346405228758 0.4534313725490196 0.5555555555555556 0.45465686274509803 0.5616830065359477 0.4537377450980392 0.5620915032679739 
2 0.4794730392156863 0.5547385620915033 0.4733455882352941 0.5441176470588235 0.47058823529411764 0.5412581699346405 0.4794730392156863 0.5416666666666666 0.4794730392156863 0.5547385620915033 
2 0.4800857843137255 0.5543300653594772 0.48253676470588236 0.5412581699346405 0.48131127450980393 0.5531045751633987 0.4800857843137255 0.5543300653594772 
3 0.5885416666666666 0.5416666666666666 0.5640318627450981 0.5416666666666666 0.5615808823529411 0.5363562091503268 0.555453431372549 0.5318627450980392 0.5566789215686274 0.5302287581699346 0.5885416666666666 0.5302287581699346 0.5885416666666666 0.5416666666666666 
3 0.6026348039215687 0.5416666666666666 0.5922181372549019 0.5416666666666666 0.5919117647058824 0.5306372549019608 0.6026348039215687 0.5302287581699346 0.6026348039215687 0.5416666666666666 
3 0.6056985294117647 0.5363562091503268 0.6053921568627451 0.5306372549019608 0.6072303921568627 0.5302287581699346 0.6056985294117647 0.5363562091503268 
3 0.09558823529411764 0.5522875816993464 0.08639705882352941 0.5514705882352942 0.08639705882352941 0.5396241830065359 0.08486519607843138 0.5306372549019608 0.10386029411764706 0.5322712418300654 0.10386029411764706 0.5420751633986928 0.09712009803921569 0.5473856209150327 0.09558823529411764 0.5522875816993464 
3 0.11458333333333333 0.5351307189542484 0.11366421568627451 0.5351307189542484 0.11458333333333333 0.5322712418300654 0.12193627450980392 0.5322712418300654 0.11458333333333333 0.5351307189542484 
3 0.1090686274509804 0.5379901960784313 0.10876225490196079 0.5339052287581699 0.1096813725490196 0.5334967320261438 0.1096813725490196 0.5375816993464052 0.1090686274509804 0.5379901960784313 
3 0.9996936274509803 0.693218954248366 0.9096200980392157 0.6646241830065359 0.5909926470588235 0.5829248366013072 0.5756740196078431 0.5772058823529411 0.5744485294117647 0.5669934640522876 0.5689338235294118 0.5543300653594772 0.5863970588235294 0.553921568627451 0.6412377450980392 0.5592320261437909 0.6917892156862745 0.5600490196078431 0.8670343137254902 0.5727124183006536 0.9996936274509803 0.5837418300653595 0.9996936274509803 0.693218954248366 
