0 0.9996936274509803 0.6662581699346405 0.8909313725490197 0.6617647058823529 0.8256740196078431 0.6552287581699346 0.7953431372549019 0.6499183006535948 0.7806372549019608 0.6458333333333334 0.7778799019607843 0.6425653594771242 0.7806372549019608 0.6409313725490197 0.7846200980392157 0.6441993464052288 0.8094362745098039 0.6507352941176471 0.8354779411764706 0.6540032679738562 0.914828431372549 0.6601307189542484 0.9996936274509803 0.6646241830065359 0.9996936274509803 0.6662581699346405 
1 0.9996936274509803 0.6258169934640523 0.9476102941176471 0.6258169934640523 0.9181985294117647 0.6241830065359477 0.8722426470588235 0.6258169934640523 0.8707107843137255 0.6090686274509803 0.8648897058823529 0.6090686274509803 0.8596813725490197 0.6111111111111112 0.8584558823529411 0.6254084967320261 0.8618259803921569 0.6258169934640523 0.8259803921568627 0.6258169934640523 0.8253676470588235 0.6111111111111112 0.828125 0.6090686274509803 0.8682598039215687 0.6062091503267973 0.8903186274509803 0.6049836601307189 0.8964460784313726 0.6049836601307189 0.8967524509803921 0.6062091503267973 0.899203431372549 0.6062091503267973 0.8995098039215687 0.6045751633986928 0.9047181372549019 0.6041666666666666 0.9996936274509803 0.5988562091503268 0.9996936274509803 0.6258169934640523 
2 0.9996936274509803 0.6478758169934641 0.9114583333333334 0.6425653594771242 0.8691789215686274 0.6413398692810458 0.8278186274509803 0.6380718954248366 0.8250612745098039 0.6327614379084967 0.8250612745098039 0.6262254901960784 0.8651960784313726 0.6258169934640523 0.8719362745098039 0.6270424836601307 0.8722426470588235 0.6258169934640523 0.9181985294117647 0.6241830065359477 0.9476102941176471 0.6258169934640523 0.9996936274509803 0.6258169934640523 0.9996936274509803 0.6478758169934641 
4 0.3943014705882353 0.6237745098039216 0.39215686274509803 0.6237745098039216 0.3857230392156863 0.6172385620915033 0.3707107843137255 0.6066176470588235 0.3633578431372549 0.5996732026143791 0.35171568627450983 0.5964052287581699 0.30637254901960786 0.5906862745098039 0.3137254901960784 0.5886437908496732 0.35171568627450983 0.5919117647058824 0.36825980392156865 0.5964052287581699 0.3710171568627451 0.6000816993464052 0.38786764705882354 0.6115196078431373 0.38878676470588236 0.6151960784313726 0.3893995098039216 0.6127450980392157 0.39307598039215685 0.6156045751633987 0.3943014705882353 0.6176470588235294 0.3943014705882353 0.6237745098039216 
4 0.3244485294117647 0.6188725490196079 0.32107843137254904 0.6176470588235294 0.3137254901960784 0.6176470588235294 0.3088235294117647 0.6160130718954249 0.3174019607843137 0.610702614379085 0.3290441176470588 0.6058006535947712 0.3324142156862745 0.6017156862745098 0.3327205882352941 0.5980392156862745 0.33639705882352944 0.6049836601307189 0.33547794117647056 0.608251633986928 0.33118872549019607 0.6127450980392157 0.32567401960784315 0.6156045751633987 0.32536764705882354 0.6184640522875817 0.3244485294117647 0.6188725490196079 
4 0.17861519607843138 0.6617647058823529 0.17034313725490197 0.6617647058823529 0.1639093137254902 0.6601307189542484 0.13388480392156862 0.6601307189542484 0.12408088235294118 0.6564542483660131 0.11121323529411764 0.6552287581699346 0.10263480392156862 0.6507352941176471 0.10355392156862746 0.6413398692810458 0.10416666666666667 0.639297385620915 0.11764705882352941 0.639297385620915 0.14552696078431374 0.6360294117647058 0.15042892156862744 0.6376633986928104 0.15287990196078433 0.6413398692810458 0.16789215686274508 0.6503267973856209 0.16942401960784315 0.6486928104575164 0.17861519607843138 0.6486928104575164 0.17861519607843138 0.6617647058823529 
3 0.19056372549019607 0.6331699346405228 0.1795343137254902 0.6315359477124183 0.17861519607843138 0.6299019607843137 0.18504901960784315 0.6290849673202614 0.18596813725490197 0.6303104575163399 0.18658088235294118 0.6286764705882353 0.19056372549019607 0.6282679738562091 0.19056372549019607 0.6331699346405228 
3 0.16574754901960784 0.633578431372549 0.16482843137254902 0.6315359477124183 0.17616421568627452 0.6303104575163399 0.17432598039215685 0.6323529411764706 0.17401960784313725 0.6311274509803921 0.16942401960784315 0.6311274509803921 0.16881127450980393 0.6331699346405228 0.16574754901960784 0.633578431372549 
3 0.12837009803921567 0.6380718954248366 0.1253063725490196 0.6380718954248366 0.13020833333333334 0.636437908496732 0.13051470588235295 0.6327614379084967 0.15778186274509803 0.6315359477124183 0.15900735294117646 0.6331699346405228 0.15870098039215685 0.6343954248366013 0.12837009803921567 0.6380718954248366 
3 0.07169117647058823 0.6413398692810458 0.06862745098039216 0.6413398692810458 0.06893382352941177 0.6343954248366013 0.1246936274509804 0.6331699346405228 0.12285539215686274 0.636437908496732 0.125 0.6380718954248366 0.10386029411764706 0.6401143790849673 0.07169117647058823 0.6413398692810458 
3 0.013786764705882353 0.6429738562091504 0.012867647058823529 0.6429738562091504 0.012867647058823529 0.6401143790849673 0.014093137254901961 0.6356209150326797 0.03400735294117647 0.6348039215686274 0.032475490196078434 0.6372549019607843 0.03216911764705882 0.6421568627450981 0.013786764705882353 0.6429738562091504 
3 0.051470588235294115 0.6376633986928104 0.04840686274509804 0.6348039215686274 0.052083333333333336 0.6343954248366013 0.051470588235294115 0.6376633986928104 
