0 0.5466269841269841 0.7671957671957672 0.5317460317460317 0.765542328042328 0.48115079365079366 0.7566137566137566 0.4523809523809524 0.753968253968254 0.5419146825396826 0.7628968253968254 0.5461309523809523 0.763558201058201 0.5466269841269841 0.7671957671957672 
0 0.4506448412698413 0.753968253968254 0.4494047619047619 0.753968253968254 0.4506448412698413 0.753968253968254 
0 0.1515376984126984 0.7728174603174603 0.1515376984126984 0.7658730158730159 0.17063492063492064 0.7582671957671958 0.18526785714285715 0.7556216931216931 0.1847718253968254 0.7605820105820106 0.17857142857142858 0.7628968253968254 0.1783234126984127 0.7615740740740741 0.1746031746031746 0.7599206349206349 0.1746031746031746 0.7642195767195767 0.17410714285714285 0.7645502645502645 0.17137896825396826 0.765542328042328 0.16939484126984128 0.7648809523809523 0.16865079365079366 0.7665343915343915 0.1515376984126984 0.7728174603174603 
0 0.14434523809523808 0.7754629629629629 0.10739087301587301 0.7754629629629629 0.10714285714285714 0.7748015873015873 0.1076388888888889 0.7721560846560847 0.14037698412698413 0.7705026455026455 0.1498015873015873 0.7665343915343915 0.14955357142857142 0.7734788359788359 0.14434523809523808 0.7754629629629629 
0 0.10367063492063493 0.7754629629629629 0.09945436507936507 0.7754629629629629 0.0992063492063492 0.7728174603174603 0.1039186507936508 0.7721560846560847 0.10367063492063493 0.7754629629629629 
0 0.08655753968253968 0.7754629629629629 0.07787698412698413 0.7754629629629629 0.08655753968253968 0.7731481481481481 0.08655753968253968 0.7754629629629629 
0 0.8174603174603174 0.8039021164021164 0.7514880952380952 0.7972883597883598 0.7113095238095238 0.7900132275132276 0.7105654761904762 0.7870370370370371 0.7385912698412699 0.7900132275132276 0.7576884920634921 0.7936507936507936 0.8167162698412699 0.8002645502645502 0.8174603174603174 0.8039021164021164 
0 0.02628968253968254 0.9996693121693122 0.0 0.9996693121693122 0.0 0.9609788359788359 0.09623015873015874 0.8759920634920635 0.15848214285714285 0.8263888888888888 0.19469246031746032 0.7900132275132276 0.20833333333333334 0.7919973544973545 0.20634920634920634 0.7982804232804233 0.12028769841269842 0.8968253968253969 0.047371031746031744 0.9788359788359788 0.02628968253968254 0.9996693121693122 
0 0.8447420634920635 0.8065476190476191 0.8333333333333334 0.8052248677248677 0.8348214285714286 0.8029100529100529 0.8390376984126984 0.8022486772486772 0.8390376984126984 0.8002645502645502 0.8430059523809523 0.8002645502645502 0.8447420634920635 0.8065476190476191 
0 0.9997519841269841 0.8303571428571429 0.8638392857142857 0.808531746031746 0.8623511904761905 0.8082010582010583 0.8625992063492064 0.8012566137566137 0.9997519841269841 0.8204365079365079 0.9997519841269841 0.8303571428571429 
1 0.5530753968253969 0.7242063492063492 0.5515873015873016 0.7238756613756614 0.5513392857142857 0.7218915343915344 0.5473710317460317 0.7162698412698413 0.5463789682539683 0.7129629629629629 0.5416666666666666 0.7222222222222222 0.5401785714285714 0.7162698412698413 0.5374503968253969 0.7146164021164021 0.5364583333333334 0.7172619047619048 0.5354662698412699 0.7073412698412699 0.5389384920634921 0.703042328042328 0.544890873015873 0.703042328042328 0.566468253968254 0.6997354497354498 0.5751488095238095 0.703042328042328 0.5967261904761905 0.6980820105820106 0.6029265873015873 0.7046957671957672 0.6500496031746031 0.7063492063492064 0.6493055555555556 0.7093253968253969 0.6418650793650794 0.7080026455026455 0.5992063492063492 0.7113095238095238 0.5860615079365079 0.7175925925925926 0.5791170634920635 0.7162698412698413 0.5701884920634921 0.7199074074074074 0.5669642857142857 0.7228835978835979 0.5530753968253969 0.7242063492063492 
1 0.5252976190476191 0.7261904761904762 0.5225694444444444 0.7261904761904762 0.5225694444444444 0.7063492063492064 0.5287698412698413 0.7046957671957672 0.5322420634920635 0.7086640211640212 0.5324900793650794 0.7179232804232805 0.5305059523809523 0.7255291005291006 0.5252976190476191 0.7261904761904762 
1 0.7043650793650794 0.7351190476190477 0.6889880952380952 0.7351190476190477 0.6817956349206349 0.7265211640211641 0.6746031746031746 0.7129629629629629 0.6557539682539683 0.7103174603174603 0.6547619047619048 0.7063492063492064 0.7234623015873016 0.7063492063492064 0.7247023809523809 0.7116402116402116 0.7222222222222222 0.71494708994709 0.7199900793650794 0.7212301587301587 0.707093253968254 0.7215608465608465 0.7043650793650794 0.7351190476190477 
1 0.5158730158730159 0.7281746031746031 0.5062003968253969 0.7281746031746031 0.5062003968253969 0.71494708994709 0.5037202380952381 0.7116402116402116 0.5034722222222222 0.7096560846560847 0.5186011904761905 0.7096560846560847 0.5210813492063492 0.707010582010582 0.5210813492063492 0.7261904761904762 0.5161210317460317 0.7265211640211641 0.5158730158730159 0.7281746031746031 
1 0.9580853174603174 0.7470238095238095 0.9506448412698413 0.7470238095238095 0.939484126984127 0.7080026455026455 0.9573412698412699 0.708994708994709 0.9580853174603174 0.7166005291005291 0.9518849206349206 0.7268518518518519 0.9556051587301587 0.736441798941799 0.9580853174603174 0.7470238095238095 
1 0.9769345238095238 0.7288359788359788 0.9749503968253969 0.7258597883597884 0.9732142857142857 0.7195767195767195 0.9699900793650794 0.7139550264550265 0.9692460317460317 0.708994708994709 0.9784226190476191 0.7096560846560847 0.9769345238095238 0.7288359788359788 
1 0.4756944444444444 0.7248677248677249 0.4739583333333333 0.7195767195767195 0.47445436507936506 0.7179232804232805 0.47346230158730157 0.7096560846560847 0.49032738095238093 0.7099867724867724 0.49032738095238093 0.7162698412698413 0.48834325396825395 0.7166005291005291 0.48834325396825395 0.7232142857142857 0.48735119047619047 0.718584656084656 0.4861111111111111 0.7182539682539683 0.48487103174603174 0.7212301587301587 0.48115079365079366 0.7129629629629629 0.4781746031746032 0.71494708994709 0.4781746031746032 0.7199074074074074 0.4756944444444444 0.718584656084656 0.4756944444444444 0.7248677248677249 
1 0.4937996031746032 0.7291666666666666 0.49231150793650796 0.7291666666666666 0.49231150793650796 0.7099867724867724 0.4982638888888889 0.7096560846560847 0.4957837301587302 0.7116402116402116 0.4957837301587302 0.7136243386243386 0.49330357142857145 0.7199074074074074 0.4937996031746032 0.7291666666666666 
1 0.9997519841269841 0.7142857142857143 0.9990079365079365 0.7096560846560847 0.9997519841269841 0.7099867724867724 0.9997519841269841 0.7142857142857143 
1 0.45882936507936506 0.7394179894179894 0.4583333333333333 0.728505291005291 0.4565972222222222 0.7248677248677249 0.4593253968253968 0.7235449735449735 0.4595734126984127 0.7215608465608465 0.47098214285714285 0.7192460317460317 0.46999007936507936 0.7308201058201058 0.4595734126984127 0.7331349206349206 0.4593253968253968 0.7390873015873016 0.45882936507936506 0.7394179894179894 
1 0.45362103174603174 0.7404100529100529 0.45436507936507936 0.7288359788359788 0.45362103174603174 0.7404100529100529 
1 0.07787698412698413 0.7754629629629629 0.0726686507936508 0.7721560846560847 0.07018849206349206 0.7671957671957672 0.0716765873015873 0.7668650793650794 0.0763888888888889 0.7718253968253969 0.08134920634920635 0.7705026455026455 0.08655753968253968 0.7648809523809523 0.09275793650793651 0.7516534391534392 0.09399801587301587 0.7536375661375662 0.09399801587301587 0.7569444444444444 0.08804563492063493 0.7681878306878307 0.08407738095238096 0.7738095238095238 0.07787698412698413 0.7754629629629629 
2 0.5528273809523809 0.734457671957672 0.5520833333333334 0.7242063492063492 0.5677083333333334 0.7228835978835979 0.5620039682539683 0.7291666666666666 0.5592757936507936 0.7341269841269841 0.5590277777777778 0.7314814814814815 0.5550595238095238 0.7314814814814815 0.5528273809523809 0.734457671957672 
2 0.5310019841269841 0.7542989417989417 0.5233134920634921 0.7529761904761905 0.5238095238095238 0.751984126984127 0.5225694444444444 0.7496693121693122 0.5228174603174603 0.7261904761904762 0.5305059523809523 0.7258597883597884 0.5297619047619048 0.7311507936507936 0.5310019841269841 0.7542989417989417 
2 0.5133928571428571 0.7390873015873016 0.5081845238095238 0.7384259259259259 0.5062003968253969 0.728505291005291 0.5158730158730159 0.7281746031746031 0.5161210317460317 0.7265211640211641 0.5210813492063492 0.7261904761904762 0.5210813492063492 0.7371031746031746 0.5200892857142857 0.7298280423280423 0.513640873015873 0.7298280423280423 0.5133928571428571 0.7390873015873016 
2 0.4935515873015873 0.7397486772486772 0.49231150793650796 0.7397486772486772 0.49231150793650796 0.7294973544973545 0.49404761904761907 0.7288359788359788 0.4957837301587302 0.7394179894179894 0.4935515873015873 0.7397486772486772 
2 0.5017361111111112 0.7390873015873016 0.49950396825396826 0.7390873015873016 0.5012400793650794 0.7351190476190477 0.5014880952380952 0.7291666666666666 0.5024801587301587 0.730489417989418 0.5054563492063492 0.7384259259259259 0.5017361111111112 0.7390873015873016 
2 0.46056547619047616 0.751984126984127 0.4558531746031746 0.751984126984127 0.4583333333333333 0.7440476190476191 0.4583333333333333 0.7417328042328042 0.4593253968253968 0.7414021164021164 0.4593253968253968 0.7334656084656085 0.4697420634920635 0.7311507936507936 0.46825396825396826 0.7351190476190477 0.46999007936507936 0.7384259259259259 0.470734126984127 0.7447089947089947 0.4650297619047619 0.7483465608465608 0.46081349206349204 0.7483465608465608 0.46056547619047616 0.751984126984127 
2 0.47842261904761907 0.7414021164021164 0.4799107142857143 0.7337962962962963 0.4809027777777778 0.7410714285714286 0.47842261904761907 0.7414021164021164 
2 0.48412698412698413 0.7407407407407407 0.48387896825396826 0.7341269841269841 0.48462301587301587 0.7394179894179894 0.48412698412698413 0.7407407407407407 
2 0.5491071428571429 0.7450396825396826 0.548859126984127 0.7414021164021164 0.5498511904761905 0.7387566137566137 0.5525793650793651 0.7384259259259259 0.5528273809523809 0.7354497354497355 0.5548115079365079 0.7384259259259259 0.5491071428571429 0.7450396825396826 
2 0.4895833333333333 0.7400793650793651 0.4898313492063492 0.7374338624338624 0.4895833333333333 0.7400793650793651 
2 0.5461309523809523 0.7562830687830688 0.5414186507936508 0.7556216931216931 0.5426587301587301 0.7476851851851852 0.542906746031746 0.7377645502645502 0.5438988095238095 0.7390873015873016 0.5466269841269841 0.7503306878306878 0.5461309523809523 0.7562830687830688 
2 0.7028769841269841 0.7576058201058201 0.6986607142857143 0.7473544973544973 0.6922123015873016 0.7387566137566137 0.7046130952380952 0.7400793650793651 0.7028769841269841 0.7576058201058201 
2 0.45362103174603174 0.7427248677248677 0.45362103174603174 0.7410714285714286 0.45362103174603174 0.7427248677248677 
2 0.5210813492063492 0.7466931216931217 0.5210813492063492 0.7433862433862434 0.5210813492063492 0.7466931216931217 
3 0.42162698412698413 0.7579365079365079 0.40029761904761907 0.7536375661375662 0.4025297619047619 0.751984126984127 0.4052579365079365 0.751984126984127 0.42137896825396826 0.7542989417989417 0.42162698412698413 0.7579365079365079 
3 0.5473710317460317 0.7827380952380952 0.5310019841269841 0.7784391534391535 0.44990079365079366 0.763558201058201 0.44841269841269843 0.7632275132275133 0.44841269841269843 0.7585978835978836 0.4722222222222222 0.7615740740740741 0.5473710317460317 0.7751322751322751 0.5473710317460317 0.7827380952380952 
3 0.9997519841269841 0.8726851851851852 0.9580853174603174 0.8637566137566137 0.8968253968253969 0.8558201058201058 0.7524801587301587 0.8257275132275133 0.7120535714285714 0.8141534391534392 0.7132936507936508 0.8048941798941799 0.7142857142857143 0.8042328042328042 0.7715773809523809 0.8138227513227513 0.9997519841269841 0.855489417989418 0.9997519841269841 0.8726851851851852 
