0 0.4728125 0.5270833333333333 0.4575 0.5270833333333333 0.4534375 0.52625 0.453125 0.525 0.47375 0.5245833333333333 0.4728125 0.5270833333333333 
0 0.4584375 0.53375 0.454375 0.5333333333333333 0.455625 0.5316666666666666 0.4540625 0.5304166666666666 0.4575 0.53 0.4584375 0.5316666666666666 0.4584375 0.53375 
0 0.4340625 0.5420833333333334 0.4321875 0.5420833333333334 0.43125 0.53875 0.4290625 0.5379166666666667 0.444375 0.5341666666666667 0.445 0.53625 0.4446875 0.5379166666666667 0.4340625 0.5420833333333334 
0 0.1309375 0.5470833333333334 0.103125 0.5470833333333334 0.1028125 0.5425 0.209375 0.5404166666666667 0.21 0.5391666666666667 0.2146875 0.5404166666666667 0.2146875 0.54625 0.1309375 0.5470833333333334 
0 0.35875 0.545 0.35625 0.545 0.35625 0.5404166666666667 0.3821875 0.54 0.3828125 0.5433333333333333 0.3828125 0.5445833333333333 0.35875 0.545 
0 0.6909375 0.5441666666666667 0.685 0.5441666666666667 0.6846875 0.5433333333333333 0.6859375 0.5429166666666667 0.6859375 0.54 0.689375 0.54 0.690625 0.5408333333333334 0.6909375 0.5441666666666667 
0 0.7209375 0.5491666666666667 0.7084375 0.5466666666666666 0.7096875 0.5433333333333333 0.7215625 0.5441666666666667 0.7221875 0.5483333333333333 0.7209375 0.5491666666666667 
0 0.726875 0.5491666666666667 0.723125 0.5491666666666667 0.723125 0.5454166666666667 0.7259375 0.5441666666666667 0.73 0.5454166666666667 0.7275 0.545 0.726875 0.5491666666666667 
0 0.2175 0.54625 0.215 0.54625 0.2175 0.54625 
0 0.8275 0.5591666666666667 0.7821875 0.55625 0.781875 0.5520833333333334 0.8278125 0.5541666666666667 0.8275 0.5591666666666667 
0 0.1453125 0.6083333333333333 0.133125 0.6004166666666667 0.09875 0.5933333333333334 0.0984375 0.5766666666666667 0.10375 0.5775 0.11125 0.5766666666666667 0.1515625 0.5904166666666667 0.1565625 0.5958333333333333 0.1471875 0.5979166666666667 0.1453125 0.6083333333333333 
0 0.1590625 0.5983333333333334 0.158125 0.5979166666666667 0.1590625 0.5983333333333334 
1 0.388125 0.5304166666666666 0.3878125 0.515 0.389375 0.515 0.39 0.5133333333333333 0.4025 0.5125 0.403125 0.5279166666666667 0.388125 0.5304166666666666 
1 0.41375 0.5266666666666666 0.411875 0.52625 0.4103125 0.52125 0.4103125 0.5179166666666667 0.4121875 0.5175 0.4128125 0.5154166666666666 0.411875 0.51375 0.41375 0.5129166666666667 0.41375 0.5266666666666666 
1 0.4053125 0.52625 0.405 0.5229166666666667 0.4053125 0.52625 
1 0.686875 0.53625 0.685625 0.5358333333333334 0.6834375 0.525 0.698125 0.525 0.6978125 0.52875 0.69125 0.53 0.689375 0.5345833333333333 0.686875 0.53625 
5 0.405 0.5320833333333334 0.389375 0.5320833333333334 0.3915625 0.5304166666666666 0.4040625 0.5308333333333334 0.405 0.5320833333333334 
5 0.4509375 0.5341666666666667 0.440625 0.5333333333333333 0.4403125 0.5320833333333334 0.4553125 0.5308333333333334 0.455 0.5329166666666667 0.4509375 0.5341666666666667 
5 0.4178125 0.5325 0.4115625 0.5325 0.41125 0.5316666666666666 0.41625 0.53125 0.418125 0.5316666666666666 0.4178125 0.5325 
5 0.439375 0.5333333333333333 0.4390625 0.5316666666666666 0.439375 0.5333333333333333 
5 0.383125 0.5441666666666667 0.3821875 0.5395833333333333 0.3840625 0.53875 0.3903125 0.5425 0.40875 0.5425 0.426875 0.5420833333333334 0.4271875 0.5395833333333333 0.43 0.5379166666666667 0.43125 0.53875 0.431875 0.5416666666666666 0.42875 0.5433333333333333 0.383125 0.5441666666666667 
5 0.215 0.54625 0.2146875 0.5404166666666667 0.216875 0.5391666666666667 0.2246875 0.54375 0.346875 0.5425 0.3553125 0.54 0.3559375 0.5404166666666667 0.35625 0.5433333333333333 0.35625 0.5454166666666667 0.293125 0.5441666666666667 0.215 0.54625 
5 0.7084375 0.5470833333333334 0.69125 0.545 0.690625 0.5408333333333334 0.6934375 0.5404166666666667 0.6946875 0.5445833333333333 0.7059375 0.5454166666666667 0.7078125 0.5429166666666667 0.709375 0.5429166666666667 0.7084375 0.5470833333333334 
5 0.781875 0.5570833333333334 0.7290625 0.5504166666666667 0.726875 0.55 0.726875 0.5479166666666667 0.7275 0.545 0.731875 0.5454166666666667 0.7346875 0.5504166666666667 0.7675 0.5541666666666667 0.771875 0.5541666666666667 0.781875 0.55125 0.781875 0.5570833333333334 
5 0.9996875 0.5658333333333333 0.8278125 0.56 0.8275 0.5575 0.8278125 0.5545833333333333 0.83 0.55375 0.8371875 0.5583333333333333 0.9996875 0.5641666666666667 0.9996875 0.5658333333333333 
5 0.083125 0.59 0.0440625 0.585 0.0 0.585 0.0 0.58375 0.038125 0.5829166666666666 0.0828125 0.575 0.083125 0.59 
5 0.0 0.6745833333333333 0.0 0.665 0.0925 0.6375 0.125625 0.6291666666666667 0.135 0.6291666666666667 0.139375 0.625 0.1428125 0.6191666666666666 0.145625 0.6104166666666667 0.1471875 0.5979166666666667 0.1575 0.5954166666666667 0.1590625 0.6 0.16125 0.61375 0.15875 0.62125 0.1575 0.6320833333333333 0.1446875 0.6320833333333333 0.0 0.6745833333333333 
2 0.1228125 0.5420833333333334 0.103125 0.5420833333333334 0.10625 0.54125 0.10625 0.5354166666666667 0.1053125 0.5233333333333333 0.1025 0.5191666666666667 0.1759375 0.5208333333333334 0.2034375 0.52 0.209375 0.5220833333333333 0.2103125 0.5275 0.2159375 0.5275 0.2184375 0.525 0.224375 0.5254166666666666 0.224375 0.5316666666666666 0.2228125 0.53 0.2128125 0.5304166666666666 0.21 0.5329166666666667 0.2096875 0.5308333333333334 0.209375 0.5404166666666667 0.1228125 0.5420833333333334 
2 0.2846875 0.53375 0.2603125 0.53375 0.2403125 0.5316666666666666 0.2275 0.5329166666666667 0.2275 0.5254166666666666 0.2325 0.525 0.2375 0.5275 0.290625 0.5295833333333333 0.285625 0.53 0.2846875 0.53375 
2 0.3528125 0.5341666666666667 0.3478125 0.5341666666666667 0.3490625 0.5316666666666666 0.3528125 0.5316666666666666 0.3528125 0.5341666666666667 
2 0.355625 0.53375 0.355625 0.5316666666666666 0.35875 0.5320833333333334 0.355625 0.53375 
2 0.7675 0.54125 0.7415625 0.54 0.7415625 0.53375 0.785625 0.535 0.785625 0.5395833333333333 0.7675 0.54125 
