0 0.32107843137254904 0.7446895424836601 0.30514705882352944 0.7410130718954249 0.30514705882352944 0.7377450980392157 0.30667892156862747 0.7365196078431373 0.31556372549019607 0.7393790849673203 0.32015931372549017 0.7393790849673203 0.32199754901960786 0.741421568627451 0.32107843137254904 0.7446895424836601 
0 0.36887254901960786 0.744281045751634 0.36887254901960786 0.7430555555555556 0.36887254901960786 0.744281045751634 
0 0.375 0.7467320261437909 0.37224264705882354 0.7459150326797386 0.37193627450980393 0.7438725490196079 0.3753063725490196 0.7438725490196079 0.375 0.7467320261437909 
0 0.3792892156862745 0.7475490196078431 0.37806372549019607 0.747140522875817 0.3786764705882353 0.744281045751634 0.3795955882352941 0.7446895424836601 0.3792892156862745 0.7475490196078431 
0 0.3857230392156863 0.7491830065359477 0.38235294117647056 0.7483660130718954 0.38235294117647056 0.7463235294117647 0.3860294117647059 0.7463235294117647 0.3857230392156863 0.7491830065359477 
0 0.39368872549019607 0.7508169934640523 0.3893995098039216 0.75 0.3893995098039216 0.747140522875817 0.3939950980392157 0.7479575163398693 0.39368872549019607 0.7508169934640523 
0 0.4025735294117647 0.752859477124183 0.39797794117647056 0.7520424836601307 0.39736519607843135 0.7495915032679739 0.4028799019607843 0.75 0.4025735294117647 0.752859477124183 
0 0.41299019607843135 0.7553104575163399 0.4068627450980392 0.7536764705882353 0.4068627450980392 0.7512254901960784 0.41329656862745096 0.7512254901960784 0.41299019607843135 0.7553104575163399 
0 0.42463235294117646 0.7577614379084967 0.4169730392156863 0.7561274509803921 0.4169730392156863 0.752859477124183 0.42493872549019607 0.7544934640522876 0.42463235294117646 0.7577614379084967 
0 0.9923406862745098 0.9995915032679739 0.7941176470588235 0.9995915032679739 0.49417892156862747 0.8161764705882353 0.4365808823529412 0.7863562091503268 0.39981617647058826 0.7704248366013072 0.3700980392156863 0.7602124183006536 0.3694852941176471 0.7536764705882353 0.37316176470588236 0.752859477124183 0.3746936274509804 0.7532679738562091 0.3753063725490196 0.7549019607843137 0.3783700980392157 0.7540849673202614 0.38082107843137253 0.755718954248366 0.38449754901960786 0.755718954248366 0.3851102941176471 0.7577614379084967 0.3903186274509804 0.7573529411764706 0.3946078431372549 0.7598039215686274 0.4013480392156863 0.7606209150326797 0.4016544117647059 0.7622549019607843 0.4099264705882353 0.7630718954248366 0.41237745098039214 0.7638888888888888 0.41268382352941174 0.7659313725490197 0.4169730392156863 0.7655228758169934 0.42401960784313725 0.7679738562091504 0.42401960784313725 0.7704248366013072 0.42769607843137253 0.7708333333333334 0.42800245098039214 0.7696078431372549 0.42922794117647056 0.7696078431372549 0.4338235294117647 0.7708333333333334 0.4368872549019608 0.7720588235294118 0.4368872549019608 0.7745098039215687 0.4420955882352941 0.7741013071895425 0.45036764705882354 0.7773692810457516 0.453125 0.7802287581699346 0.4564950980392157 0.7798202614379085 0.46170343137254904 0.7818627450980392 0.46231617647058826 0.7834967320261438 0.4696691176470588 0.7847222222222222 0.47058823529411764 0.7867647058823529 0.48161764705882354 0.7900326797385621 0.48223039215686275 0.7892156862745098 0.48621323529411764 0.7912581699346405 0.4883578431372549 0.7904411764705882 0.5058210784313726 0.795751633986928 0.5067401960784313 0.7965686274509803 0.507046568627451 0.7994281045751634 0.5125612745098039 0.8006535947712419 0.5140931372549019 0.7986111111111112 0.5324754901960784 0.8055555555555556 0.5370710784313726 0.8075980392156863 0.5370710784313726 0.8112745098039216 0.5401348039215687 0.8129084967320261 0.5447303921568627 0.8120915032679739 0.5450367647058824 0.8108660130718954 0.5821078431372549 0.8263888888888888 0.5848651960784313 0.8321078431372549 0.5925245098039216 0.8333333333333334 0.5928308823529411 0.8308823529411765 0.6479779411764706 0.8545751633986928 0.6482843137254902 0.8611111111111112 0.6559436274509803 0.8639705882352942 0.6623774509803921 0.8647875816993464 0.6629901960784313 0.8611111111111112 0.7337622549019608 0.8929738562091504 0.7751225490196079 0.9097222222222222 0.7763480392156863 0.9219771241830066 0.7977941176470589 0.9276960784313726 0.7977941176470589 0.9191176470588235 0.9923406862745098 0.9995915032679739 
0 0.4375 0.7606209150326797 0.42984068627450983 0.7589869281045751 0.42892156862745096 0.758578431372549 0.42922794117647056 0.7561274509803921 0.4378063725490196 0.7577614379084967 0.4375 0.7606209150326797 
0 0.4525122549019608 0.7638888888888888 0.4420955882352941 0.761437908496732 0.4420955882352941 0.7589869281045751 0.4528186274509804 0.761437908496732 0.4525122549019608 0.7638888888888888 
0 0.46262254901960786 0.7663398692810458 0.4574142156862745 0.7651143790849673 0.4571078431372549 0.7630718954248366 0.46262254901960786 0.7647058823529411 0.46262254901960786 0.7663398692810458 
0 0.47457107843137253 0.7691993464052288 0.46875 0.7679738562091504 0.4678308823529412 0.7659313725490197 0.47150735294117646 0.7675653594771242 0.47457107843137253 0.7675653594771242 0.47457107843137253 0.7691993464052288 
0 0.5073529411764706 0.7773692810457516 0.4889705882352941 0.7728758169934641 0.4889705882352941 0.7691993464052288 0.5076593137254902 0.7724673202614379 0.5073529411764706 0.7773692810457516 
0 0.5370710784313726 0.7843137254901961 0.5153186274509803 0.7794117647058824 0.5150122549019608 0.7745098039215687 0.5370710784313726 0.7798202614379085 0.5370710784313726 0.7843137254901961 
0 0.5827205882352942 0.795751633986928 0.546875 0.7867647058823529 0.5459558823529411 0.7863562091503268 0.5459558823529411 0.7826797385620915 0.5827205882352942 0.7916666666666666 0.5827205882352942 0.795751633986928 
0 0.0 0.8382352941176471 0.00030637254901960784 0.8055555555555556 0.08425245098039216 0.7888071895424836 0.08302696078431372 0.7969771241830066 0.08363970588235294 0.8129084967320261 0.08302696078431372 0.8133169934640523 0.0 0.8382352941176471 
0 0.6470588235294118 0.8120915032679739 0.5940563725490197 0.7990196078431373 0.5925245098039216 0.7986111111111112 0.5925245098039216 0.7965686274509803 0.6470588235294118 0.8108660130718954 0.6470588235294118 0.8120915032679739 
0 0.6626838235294118 0.8157679738562091 0.6614583333333334 0.8157679738562091 0.6626838235294118 0.8157679738562091 
0 0.6642156862745098 0.8161764705882353 0.6629901960784313 0.8161764705882353 0.6642156862745098 0.8161764705882353 
0 0.6657475490196079 0.8165849673202614 0.6645220588235294 0.8165849673202614 0.6657475490196079 0.8165849673202614 
0 0.6672794117647058 0.8169934640522876 0.6660539215686274 0.8169934640522876 0.6672794117647058 0.8169934640522876 
0 0.6691176470588235 0.8174019607843137 0.6678921568627451 0.8174019607843137 0.6691176470588235 0.8174019607843137 
0 0.6706495098039216 0.8178104575163399 0.6694240196078431 0.8178104575163399 0.6706495098039216 0.8178104575163399 
0 0.6721813725490197 0.818218954248366 0.6709558823529411 0.818218954248366 0.6721813725490197 0.818218954248366 
0 0.6737132352941176 0.8186274509803921 0.6724877450980392 0.8186274509803921 0.6737132352941176 0.8186274509803921 
0 0.6752450980392157 0.8190359477124183 0.6740196078431373 0.8190359477124183 0.6752450980392157 0.8190359477124183 
0 0.6767769607843137 0.8194444444444444 0.6755514705882353 0.8194444444444444 0.6767769607843137 0.8194444444444444 
0 0.6783088235294118 0.8198529411764706 0.6770833333333334 0.8198529411764706 0.6783088235294118 0.8198529411764706 
0 0.6798406862745098 0.8202614379084967 0.6786151960784313 0.8202614379084967 0.6798406862745098 0.8202614379084967 
0 0.6813725490196079 0.8206699346405228 0.680453431372549 0.8206699346405228 0.6813725490196079 0.8206699346405228 
0 0.6829044117647058 0.821078431372549 0.6819852941176471 0.821078431372549 0.6829044117647058 0.821078431372549 
0 0.6847426470588235 0.8214869281045751 0.6835171568627451 0.8214869281045751 0.6847426470588235 0.8214869281045751 
0 0.6862745098039216 0.8218954248366013 0.6850490196078431 0.8218954248366013 0.6862745098039216 0.8218954248366013 
0 0.6878063725490197 0.8223039215686274 0.6865808823529411 0.8223039215686274 0.6878063725490197 0.8223039215686274 
0 0.6893382352941176 0.8227124183006536 0.6881127450980392 0.8227124183006536 0.6893382352941176 0.8227124183006536 
0 0.6908700980392157 0.8231209150326797 0.6896446078431373 0.8231209150326797 0.6908700980392157 0.8231209150326797 
0 0.6924019607843137 0.8235294117647058 0.6914828431372549 0.8235294117647058 0.6924019607843137 0.8235294117647058 
0 0.6939338235294118 0.823937908496732 0.6930147058823529 0.823937908496732 0.6939338235294118 0.823937908496732 
0 0.6954656862745098 0.8243464052287581 0.694546568627451 0.8243464052287581 0.6954656862745098 0.8243464052287581 
0 0.6969975490196079 0.8247549019607843 0.696078431372549 0.8247549019607843 0.6969975490196079 0.8247549019607843 
0 0.6985294117647058 0.8251633986928104 0.6976102941176471 0.8251633986928104 0.6985294117647058 0.8251633986928104 
0 0.7003676470588235 0.8255718954248366 0.6991421568627451 0.8255718954248366 0.7003676470588235 0.8255718954248366 
0 0.7018995098039216 0.8259803921568627 0.7006740196078431 0.8259803921568627 0.7018995098039216 0.8259803921568627 
0 0.7034313725490197 0.8263888888888888 0.7022058823529411 0.8263888888888888 0.7034313725490197 0.8263888888888888 
0 0.7049632352941176 0.826797385620915 0.7040441176470589 0.826797385620915 0.7049632352941176 0.826797385620915 
0 0.7064950980392157 0.8272058823529411 0.7055759803921569 0.8272058823529411 0.7064950980392157 0.8272058823529411 
0 0.7080269607843137 0.8276143790849673 0.7071078431372549 0.8276143790849673 0.7080269607843137 0.8276143790849673 
0 0.7095588235294118 0.8280228758169934 0.7086397058823529 0.8280228758169934 0.7095588235294118 0.8280228758169934 
0 0.7110906862745098 0.8284313725490197 0.710171568627451 0.8284313725490197 0.7110906862745098 0.8284313725490197 
1 0.08455882352941177 0.7377450980392157 0.0 0.7336601307189542 0.00030637254901960784 0.5347222222222222 0.017463235294117647 0.5465686274509803 0.06832107843137254 0.5751633986928104 0.10876225490196079 0.5959967320261438 0.1412377450980392 0.6147875816993464 0.17861519607843138 0.6409313725490197 0.20006127450980393 0.6544117647058824 0.22273284313725492 0.6736111111111112 0.22763480392156862 0.6805555555555556 0.22732843137254902 0.6887254901960784 0.22334558823529413 0.7054738562091504 0.19454656862745098 0.7022058823529411 0.1642156862745098 0.7009803921568627 0.14368872549019607 0.7022058823529411 0.13786764705882354 0.7038398692810458 0.12683823529411764 0.7120098039215687 0.11488970588235294 0.7246732026143791 0.10661764705882353 0.7365196078431373 0.08455882352941177 0.7377450980392157 
1 0.9996936274509803 0.7969771241830066 0.9883578431372549 0.7961601307189542 0.9739583333333334 0.7745098039215687 0.9577205882352942 0.7581699346405228 0.9181985294117647 0.75 0.8590686274509803 0.7438725490196079 0.8204656862745098 0.7446895424836601 0.8125 0.7475490196078431 0.8082107843137255 0.7798202614379085 0.6142769607843137 0.7602124183006536 0.5113357843137255 0.7475490196078431 0.4892769607843137 0.7475490196078431 0.4883578431372549 0.7446895424836601 0.4856004901960784 0.7475490196078431 0.4877450980392157 0.7107843137254902 0.5912990196078431 0.7079248366013072 0.6295955882352942 0.704248366013072 0.7212009803921569 0.7005718954248366 0.7650122549019608 0.6964869281045751 0.7873774509803921 0.6964869281045751 0.8661151960784313 0.6891339869281046 0.9338235294117647 0.6850490196078431 0.9996936274509803 0.676062091503268 0.9996936274509803 0.7969771241830066 
1 0.23805147058823528 0.7120098039215687 0.23682598039215685 0.7095588235294118 0.23284313725490197 0.7079248366013072 0.234375 0.693218954248366 0.2496936274509804 0.6948529411764706 0.24754901960784315 0.7087418300653595 0.24050245098039216 0.7091503267973857 0.23805147058823528 0.7120098039215687 
1 0.2806372549019608 0.7177287581699346 0.27481617647058826 0.7169117647058824 0.27481617647058826 0.7140522875816994 0.27297794117647056 0.7160947712418301 0.2650122549019608 0.7156862745098039 0.2643995098039216 0.7120098039215687 0.26286764705882354 0.7148692810457516 0.2613357843137255 0.7148692810457516 0.2610294117647059 0.7083333333333334 0.25919117647058826 0.7071078431372549 0.25949754901960786 0.7009803921568627 0.2512254901960784 0.7005718954248366 0.25153186274509803 0.6956699346405228 0.30545343137254904 0.7022058823529411 0.30392156862745096 0.7136437908496732 0.2962622549019608 0.7120098039215687 0.28707107843137253 0.7120098039215687 0.2824754901960784 0.7136437908496732 0.2806372549019608 0.7177287581699346 
1 0.36611519607843135 0.7328431372549019 0.3599877450980392 0.7222222222222222 0.3547794117647059 0.7209967320261438 0.33486519607843135 0.7209967320261438 0.33118872549019607 0.7226307189542484 0.3278186274509804 0.7283496732026143 0.3229166666666667 0.7279411764705882 0.32199754901960786 0.7275326797385621 0.3235294117647059 0.7246732026143791 0.32169117647058826 0.7234477124183006 0.32107843137254904 0.7246732026143791 0.32077205882352944 0.7218137254901961 0.31954656862745096 0.7189542483660131 0.3164828431372549 0.7173202614379085 0.30606617647058826 0.7169117647058824 0.3072916666666667 0.7026143790849673 0.3700980392156863 0.7058823529411765 0.36795343137254904 0.7275326797385621 0.36642156862745096 0.7283496732026143 0.36611519607843135 0.7328431372549019 
1 0.47640931372549017 0.7475490196078431 0.47579656862745096 0.7434640522875817 0.4736519607843137 0.744281045751634 0.4733455882352941 0.747140522875817 0.4632352941176471 0.7467320261437909 0.4632352941176471 0.7426470588235294 0.46262254901960786 0.741421568627451 0.46078431372549017 0.7434640522875817 0.46109068627450983 0.7455065359477124 0.4518995098039216 0.744281045751634 0.4518995098039216 0.7410130718954249 0.45128676470588236 0.7397875816993464 0.4497549019607843 0.7406045751633987 0.45006127450980393 0.7438725490196079 0.4417892156862745 0.7434640522875817 0.4411764705882353 0.7393790849673203 0.44025735294117646 0.7381535947712419 0.4387254901960784 0.7397875816993464 0.4387254901960784 0.7422385620915033 0.43106617647058826 0.7418300653594772 0.43075980392156865 0.7365196078431373 0.42861519607843135 0.7377450980392157 0.42861519607843135 0.7410130718954249 0.4212622549019608 0.7401960784313726 0.4206495098039216 0.7352941176470589 0.41911764705882354 0.735702614379085 0.41911764705882354 0.7397875816993464 0.4117647058823529 0.7389705882352942 0.4111519607843137 0.733251633986928 0.4096200980392157 0.7340686274509803 0.4096200980392157 0.7381535947712419 0.4028799019607843 0.7373366013071896 0.4016544117647059 0.7320261437908496 0.40042892156862747 0.7369281045751634 0.3939950980392157 0.7369281045751634 0.39368872549019607 0.7328431372549019 0.39276960784313725 0.7308006535947712 0.3912377450980392 0.7320261437908496 0.3915441176470588 0.7361111111111112 0.3851102941176471 0.735702614379085 0.3851102941176471 0.7299836601307189 0.38419117647058826 0.7287581699346405 0.38265931372549017 0.7312091503267973 0.38265931372549017 0.7348856209150327 0.37683823529411764 0.7344771241830066 0.37653186274509803 0.7291666666666666 0.3759191176470588 0.7283496732026143 0.3743872549019608 0.7299836601307189 0.3743872549019608 0.7336601307189542 0.3707107843137255 0.733251633986928 0.37316176470588236 0.7075163398692811 0.3737745098039216 0.7058823529411765 0.3753063725490196 0.7058823529411765 0.44454656862745096 0.7095588235294118 0.4800857843137255 0.7099673202614379 0.47640931372549017 0.7475490196078431 
4 0.27910539215686275 0.7214052287581699 0.2760416666666667 0.7177287581699346 0.2613357843137255 0.7165032679738562 0.2610294117647059 0.7152777777777778 0.26286764705882354 0.7148692810457516 0.2643995098039216 0.7120098039215687 0.2650122549019608 0.7156862745098039 0.27297794117647056 0.7160947712418301 0.27481617647058826 0.7140522875816994 0.27481617647058826 0.7169117647058824 0.2806372549019608 0.7181372549019608 0.27910539215686275 0.7214052287581699 
4 0.3174019607843137 0.7393790849673203 0.31525735294117646 0.7393790849673203 0.31525735294117646 0.7320261437908496 0.31403186274509803 0.7312091503267973 0.3118872549019608 0.7308006535947712 0.3112745098039216 0.7377450980392157 0.30943627450980393 0.7373366013071896 0.31004901960784315 0.7303921568627451 0.30606617647058826 0.7299836601307189 0.30667892156862747 0.7242647058823529 0.3275122549019608 0.7287581699346405 0.32598039215686275 0.7312091503267973 0.3174019607843137 0.7324346405228758 0.3174019607843137 0.7393790849673203 
4 0.4650735294117647 0.7843137254901961 0.46200980392156865 0.7834967320261438 0.46262254901960786 0.7651143790849673 0.4577205882352941 0.7626633986928104 0.45618872549019607 0.7802287581699346 0.45465686274509803 0.7806372549019608 0.45098039215686275 0.7790032679738562 0.4528186274509804 0.7630718954248366 0.4528186274509804 0.7618464052287581 0.45159313725490197 0.7610294117647058 0.4424019607843137 0.758578431372549 0.4411764705882353 0.7745098039215687 0.43933823529411764 0.7749183006535948 0.4365808823529412 0.7745098039215687 0.4378063725490196 0.7577614379084967 0.42953431372549017 0.755718954248366 0.42769607843137253 0.7708333333333334 0.4255514705882353 0.7708333333333334 0.42371323529411764 0.7704248366013072 0.42493872549019607 0.7549019607843137 0.42371323529411764 0.7540849673202614 0.4172794117647059 0.7524509803921569 0.4163602941176471 0.7659313725490197 0.41268382352941174 0.7659313725490197 0.41329656862745096 0.7512254901960784 0.4068627450980392 0.7512254901960784 0.4056372549019608 0.7626633986928104 0.4013480392156863 0.7622549019607843 0.4028799019607843 0.75 0.39767156862745096 0.7491830065359477 0.39675245098039214 0.7593954248366013 0.3946078431372549 0.7598039215686274 0.39307598039215685 0.7589869281045751 0.3939950980392157 0.7479575163398693 0.3897058823529412 0.7467320261437909 0.38878676470588236 0.7577614379084967 0.3851102941176471 0.7577614379084967 0.3860294117647059 0.7463235294117647 0.38235294117647056 0.7463235294117647 0.38174019607843135 0.7553104575163399 0.38082107843137253 0.755718954248366 0.3789828431372549 0.7540849673202614 0.3795955882352941 0.7446895424836601 0.3786764705882353 0.744281045751634 0.37745098039215685 0.7549019607843137 0.3753063725490196 0.7549019607843137 0.3753063725490196 0.7438725490196079 0.37224264705882354 0.7434640522875817 0.3716299019607843 0.752859477124183 0.3697916666666667 0.7532679738562091 0.3697916666666667 0.7475490196078431 0.36825980392156865 0.7393790849673203 0.3697916666666667 0.738562091503268 0.3697916666666667 0.7369281045751634 0.36611519607843135 0.7328431372549019 0.36642156862745096 0.7283496732026143 0.36887254901960786 0.7287581699346405 0.36887254901960786 0.733251633986928 0.37193627450980393 0.7336601307189542 0.3743872549019608 0.7336601307189542 0.3743872549019608 0.7299836601307189 0.3759191176470588 0.7283496732026143 0.37653186274509803 0.7291666666666666 0.37653186274509803 0.7344771241830066 0.3799019607843137 0.7348856209150327 0.38265931372549017 0.7348856209150327 0.38265931372549017 0.7312091503267973 0.38419117647058826 0.7287581699346405 0.3851102941176471 0.7299836601307189 0.3851102941176471 0.735702614379085 0.3915441176470588 0.7361111111111112 0.3912377450980392 0.7320261437908496 0.39276960784313725 0.7308006535947712 0.39368872549019607 0.7328431372549019 0.3939950980392157 0.7369281045751634 0.40042892156862747 0.7369281045751634 0.4016544117647059 0.7320261437908496 0.4028799019607843 0.7373366013071896 0.4096200980392157 0.7381535947712419 0.4096200980392157 0.7340686274509803 0.4111519607843137 0.733251633986928 0.4117647058823529 0.7389705882352942 0.4169730392156863 0.7397875816993464 0.41911764705882354 0.7397875816993464 0.41911764705882354 0.735702614379085 0.4206495098039216 0.7352941176470589 0.4212622549019608 0.7401960784313726 0.4264705882352941 0.7410130718954249 0.42861519607843135 0.7410130718954249 0.42861519607843135 0.7377450980392157 0.43075980392156865 0.7365196078431373 0.43106617647058826 0.7418300653594772 0.4387254901960784 0.7422385620915033 0.4387254901960784 0.7397875816993464 0.44025735294117646 0.7381535947712419 0.4411764705882353 0.7393790849673203 0.4417892156862745 0.7434640522875817 0.45006127450980393 0.7438725490196079 0.4497549019607843 0.7406045751633987 0.45128676470588236 0.7397875816993464 0.4518995098039216 0.7410130718954249 0.4518995098039216 0.744281045751634 0.46109068627450983 0.7455065359477124 0.46078431372549017 0.7434640522875817 0.46262254901960786 0.741421568627451 0.4632352941176471 0.7426470588235294 0.4632352941176471 0.7467320261437909 0.4733455882352941 0.747140522875817 0.4736519607843137 0.744281045751634 0.47579656862745096 0.7434640522875817 0.47640931372549017 0.7479575163398693 0.47457107843137253 0.7675653594771242 0.47150735294117646 0.7675653594771242 0.4678308823529412 0.7659313725490197 0.46691176470588236 0.7839052287581699 0.4650735294117647 0.7843137254901961 
4 0.32199754901960786 0.7410130718954249 0.32015931372549017 0.7397875816993464 0.32077205882352944 0.735702614379085 0.3226102941176471 0.7365196078431373 0.32199754901960786 0.7410130718954249 
4 0.7977941176470589 0.9276960784313726 0.7760416666666666 0.9219771241830066 0.7751225490196079 0.9003267973856209 0.7705269607843137 0.8435457516339869 0.6617647058823529 0.815359477124183 0.6623774509803921 0.8647875816993464 0.6547181372549019 0.863562091503268 0.6479779411764706 0.8611111111111112 0.6470588235294118 0.8108660130718954 0.5928308823529411 0.7961601307189542 0.5925245098039216 0.8333333333333334 0.5848651960784313 0.8321078431372549 0.5827205882352942 0.8288398692810458 0.5827205882352942 0.7916666666666666 0.5462622549019608 0.7822712418300654 0.5447303921568627 0.8120915032679739 0.5401348039215687 0.8129084967320261 0.5370710784313726 0.8112745098039216 0.5370710784313726 0.7798202614379085 0.5153186274509803 0.7741013071895425 0.5140931372549019 0.7986111111111112 0.5125612745098039 0.8006535947712419 0.507046568627451 0.7994281045751634 0.5076593137254902 0.7728758169934641 0.4892769607843137 0.7687908496732027 0.4877450980392157 0.7904411764705882 0.48621323529411764 0.7912581699346405 0.48192401960784315 0.7892156862745098 0.4852941176470588 0.7479575163398693 0.4883578431372549 0.7446895424836601 0.4892769607843137 0.7475490196078431 0.5113357843137255 0.7475490196078431 0.5885416666666666 0.7573529411764706 0.7745098039215687 0.7769607843137255 0.9996936274509803 0.7973856209150327 0.9996936274509803 0.9007352941176471 0.7919730392156863 0.8492647058823529 0.7965686274509803 0.9027777777777778 0.7977941176470589 0.9276960784313726 
3 0.0 0.8059640522875817 0.0 0.7336601307189542 0.06862745098039216 0.7377450980392157 0.10631127450980392 0.7369281045751634 0.10508578431372549 0.738562091503268 0.09865196078431372 0.741421568627451 0.09191176470588236 0.7479575163398693 0.08792892156862746 0.7602124183006536 0.08425245098039216 0.7883986928104575 0.0 0.8059640522875817 
