0 0.195703125 0.6703125 0.1921875 0.6703125 0.191015625 0.6671875 0.194140625 0.6588541666666666 0.25390625 0.6578125 0.275 0.6557291666666667 0.28203125 0.6526041666666667 0.25234375 0.6520833333333333 0.24921875 0.6515625 0.25 0.6479166666666667 0.35 0.6432291666666666 0.43203125 0.6354166666666666 0.4515625 0.6395833333333333 0.459765625 0.6317708333333333 0.473046875 0.6255208333333333 0.498828125 0.6072916666666667 0.5265625 0.59375 0.5609375 0.584375 0.581640625 0.58125 0.6203125 0.5802083333333333 0.621484375 0.5833333333333334 0.564453125 0.5869791666666667 0.533984375 0.5958333333333333 0.51171875 0.6046875 0.466015625 0.6354166666666666 0.453515625 0.6421875 0.338671875 0.6505208333333333 0.29140625 0.653125 0.2828125 0.6520833333333333 0.283203125 0.6630208333333333 0.195703125 0.6703125 
0 0.71171875 0.6473958333333333 0.63046875 0.64375 0.62734375 0.6427083333333333 0.6203125 0.634375 0.617578125 0.63125 0.6171875 0.6265625 0.619140625 0.6208333333333333 0.62109375 0.6270833333333333 0.625390625 0.6317708333333333 0.629296875 0.6401041666666667 0.6515625 0.6369791666666667 0.738671875 0.6385416666666667 0.7625 0.6411458333333333 0.71171875 0.6473958333333333 
0 0.958984375 0.6526041666666667 0.947265625 0.6526041666666667 0.946484375 0.6458333333333334 0.95859375 0.6442708333333333 0.958984375 0.6526041666666667 
0 0.94140625 0.6526041666666667 0.930078125 0.6520833333333333 0.929296875 0.6479166666666667 0.94140625 0.6458333333333334 0.94140625 0.6526041666666667 
0 0.925390625 0.6520833333333333 0.92109375 0.6520833333333333 0.920703125 0.6484375 0.925 0.6479166666666667 0.925390625 0.6520833333333333 
0 0.9140625 0.6505208333333333 0.911328125 0.6494791666666667 0.9140625 0.6489583333333333 0.9140625 0.6505208333333333 
0 0.833203125 0.6666666666666666 0.7390625 0.6666666666666666 0.6546875 0.6640625 0.653515625 0.659375 0.655078125 0.6526041666666667 0.68828125 0.6557291666666667 0.8328125 0.6541666666666667 0.833203125 0.6666666666666666 
0 0.860546875 0.6671875 0.845703125 0.6666666666666666 0.8453125 0.6546875 0.8890625 0.6536458333333334 0.8828125 0.6661458333333333 0.860546875 0.6671875 
0 0.91015625 0.6645833333333333 0.903125 0.6645833333333333 0.894140625 0.6536458333333334 0.9140625 0.653125 0.91015625 0.6645833333333333 
0 0.84609375 0.696875 0.84609375 0.69375 0.969921875 0.6864583333333333 0.981640625 0.6880208333333333 0.84609375 0.696875 
0 0.999609375 0.9557291666666666 0.922265625 0.89375 0.7578125 0.753125 0.7515625 0.74375 0.752734375 0.7234375 0.754296875 0.7161458333333334 0.771484375 0.7052083333333333 0.79296875 0.7 0.833984375 0.6953125 0.833984375 0.6973958333333333 0.8328125 0.6979166666666666 0.81953125 0.6984375 0.793359375 0.703125 0.77421875 0.7088541666666667 0.7671875 0.71875 0.7703125 0.7239583333333334 0.781640625 0.7322916666666667 0.8609375 0.7859375 0.86328125 0.7916666666666666 0.965625 0.8546875 0.991015625 0.8723958333333334 0.99921875 0.875 0.999609375 0.9557291666666666 
0 0.171875 0.7427083333333333 0.171875 0.7270833333333333 0.18203125 0.7260416666666667 0.18203125 0.7364583333333333 0.178125 0.740625 0.171875 0.7427083333333333 
0 0.14765625 0.7510416666666667 0.14609375 0.7510416666666667 0.1421875 0.7447916666666666 0.140625 0.7296875 0.155859375 0.7276041666666667 0.157421875 0.7473958333333334 0.14765625 0.7510416666666667 
0 0.08203125 0.7734375 0.08046875 0.7723958333333333 0.087109375 0.740625 0.109375 0.7354166666666667 0.117578125 0.7364583333333333 0.135546875 0.7307291666666667 0.135546875 0.7473958333333334 0.126171875 0.75 0.11953125 0.7572916666666667 0.121875 0.7598958333333333 0.08203125 0.7734375 
1 0.399609375 0.5859375 0.38515625 0.5828125 0.387890625 0.578125 0.394140625 0.5765625 0.3890625 0.5651041666666666 0.38515625 0.5630208333333333 0.38671875 0.5432291666666667 0.39140625 0.54375 0.39609375 0.5369791666666667 0.418359375 0.5427083333333333 0.41953125 0.5390625 0.420703125 0.540625 0.43359375 0.5432291666666667 0.43359375 0.5567708333333333 0.435546875 0.5598958333333334 0.433984375 0.5666666666666667 0.436328125 0.56875 0.4359375 0.5796875 0.419140625 0.5776041666666667 0.417578125 0.5828125 0.400390625 0.5807291666666666 0.399609375 0.5859375 
1 0.45390625 0.5776041666666667 0.439453125 0.5770833333333333 0.43984375 0.5692708333333333 0.4421875 0.565625 0.441796875 0.5614583333333333 0.446484375 0.5557291666666667 0.446875 0.5453125 0.45078125 0.5458333333333333 0.451953125 0.5541666666666667 0.456640625 0.5572916666666666 0.45625 0.5713541666666667 0.45390625 0.5776041666666667 
1 0.593359375 0.5739583333333333 0.591015625 0.5739583333333333 0.590625 0.5520833333333334 0.5921875 0.5489583333333333 0.59453125 0.5494791666666666 0.594140625 0.5619791666666667 0.59296875 0.5625 0.593359375 0.5739583333333333 
1 0.5984375 0.5739583333333333 0.594921875 0.5739583333333333 0.59609375 0.5489583333333333 0.6 0.5494791666666666 0.6 0.5682291666666667 0.598828125 0.5682291666666667 0.5984375 0.5739583333333333 
1 0.469140625 0.5578125 0.4671875 0.553125 0.46953125 0.5536458333333333 0.469140625 0.5578125 
1 0.5890625 0.5739583333333333 0.575390625 0.5739583333333333 0.5765625 0.5703125 0.58359375 0.5651041666666666 0.588671875 0.5567708333333333 0.5890625 0.5739583333333333 
1 0.490625 0.5765625 0.48671875 0.5708333333333333 0.487109375 0.5635416666666667 0.489453125 0.5578125 0.49375 0.5578125 0.490625 0.5765625 
1 0.5421875 0.5755208333333334 0.52734375 0.5755208333333334 0.529296875 0.571875 0.532421875 0.5734375 0.5359375 0.5729166666666666 0.53984375 0.5697916666666667 0.53984375 0.5666666666666667 0.5359375 0.5578125 0.5390625 0.5588541666666667 0.5421875 0.565625 0.5421875 0.5755208333333334 
1 0.553125 0.575 0.54765625 0.5744791666666667 0.55703125 0.5578125 0.57109375 0.5666666666666667 0.571484375 0.56875 0.571875 0.5739583333333333 0.553125 0.575 
1 0.50625 0.5765625 0.501953125 0.5765625 0.501953125 0.5671875 0.505859375 0.5598958333333334 0.511328125 0.5609375 0.51015625 0.5713541666666667 0.5140625 0.5713541666666667 0.514453125 0.5760416666666667 0.50625 0.5765625 
1 0.8109375 0.6145833333333334 0.751171875 0.6140625 0.737109375 0.6125 0.736328125 0.6052083333333333 0.73125 0.6046875 0.73046875 0.5973958333333333 0.72109375 0.5973958333333333 0.720703125 0.6072916666666667 0.716015625 0.6041666666666666 0.71640625 0.5932291666666667 0.712109375 0.584375 0.711328125 0.5791666666666667 0.706640625 0.5786458333333333 0.705859375 0.5864583333333333 0.702734375 0.5890625 0.70078125 0.5953125 0.7 0.575 0.70625 0.5713541666666667 0.70546875 0.5604166666666667 0.75 0.5635416666666667 0.810546875 0.5640625 0.8109375 0.6145833333333334 
1 0.465234375 0.5755208333333334 0.463671875 0.5755208333333334 0.463671875 0.5708333333333333 0.46796875 0.5682291666666667 0.469921875 0.5625 0.47265625 0.565625 0.472265625 0.5682291666666667 0.46640625 0.5723958333333333 0.465234375 0.5755208333333334 
1 0.831640625 0.6145833333333334 0.823046875 0.6145833333333334 0.82265625 0.5645833333333333 0.830078125 0.5651041666666666 0.831640625 0.6145833333333334 
1 0.894921875 0.6229166666666667 0.89296875 0.6213541666666667 0.8921875 0.5880208333333333 0.887890625 0.5890625 0.888671875 0.6229166666666667 0.868359375 0.6229166666666667 0.86796875 0.6151041666666667 0.86484375 0.6145833333333334 0.86484375 0.5859375 0.86796875 0.5661458333333333 0.88359375 0.5677083333333334 0.88359375 0.621875 0.887109375 0.621875 0.8875 0.5682291666666667 0.893359375 0.56875 0.894921875 0.6229166666666667 
1 0.9578125 0.6229166666666667 0.945703125 0.6229166666666667 0.94453125 0.5895833333333333 0.94296875 0.5880208333333333 0.941015625 0.5880208333333333 0.938671875 0.5916666666666667 0.940234375 0.6229166666666667 0.9265625 0.6223958333333334 0.92421875 0.5953125 0.921484375 0.590625 0.919140625 0.5921875 0.91875 0.6005208333333333 0.908984375 0.6015625 0.90859375 0.6067708333333334 0.914453125 0.6114583333333333 0.914453125 0.6229166666666667 0.898828125 0.6229166666666667 0.89765625 0.5692708333333333 0.955859375 0.5739583333333333 0.9578125 0.6229166666666667 
1 0.46171875 0.575 0.46015625 0.575 0.46015625 0.5692708333333333 0.46171875 0.5703125 0.46171875 0.575 
1 0.999609375 0.6125 0.998046875 0.6125 0.99765625 0.6098958333333333 0.9859375 0.6114583333333333 0.9828125 0.603125 0.963671875 0.6020833333333333 0.9625 0.609375 0.961328125 0.5755208333333334 0.968359375 0.5760416666666667 0.976953125 0.5953125 0.981640625 0.5953125 0.992578125 0.578125 0.99921875 0.5791666666666667 0.999609375 0.6125 
1 0.860546875 0.6145833333333334 0.84453125 0.6145833333333334 0.84453125 0.5802083333333333 0.858984375 0.5838541666666667 0.860546875 0.6145833333333334 
1 0.919921875 0.6119791666666666 0.919921875 0.609375 0.919921875 0.6119791666666666 
1 0.921484375 0.6229166666666667 0.9203125 0.6229166666666667 0.9203125 0.6119791666666666 0.921484375 0.6229166666666667 
2 0.6046875 0.5776041666666667 0.5953125 0.5770833333333333 0.594921875 0.5744791666666667 0.5984375 0.5739583333333333 0.59921875 0.5677083333333334 0.6046875 0.5682291666666667 0.6046875 0.5776041666666667 
2 0.608984375 0.578125 0.608984375 0.5682291666666667 0.608984375 0.578125 
2 0.61640625 0.5791666666666667 0.61171875 0.5786458333333333 0.612890625 0.5697916666666667 0.623828125 0.5703125 0.618359375 0.575 0.61953125 0.5786458333333333 0.61640625 0.5791666666666667 
2 0.68125 0.5791666666666667 0.67734375 0.5786458333333333 0.679296875 0.5708333333333333 0.680859375 0.5744791666666667 0.68125 0.5791666666666667 
2 0.688671875 0.5791666666666667 0.683984375 0.5791666666666667 0.6828125 0.5739583333333333 0.688671875 0.5791666666666667 
2 0.5546875 0.5796875 0.546484375 0.5796875 0.54765625 0.575 0.571875 0.5739583333333333 0.572265625 0.5770833333333333 0.572265625 0.5786458333333333 0.5546875 0.5796875 
2 0.58046875 0.5786458333333333 0.575390625 0.5786458333333333 0.575390625 0.5744791666666667 0.5890625 0.5744791666666667 0.5890625 0.5776041666666667 0.58046875 0.5786458333333333 
2 0.591796875 0.5776041666666667 0.591015625 0.5744791666666667 0.593359375 0.5739583333333333 0.593359375 0.5770833333333333 0.591796875 0.5776041666666667 
2 0.7 0.5791666666666667 0.698046875 0.5791666666666667 0.6984375 0.5744791666666667 0.7 0.575 0.7 0.5791666666666667 
2 0.461328125 0.5848958333333333 0.460546875 0.575 0.46171875 0.5755208333333334 0.461328125 0.5848958333333333 
2 0.468359375 0.5848958333333333 0.46328125 0.5848958333333333 0.4640625 0.5755208333333334 0.46484375 0.5770833333333333 0.47109375 0.5786458333333333 0.472265625 0.584375 0.468359375 0.5848958333333333 
2 0.528515625 0.58125 0.526171875 0.58125 0.527734375 0.5755208333333334 0.5421875 0.5755208333333334 0.542578125 0.5770833333333333 0.541796875 0.5802083333333333 0.528515625 0.58125 
2 0.501953125 0.5833333333333334 0.500390625 0.5833333333333334 0.501953125 0.5765625 0.514453125 0.5765625 0.5140625 0.5822916666666667 0.501953125 0.5833333333333334 
2 0.43984375 0.5890625 0.43984375 0.5770833333333333 0.45390625 0.5776041666666667 0.455078125 0.5796875 0.45546875 0.5854166666666667 0.43984375 0.5890625 
2 0.22421875 0.6447916666666667 0.212890625 0.6421875 0.215625 0.6 0.312109375 0.6015625 0.31328125 0.5958333333333333 0.384765625 0.5994791666666667 0.384375 0.5942708333333333 0.380859375 0.5890625 0.38515625 0.5828125 0.399609375 0.5859375 0.400390625 0.5807291666666666 0.417578125 0.5828125 0.419140625 0.5776041666666667 0.4359375 0.5802083333333333 0.435546875 0.590625 0.40234375 0.6046875 0.381640625 0.6192708333333333 0.36484375 0.6255208333333333 0.3140625 0.6369791666666667 0.260546875 0.64375 0.253125 0.64375 0.25625 0.6411458333333333 0.25546875 0.6380208333333334 0.251953125 0.6338541666666667 0.234765625 0.63125 0.22890625 0.6333333333333333 0.224609375 0.6369791666666667 0.22421875 0.6447916666666667 
2 0.48984375 0.5838541666666667 0.483984375 0.5833333333333334 0.48984375 0.5822916666666667 0.48984375 0.5838541666666667 
2 0.700390625 0.6026041666666667 0.7 0.5942708333333333 0.7015625 0.5958333333333333 0.700390625 0.6026041666666667 
2 0.811328125 0.6322916666666667 0.734375 0.628125 0.713671875 0.615625 0.713671875 0.6088541666666667 0.715625 0.6083333333333333 0.71640625 0.6041666666666666 0.720703125 0.6072916666666667 0.72109375 0.5973958333333333 0.73046875 0.5973958333333333 0.73125 0.6046875 0.736328125 0.6052083333333333 0.737109375 0.6125 0.751171875 0.6140625 0.809375 0.6140625 0.811328125 0.6151041666666667 0.811328125 0.6322916666666667 
2 0.20703125 0.6411458333333333 0.187109375 0.6348958333333333 0.181640625 0.6276041666666666 0.17578125 0.625 0.1671875 0.6270833333333333 0.1671875 0.625 0.1640625 0.6255208333333333 0.1625 0.615625 0.204296875 0.615625 0.2046875 0.6010416666666667 0.208203125 0.6 0.20703125 0.6411458333333333 
2 0.066015625 0.6166666666666667 0.058203125 0.6151041666666667 0.066015625 0.6145833333333334 0.066015625 0.6166666666666667 
2 0.087109375 0.634375 0.0828125 0.634375 0.084375 0.6145833333333334 0.137109375 0.6151041666666667 0.133203125 0.6177083333333333 0.1296875 0.615625 0.124609375 0.6177083333333333 0.122265625 0.6234375 0.12265625 0.6307291666666667 0.12421875 0.6322916666666667 0.103515625 0.6317708333333333 0.103515625 0.6276041666666666 0.094140625 0.6265625 0.09140625 0.6328125 0.087109375 0.634375 
2 0.83203125 0.6333333333333333 0.8234375 0.6333333333333333 0.8234375 0.6145833333333334 0.831640625 0.6151041666666667 0.83203125 0.6333333333333333 
2 0.888671875 0.6359375 0.8453125 0.634375 0.84453125 0.6151041666666667 0.86796875 0.6145833333333334 0.86875 0.6229166666666667 0.888671875 0.6229166666666667 0.888671875 0.6359375 
2 0.14296875 0.6276041666666666 0.14140625 0.6276041666666666 0.138671875 0.6239583333333333 0.142578125 0.621875 0.14296875 0.6276041666666666 
2 0.894921875 0.6359375 0.893359375 0.634375 0.89375 0.6229166666666667 0.894921875 0.6234375 0.894921875 0.6359375 
2 0.9140625 0.6359375 0.89921875 0.6359375 0.8984375 0.6234375 0.914453125 0.6229166666666667 0.9140625 0.6359375 
2 0.923046875 0.6359375 0.9203125 0.6359375 0.920703125 0.6229166666666667 0.921875 0.6244791666666667 0.923046875 0.6359375 
2 0.940625 0.6359375 0.928515625 0.6359375 0.926953125 0.6234375 0.940234375 0.6229166666666667 0.940625 0.6359375 
2 0.958203125 0.6359375 0.946484375 0.6359375 0.945703125 0.6234375 0.9578125 0.6229166666666667 0.958203125 0.6359375 
