2 0.9684436274509803 0.5392156862745098 0.944546568627451 0.5392156862745098 0.9329044117647058 0.5236928104575164 0.913296568627451 0.5191993464052288 0.8967524509803921 0.5245098039215687 0.9332107843137255 0.42483660130718953 0.8765318627450981 0.4285130718954248 0.8731617647058824 0.4285130718954248 0.8728553921568627 0.42769607843137253 0.8918504901960784 0.4236111111111111 0.8930759803921569 0.4223856209150327 0.9056372549019608 0.4084967320261438 0.9117647058823529 0.3872549019607843 0.9068627450980392 0.35171568627450983 0.8964460784313726 0.3382352941176471 0.9185049019607843 0.30718954248366015 0.9797794117647058 0.2455065359477124 0.9846813725490197 0.24877450980392157 0.9895833333333334 0.2540849673202614 0.9990808823529411 0.2589869281045752 0.9996936274509803 0.25449346405228757 0.9996936274509803 0.5273692810457516 0.9874387254901961 0.5273692810457516 0.9764093137254902 0.5302287581699346 0.9684436274509803 0.5392156862745098 
2 0.8339460784313726 0.4309640522875817 0.8318014705882353 0.4309640522875817 0.8311887254901961 0.4293300653594771 0.8302696078431373 0.4117647058823529 0.8345588235294118 0.4068627450980392 0.8379289215686274 0.4133986928104575 0.8651960784313726 0.4272875816993464 0.8651960784313726 0.42892156862745096 0.8621323529411765 0.4293300653594771 0.8339460784313726 0.4309640522875817 
2 0.7472426470588235 0.5625 0.7457107843137255 0.5437091503267973 0.7506127450980392 0.5249183006535948 0.7512254901960784 0.5236928104575164 0.7536764705882353 0.5314542483660131 0.7680759803921569 0.4869281045751634 0.7735906862745098 0.47671568627450983 0.7754289215686274 0.49264705882352944 0.7886029411764706 0.4636437908496732 0.789828431372549 0.4485294117647059 0.7925857843137255 0.4534313725490196 0.8140318627450981 0.4297385620915033 0.8146446078431373 0.4366830065359477 0.8125 0.4387254901960784 0.8149509803921569 0.443218954248366 0.8152573529411765 0.4464869281045752 0.8204656862745098 0.5392156862745098 0.8075980392156863 0.5375816993464052 0.8002450980392157 0.5343137254901961 0.7965686274509803 0.5437091503267973 0.7861519607843137 0.5543300653594772 0.7778799019607843 0.5490196078431373 0.7671568627450981 0.5490196078431373 0.7472426470588235 0.5625 
2 0.8379289215686274 0.5302287581699346 0.8348651960784313 0.4795751633986928 0.8609068627450981 0.5277777777777778 0.8425245098039216 0.5273692810457516 0.8379289215686274 0.5302287581699346 
3 0.7230392156862745 0.6580882352941176 0.7199754901960784 0.6580882352941176 0.7193627450980392 0.6540032679738562 0.7230392156862745 0.6531862745098039 0.7230392156862745 0.6580882352941176 
3 0.6875 0.6617647058823529 0.6832107843137255 0.6593137254901961 0.6829044117647058 0.6609477124183006 0.6819852941176471 0.6609477124183006 0.678921568627451 0.6552287581699346 0.6890318627450981 0.6544117647058824 0.6881127450980392 0.6613562091503268 0.6875 0.6617647058823529 
3 0.6427696078431373 0.6617647058823529 0.6418504901960784 0.6593137254901961 0.6393995098039216 0.6580882352941176 0.6409313725490197 0.6560457516339869 0.647671568627451 0.6560457516339869 0.6427696078431373 0.6617647058823529 
3 0.6038602941176471 0.6687091503267973 0.6001838235294118 0.6678921568627451 0.5965073529411765 0.6576797385620915 0.6243872549019608 0.6568627450980392 0.6155024509803921 0.6642156862745098 0.6145833333333334 0.6678921568627451 0.6038602941176471 0.6687091503267973 
3 0.9996936274509803 0.9795751633986928 0.8596813725490197 0.8970588235294118 0.7573529411764706 0.815359477124183 0.7144607843137255 0.7553104575163399 0.7018995098039216 0.7218137254901961 0.7018995098039216 0.7128267973856209 0.7071078431372549 0.6948529411764706 0.7080269607843137 0.6764705882352942 0.7319240196078431 0.6597222222222222 0.7208946078431373 0.6850490196078431 0.7454044117647058 0.6977124183006536 0.8480392156862745 0.7369281045751634 0.9996936274509803 0.7851307189542484 0.9996936274509803 0.9795751633986928 
3 0.0 0.738562091503268 0.0 0.6862745098039216 0.4730392156862745 0.6617647058823529 0.46231617647058826 0.6834150326797386 0.46047794117647056 0.6838235294117647 0.0 0.738562091503268 
