0 0.9721200980392157 0.5812908496732027 0.9715073529411765 0.5759803921568627 0.9727328431372549 0.5751633986928104 0.9996936274509803 0.5735294117647058 0.9996936274509803 0.5800653594771242 0.9721200980392157 0.5812908496732027 
0 0.930453431372549 0.5825163398692811 0.9234068627450981 0.5825163398692811 0.9231004901960784 0.5816993464052288 0.9249387254901961 0.5772058823529411 0.9436274509803921 0.5763888888888888 0.9515931372549019 0.5763888888888888 0.9522058823529411 0.5812908496732027 0.930453431372549 0.5825163398692811 
0 0.8455882352941176 0.5866013071895425 0.8339460784313726 0.5866013071895425 0.8333333333333334 0.5825163398692811 0.8345588235294118 0.5812908496732027 0.890625 0.5784313725490197 0.8915441176470589 0.5833333333333334 0.8915441176470589 0.5841503267973857 0.8881740196078431 0.5845588235294118 0.8455882352941176 0.5866013071895425 
0 0.36825980392156865 0.5882352941176471 0.3645833333333333 0.5837418300653595 0.3642769607843137 0.5816993464052288 0.36580882352941174 0.5796568627450981 0.36703431372549017 0.5804738562091504 0.36764705882352944 0.5829248366013072 0.3710171568627451 0.5853758169934641 0.36825980392156865 0.5857843137254902 0.36825980392156865 0.5882352941176471 
0 0.0 0.6049836601307189 0.0 0.6025326797385621 0.00428921568627451 0.5964052287581699 0.015625 0.5910947712418301 0.015318627450980392 0.5870098039215687 0.017769607843137254 0.5870098039215687 0.019301470588235295 0.5968137254901961 0.0 0.6049836601307189 
0 0.7110906862745098 0.5915032679738562 0.7098651960784313 0.5915032679738562 0.7098651960784313 0.5874183006535948 0.7190563725490197 0.5874183006535948 0.7196691176470589 0.5898692810457516 0.7196691176470589 0.5906862745098039 0.7110906862745098 0.5915032679738562 
0 0.6911764705882353 0.5923202614379085 0.6865808823529411 0.5923202614379085 0.6862745098039216 0.5882352941176471 0.6997549019607843 0.5878267973856209 0.7000612745098039 0.5919117647058824 0.6911764705882353 0.5923202614379085 
0 0.6550245098039216 0.5939542483660131 0.6504289215686274 0.5939542483660131 0.6498161764705882 0.5890522875816994 0.678921568627451 0.5882352941176471 0.6792279411764706 0.5915032679738562 0.6792279411764706 0.5927287581699346 0.6550245098039216 0.5939542483660131 
0 0.6338848039215687 0.5951797385620915 0.6311274509803921 0.5951797385620915 0.6305147058823529 0.5894607843137255 0.6461397058823529 0.5890522875816994 0.6464460784313726 0.5943627450980392 0.6338848039215687 0.5951797385620915 
0 0.5346200980392157 0.5992647058823529 0.5220588235294118 0.5992647058823529 0.5217524509803921 0.5947712418300654 0.6072303921568627 0.5915032679738562 0.6148897058823529 0.5902777777777778 0.6170343137254902 0.5902777777777778 0.6182598039215687 0.5947712418300654 0.6182598039215687 0.5955882352941176 0.6145833333333334 0.5959967320261438 0.5444240196078431 0.5980392156862745 0.5346200980392157 0.5992647058823529 
0 0.1014093137254902 0.5943627450980392 0.0974264705882353 0.5939542483660131 0.10110294117647059 0.5910947712418301 0.1014093137254902 0.5943627450980392 
0 0.5088848039215687 0.6000816993464052 0.5027573529411765 0.6000816993464052 0.5030637254901961 0.5980392156862745 0.5021446078431373 0.5968137254901961 0.5174632352941176 0.5951797385620915 0.5174632352941176 0.5996732026143791 0.5088848039215687 0.6000816993464052 
0 0.5018382352941176 0.5968137254901961 0.5009191176470589 0.5968137254901961 0.5018382352941176 0.5968137254901961 
0 0.265625 0.6049836601307189 0.26348039215686275 0.6049836601307189 0.2643995098039216 0.6004901960784313 0.26807598039215685 0.6004901960784313 0.27941176470588236 0.5968137254901961 0.28278186274509803 0.5992647058823529 0.2803308823529412 0.6008986928104575 0.265625 0.6049836601307189 
0 0.42432598039215685 0.6033496732026143 0.4169730392156863 0.6033496732026143 0.41605392156862747 0.5988562091503268 0.4322916666666667 0.5976307189542484 0.4335171568627451 0.5992647058823529 0.4335171568627451 0.6029411764705882 0.42432598039215685 0.6033496732026143 
0 0.10477941176470588 0.6147875816993464 0.09436274509803921 0.6127450980392157 0.08792892156862746 0.6098856209150327 0.08670343137254902 0.6058006535947712 0.08823529411764706 0.6041666666666666 0.09313725490196079 0.6041666666666666 0.10723039215686274 0.610702614379085 0.10692401960784313 0.6139705882352942 0.10477941176470588 0.6147875816993464 
0 0.46629901960784315 0.6233660130718954 0.46170343137254904 0.6233660130718954 0.46629901960784315 0.6233660130718954 
0 0.9396446078431373 0.9366830065359477 0.8553921568627451 0.9244281045751634 0.7625612745098039 0.8615196078431373 0.6507352941176471 0.7798202614379085 0.5438112745098039 0.704248366013072 0.5033700980392157 0.6764705882352942 0.46875 0.6544117647058824 0.45588235294117646 0.6441993464052288 0.4491421568627451 0.6360294117647058 0.4476102941176471 0.6331699346405228 0.4491421568627451 0.6266339869281046 0.45159313725490197 0.6245915032679739 0.45955882352941174 0.6233660130718954 0.46078431372549017 0.6233660130718954 0.46292892156862747 0.6262254901960784 0.4681372549019608 0.6262254901960784 0.4834558823529412 0.6413398692810458 0.4742647058823529 0.6441993464052288 0.49325980392156865 0.6576797385620915 0.5612745098039216 0.7001633986928104 0.6884191176470589 0.7753267973856209 0.8305759803921569 0.8680555555555556 0.9396446078431373 0.9366830065359477 
1 0.9761029411764706 0.5600490196078431 0.9708946078431373 0.5600490196078431 0.9702818627450981 0.502859477124183 0.9996936274509803 0.5016339869281046 0.9996936274509803 0.5580065359477124 0.9761029411764706 0.5600490196078431 
1 0.9549632352941176 0.5604575163398693 0.9427083333333334 0.5604575163398693 0.9405637254901961 0.5032679738562091 0.9503676470588235 0.5032679738562091 0.9518995098039216 0.508578431372549 0.9543504901960784 0.5285947712418301 0.9549632352941176 0.5604575163398693 
1 0.8492647058823529 0.5649509803921569 0.8394607843137255 0.5649509803921569 0.8376225490196079 0.5269607843137255 0.8391544117647058 0.5081699346405228 0.8434436274509803 0.5077614379084967 0.8458946078431373 0.5061274509803921 0.8875612745098039 0.5061274509803921 0.8857230392156863 0.5216503267973857 0.883578431372549 0.5302287581699346 0.8884803921568627 0.548202614379085 0.8897058823529411 0.5629084967320261 0.8492647058823529 0.5649509803921569 
1 0.6786151960784313 0.571078431372549 0.6639093137254902 0.571078431372549 0.6642156862745098 0.5290032679738562 0.6657475490196079 0.5257352941176471 0.6758578431372549 0.5257352941176471 0.6761642156862745 0.5073529411764706 0.6767769607843137 0.5077614379084967 0.6786151960784313 0.571078431372549 
1 0.6988357843137255 0.5690359477124183 0.6853553921568627 0.5690359477124183 0.6835171568627451 0.5073529411764706 0.6957720588235294 0.5077614379084967 0.696078431372549 0.5089869281045751 0.6988357843137255 0.5690359477124183 
1 0.7352941176470589 0.568218954248366 0.7242647058823529 0.568218954248366 0.7245710784313726 0.5661764705882353 0.7279411764705882 0.5633169934640523 0.7340686274509803 0.5633169934640523 0.7362132352941176 0.5575980392156863 0.734375 0.5477941176470589 0.734375 0.5449346405228758 0.7362132352941176 0.5404411764705882 0.7356004901960784 0.514297385620915 0.7313112745098039 0.508578431372549 0.7377450980392157 0.5081699346405228 0.7503063725490197 0.5098039215686274 0.7717524509803921 0.5089869281045751 0.7748161764705882 0.511437908496732 0.7781862745098039 0.511437908496732 0.7821691176470589 0.508578431372549 0.8318014705882353 0.5081699346405228 0.8314950980392157 0.5228758169934641 0.8339460784313726 0.5518790849673203 0.8336397058823529 0.565359477124183 0.7352941176470589 0.568218954248366 
1 0.7068014705882353 0.5224673202614379 0.7061887254901961 0.5106209150326797 0.7074142156862745 0.5130718954248366 0.7077205882352942 0.5163398692810458 0.7068014705882353 0.5224673202614379 
1 0.9338235294117647 0.5612745098039216 0.9276960784313726 0.5612745098039216 0.9273897058823529 0.559640522875817 0.9310661764705882 0.5322712418300654 0.9341299019607843 0.5175653594771242 0.9350490196078431 0.5187908496732027 0.9375 0.556781045751634 0.9368872549019608 0.5608660130718954 0.9338235294117647 0.5612745098039216 
1 0.6430759803921569 0.5723039215686274 0.6418504901960784 0.5261437908496732 0.6449142156862745 0.5257352941176471 0.6452205882352942 0.5502450980392157 0.6433823529411765 0.5506535947712419 0.6433823529411765 0.5612745098039216 0.6455269607843137 0.5616830065359477 0.6458333333333334 0.5718954248366013 0.6430759803921569 0.5723039215686274 
1 0.6534926470588235 0.5718954248366013 0.649203431372549 0.5714869281045751 0.6482843137254902 0.5257352941176471 0.6568627450980392 0.5257352941176471 0.6580882352941176 0.5298202614379085 0.6577818627450981 0.5714869281045751 0.6534926470588235 0.5718954248366013 
1 0.36519607843137253 0.5804738562091504 0.3596813725490196 0.5800653594771242 0.3581495098039216 0.5318627450980392 0.36825980392156865 0.5298202614379085 0.36856617647058826 0.556781045751634 0.36580882352941174 0.5580065359477124 0.3642769607843137 0.5608660130718954 0.3639705882352941 0.568218954248366 0.3648897058823529 0.571078431372549 0.3648897058823529 0.5784313725490197 0.36580882352941174 0.5796568627450981 0.36519607843137253 0.5804738562091504 
1 0.2867647058823529 0.5718954248366013 0.28370098039215685 0.5637254901960784 0.28308823529411764 0.5437091503267973 0.28707107843137253 0.5420751633986928 0.2867647058823529 0.5718954248366013 
1 0.7181372549019608 0.5686274509803921 0.7086397058823529 0.5686274509803921 0.7083333333333334 0.5522875816993464 0.7135416666666666 0.5588235294117647 0.7169117647058824 0.5612745098039216 0.7181372549019608 0.5686274509803921 
5 0.7313112745098039 0.5910947712418301 0.725796568627451 0.5910947712418301 0.7251838235294118 0.5882352941176471 0.7797181372549019 0.5874183006535948 0.8223039215686274 0.5849673202614379 0.8333333333333334 0.5816993464052288 0.8336397058823529 0.5833333333333334 0.8336397058823529 0.5870098039215687 0.7794117647058824 0.5902777777777778 0.7313112745098039 0.5910947712418301 
5 0.28308823529411764 0.5988562091503268 0.2800245098039216 0.5972222222222222 0.28278186274509803 0.5939542483660131 0.28400735294117646 0.5898692810457516 0.2858455882352941 0.5886437908496732 0.28737745098039214 0.5833333333333334 0.28952205882352944 0.5829248366013072 0.28308823529411764 0.5988562091503268 
5 0.27450980392156865 0.6058006535947712 0.26317401960784315 0.6058006535947712 0.2659313725490196 0.6045751633986928 0.3909313725490196 0.6021241830065359 0.3860294117647059 0.6013071895424836 0.3716299019607843 0.5947712418300654 0.36795343137254904 0.5861928104575164 0.37193627450980393 0.5849673202614379 0.37285539215686275 0.5927287581699346 0.38143382352941174 0.5976307189542484 0.4016544117647059 0.6008986928104575 0.41605392156862747 0.5980392156862745 0.4166666666666667 0.6029411764705882 0.4166666666666667 0.6041666666666666 0.3961397058823529 0.6025326797385621 0.27450980392156865 0.6058006535947712 
5 0.7196691176470589 0.5894607843137255 0.7196691176470589 0.5878267973856209 0.7196691176470589 0.5894607843137255 
5 0.7199754901960784 0.5910947712418301 0.7199754901960784 0.5898692810457516 0.7199754901960784 0.5910947712418301 
5 0.09221813725490197 0.6041666666666666 0.08915441176470588 0.6041666666666666 0.09436274509803921 0.6000816993464052 0.0974264705882353 0.5935457516339869 0.10110294117647059 0.5947712418300654 0.10049019607843138 0.5976307189542484 0.09221813725490197 0.6041666666666666 
5 0.49080882352941174 0.6008986928104575 0.4889705882352941 0.6008986928104575 0.4892769607843137 0.5984477124183006 0.5021446078431373 0.5964052287581699 0.5030637254901961 0.5980392156862745 0.5024509803921569 0.6004901960784313 0.49080882352941174 0.6008986928104575 
5 0.4338235294117647 0.6033496732026143 0.4335171568627451 0.5992647058823529 0.4322916666666667 0.5972222222222222 0.45098039215686275 0.6000816993464052 0.4837622549019608 0.5988562091503268 0.4840686274509804 0.6008986928104575 0.4338235294117647 0.6033496732026143 
5 0.5232843137254902 0.6168300653594772 0.5220588235294118 0.6168300653594772 0.5223651960784313 0.6151960784313726 0.553921568627451 0.6115196078431373 0.5836397058823529 0.6115196078431373 0.59375 0.6070261437908496 0.5940563725490197 0.608251633986928 0.586703431372549 0.6131535947712419 0.5686274509803921 0.6151960784313726 0.5502450980392157 0.6139705882352942 0.5232843137254902 0.6168300653594772 
5 0.0 0.6233660130718954 0.0 0.6205065359477124 0.10355392156862746 0.6151960784313726 0.10692401960784313 0.6139705882352942 0.10784313725490197 0.610702614379085 0.11243872549019608 0.6147875816993464 0.12683823529411764 0.6151960784313726 0.11397058823529412 0.6160130718954249 0.11427696078431372 0.6180555555555556 0.0 0.6233660130718954 
5 0.49080882352941174 0.6245915032679739 0.4895833333333333 0.6245915032679739 0.4898897058823529 0.622140522875817 0.4954044117647059 0.6217320261437909 0.5058210784313726 0.6176470588235294 0.5168504901960784 0.6160130718954249 0.5180759803921569 0.6176470588235294 0.5076593137254902 0.619281045751634 0.5024509803921569 0.6225490196078431 0.49080882352941174 0.6245915032679739 
5 0.47058823529411764 0.6262254901960784 0.46292892156862747 0.6262254901960784 0.46078431372549017 0.6237745098039216 0.4846813725490196 0.6229575163398693 0.4846813725490196 0.625 0.47058823529411764 0.6262254901960784 
2 0.10784313725490197 0.4632352941176471 0.10232843137254902 0.4624183006535948 0.09926470588235294 0.4599673202614379 0.08088235294117647 0.4383169934640523 0.07873774509803921 0.43504901960784315 0.07965686274509803 0.4252450980392157 0.09987745098039216 0.42606209150326796 0.10263480392156862 0.4297385620915033 0.0974264705882353 0.43790849673202614 0.09436274509803921 0.43504901960784315 0.09313725490196079 0.43586601307189543 0.09221813725490197 0.43790849673202614 0.09252450980392157 0.4424019607843137 0.09283088235294118 0.4440359477124183 0.10508578431372549 0.4583333333333333 0.10784313725490197 0.4632352941176471 
2 0.12837009803921567 0.45465686274509803 0.1256127450980392 0.4534313725490196 0.12346813725490197 0.4485294117647059 0.1256127450980392 0.4424019607843137 0.13143382352941177 0.43218954248366015 0.12683823529411764 0.431781045751634 0.12009803921568628 0.440359477124183 0.11366421568627451 0.4338235294117647 0.11121323529411764 0.4264705882352941 0.14338235294117646 0.42810457516339867 0.14338235294117646 0.4424019607843137 0.13909313725490197 0.440359477124183 0.13602941176470587 0.4415849673202614 0.13112745098039216 0.4485294117647059 0.13082107843137256 0.4534313725490196 0.12837009803921567 0.45465686274509803 
2 0.16084558823529413 0.45098039215686275 0.15900735294117646 0.4505718954248366 0.16053921568627452 0.44281045751633985 0.15931372549019607 0.4387254901960784 0.15226715686274508 0.44730392156862747 0.1556372549019608 0.4395424836601307 0.15441176470588236 0.4338235294117647 0.14644607843137256 0.4440359477124183 0.14705882352941177 0.42810457516339867 0.1792279411764706 0.4297385620915033 0.17738970588235295 0.43137254901960786 0.17677696078431374 0.4354575163398693 0.18259803921568626 0.43995098039215685 0.171875 0.4440359477124183 0.16084558823529413 0.45098039215686275 
2 0.22242647058823528 0.4750816993464052 0.19087009803921567 0.47181372549019607 0.18995098039215685 0.4660947712418301 0.1878063725490196 0.46486928104575165 0.1878063725490196 0.45302287581699346 0.19209558823529413 0.44812091503267976 0.19301470588235295 0.4440359477124183 0.19087009803921567 0.43709150326797386 0.19209558823529413 0.43423202614379086 0.18903186274509803 0.4297385620915033 0.22334558823529413 0.43218954248366015 0.22334558823529413 0.4513888888888889 0.2190563725490196 0.4562908496732026 0.21752450980392157 0.460375816993464 0.22242647058823528 0.47181372549019607 0.22242647058823528 0.4750816993464052 
2 0.2270220588235294 0.4444444444444444 0.2267156862745098 0.43218954248366015 0.23253676470588236 0.43218954248366015 0.2270220588235294 0.4444444444444444 
2 0.08363970588235294 0.460375816993464 0.08149509803921569 0.460375816993464 0.0778186274509804 0.45751633986928103 0.0784313725490196 0.4497549019607843 0.08363970588235294 0.460375816993464 
2 0.48192401960784315 0.5804738562091504 0.47549019607843135 0.5804738562091504 0.46875 0.5788398692810458 0.47058823529411764 0.5727124183006536 0.47058823529411764 0.5665849673202614 0.4644607843137255 0.5559640522875817 0.4522058823529412 0.5531045751633987 0.43903186274509803 0.5563725490196079 0.4215686274509804 0.553921568627451 0.4181985294117647 0.553921568627451 0.41452205882352944 0.556781045751634 0.4056372549019608 0.556781045751634 0.4025735294117647 0.5547385620915033 0.39307598039215685 0.5547385620915033 0.3860294117647059 0.5563725490196079 0.3805147058823529 0.5531045751633987 0.3799019607843137 0.5290032679738562 0.38112745098039214 0.5179738562091504 0.3802083333333333 0.516748366013072 0.3786764705882353 0.5179738562091504 0.3783700980392157 0.5253267973856209 0.37806372549019607 0.5089869281045751 0.38235294117647056 0.5077614379084967 0.37806372549019607 0.5073529411764706 0.37806372549019607 0.49060457516339867 0.3869485294117647 0.4840686274509804 0.4322916666666667 0.4848856209150327 0.43596813725490197 0.49468954248366015 0.45986519607843135 0.4922385620915033 0.46170343137254904 0.4959150326797386 0.46691176470588236 0.49836601307189543 0.46721813725490197 0.5020424836601307 0.4699754901960784 0.5012254901960784 0.47028186274509803 0.5040849673202614 0.4800857843137255 0.505718954248366 0.48131127450980393 0.5138888888888888 0.4831495098039216 0.5706699346405228 0.4831495098039216 0.5800653594771242 0.48192401960784315 0.5804738562091504 
2 0.010723039215686275 0.5935457516339869 0.0070465686274509805 0.5935457516339869 0.006433823529411764 0.5837418300653595 0.0 0.5755718954248366 0.0 0.48570261437908496 0.008272058823529412 0.4877450980392157 0.009497549019607842 0.4963235294117647 0.011948529411764705 0.5 0.012254901960784314 0.5036764705882353 0.012254901960784314 0.5081699346405228 0.0006127450980392157 0.5077614379084967 0.0012254901960784314 0.5102124183006536 0.013480392156862746 0.5102124183006536 0.013174019607843137 0.5004084967320261 0.014093137254901961 0.5004084967320261 0.013786764705882353 0.5314542483660131 0.014705882352941176 0.5326797385620915 0.013786764705882353 0.5428921568627451 0.013174019607843137 0.5923202614379085 0.010723039215686275 0.5935457516339869 
2 0.4794730392156863 0.5004084967320261 0.47487745098039214 0.5004084967320261 0.47487745098039214 0.4910130718954248 0.4800857843137255 0.49142156862745096 0.4803921568627451 0.497140522875817 0.4791666666666667 0.4979575163398693 0.4794730392156863 0.5004084967320261 
2 0.49264705882352944 0.5796568627450981 0.4886642156862745 0.5796568627450981 0.4880514705882353 0.576797385620915 0.4856004901960784 0.4910130718954248 0.49846813725490197 0.49142156862745096 0.4987745098039216 0.5130718954248366 0.49846813725490197 0.5077614379084967 0.49080882352941174 0.5073529411764706 0.49050245098039214 0.5110294117647058 0.49142156862745096 0.5294117647058824 0.49417892156862747 0.5290032679738562 0.4947916666666667 0.5314542483660131 0.4990808823529412 0.5334967320261438 0.5003063725490197 0.5788398692810458 0.49264705882352944 0.5796568627450981 
2 0.5036764705882353 0.5788398692810458 0.5027573529411765 0.5788398692810458 0.5018382352941176 0.5294117647058824 0.5137867647058824 0.5306372549019608 0.5140931372549019 0.5253267973856209 0.5018382352941176 0.5241013071895425 0.5015318627450981 0.5008169934640523 0.5021446078431373 0.5049019607843137 0.5131740196078431 0.5053104575163399 0.5134803921568627 0.497140522875817 0.5018382352941176 0.4963235294117647 0.5015318627450981 0.49959150326797386 0.5012254901960784 0.49142156862745096 0.515625 0.4910130718954248 0.5171568627450981 0.5780228758169934 0.5036764705882353 0.5788398692810458 
2 0.5235906862745098 0.5780228758169934 0.5214460784313726 0.5780228758169934 0.5199142156862745 0.49142156862745096 0.5407475490196079 0.4910130718954248 0.5419730392156863 0.5261437908496732 0.5735294117647058 0.5265522875816994 0.5741421568627451 0.5755718954248366 0.5235906862745098 0.5780228758169934 
2 0.4990808823529412 0.5236928104575164 0.4990808823529412 0.5208333333333334 0.4990808823529412 0.5236928104575164 
2 0.5821078431372549 0.5755718954248366 0.578125 0.5755718954248366 0.5765931372549019 0.5265522875816994 0.6099877450980392 0.5261437908496732 0.6133578431372549 0.573937908496732 0.5821078431372549 0.5755718954248366 
2 0.6317401960784313 0.5731209150326797 0.6295955882352942 0.5731209150326797 0.6299019607843137 0.5633169934640523 0.6311274509803921 0.5580065359477124 0.6311274509803921 0.551062091503268 0.6299019607843137 0.548202614379085 0.6308210784313726 0.5404411764705882 0.6305147058823529 0.5265522875816994 0.6418504901960784 0.5261437908496732 0.6427696078431373 0.5723039215686274 0.6317401960784313 0.5731209150326797 
2 0.24387254901960784 0.5616830065359477 0.22763480392156862 0.5604575163398693 0.22732843137254902 0.5420751633986928 0.23131127450980393 0.5416666666666666 0.23131127450980393 0.5290032679738562 0.23314950980392157 0.5273692810457516 0.24080882352941177 0.5269607843137255 0.24417892156862744 0.5302287581699346 0.24387254901960784 0.5616830065359477 
2 0.1482843137254902 0.565359477124183 0.14552696078431374 0.565359477124183 0.14583333333333334 0.5473856209150327 0.14767156862745098 0.5441176470588235 0.15073529411764705 0.5330882352941176 0.15287990196078433 0.5396241830065359 0.15716911764705882 0.5441176470588235 0.15900735294117646 0.5441176470588235 0.15992647058823528 0.5290032679738562 0.16881127450980393 0.5326797385620915 0.17279411764705882 0.5277777777777778 0.1878063725490196 0.5290032679738562 0.1871936274509804 0.5612745098039216 0.17493872549019607 0.5633169934640523 0.1645220588235294 0.5633169934640523 0.15870098039215685 0.5616830065359477 0.1482843137254902 0.565359477124183 
2 0.20220588235294118 0.5625 0.19424019607843138 0.5625 0.18995098039215685 0.5612745098039216 0.19056372549019607 0.5285947712418301 0.20036764705882354 0.5290032679738562 0.20006127450980393 0.5420751633986928 0.20557598039215685 0.5420751633986928 0.20557598039215685 0.5608660130718954 0.20220588235294118 0.5625 
2 0.36887254901960786 0.556781045751634 0.36825980392156865 0.5302287581699346 0.36580882352941174 0.5298202614379085 0.37806372549019607 0.5285947712418301 0.3783700980392157 0.5531045751633987 0.36887254901960786 0.556781045751634 
2 0.4990808823529412 0.5298202614379085 0.4954044117647059 0.5294117647058824 0.4990808823529412 0.5298202614379085 
2 0.2512254901960784 0.5612745098039216 0.24601715686274508 0.5612745098039216 0.24601715686274508 0.5310457516339869 0.2509191176470588 0.5334967320261438 0.2512254901960784 0.5612745098039216 
2 0.26807598039215685 0.5612745098039216 0.2533700980392157 0.5612745098039216 0.2536764705882353 0.5330882352941176 0.25612745098039214 0.5330882352941176 0.2659313725490196 0.5445261437908496 0.2696078431372549 0.553921568627451 0.2696078431372549 0.5608660130718954 0.26807598039215685 0.5612745098039216 
2 0.21752450980392157 0.5612745098039216 0.20710784313725492 0.5608660130718954 0.20741421568627452 0.5416666666666666 0.22273284313725492 0.5420751633986928 0.22273284313725492 0.5608660130718954 0.21752450980392157 0.5612745098039216 
2 0.28400735294117646 0.5649509803921569 0.2806372549019608 0.5620915032679739 0.2778799019607843 0.5571895424836601 0.2775735294117647 0.5506535947712419 0.27849264705882354 0.5461601307189542 0.2824754901960784 0.5433006535947712 0.28308823529411764 0.5437091503267973 0.28400735294117646 0.5649509803921569 
2 0.14307598039215685 0.5649509803921569 0.12928921568627452 0.5645424836601307 0.12806372549019607 0.5604575163398693 0.12928921568627452 0.5502450980392157 0.14338235294117646 0.5498366013071896 0.14307598039215685 0.5649509803921569 
2 0.10814950980392157 0.5698529411764706 0.10784313725490197 0.556781045751634 0.10876225490196079 0.5665849673202614 0.10814950980392157 0.5698529411764706 
2 0.8933823529411765 0.6045751633986928 0.8921568627450981 0.6033496732026143 0.890625 0.5931372549019608 0.8921568627450981 0.5882352941176471 0.8933823529411765 0.5980392156862745 0.8933823529411765 0.6045751633986928 
2 0.9996936274509803 0.6184640522875817 0.9708946078431373 0.6151960784313726 0.96875 0.6147875816993464 0.9702818627450981 0.6119281045751634 0.9610906862745098 0.6111111111111112 0.9604779411764706 0.5931372549019608 0.9350490196078431 0.5910947712418301 0.9356617647058824 0.6086601307189542 0.9313725490196079 0.608251633986928 0.9280024509803921 0.6013071895424836 0.9212622549019608 0.6008986928104575 0.9221813725490197 0.5894607843137255 0.9227941176470589 0.5882352941176471 0.9261642156862745 0.5882352941176471 0.9503676470588235 0.5902777777777778 0.9996936274509803 0.5919117647058824 0.9996936274509803 0.6184640522875817 
