0 0.6239149305555556 0.5355902777777778 0.619140625 0.5353009259259259 0.626953125 0.5332754629629629 0.6725260416666666 0.5315393518518519 0.6725260416666666 0.5329861111111112 0.6239149305555556 0.5355902777777778 
0 0.5987413194444444 0.5454282407407407 0.5967881944444444 0.5451388888888888 0.5970052083333334 0.5419560185185185 0.6668836805555556 0.5387731481481481 0.6727430555555556 0.5387731481481481 0.6729600694444444 0.5402199074074074 0.6729600694444444 0.5407986111111112 0.5987413194444444 0.5454282407407407 
0 0.5036892361111112 0.5509259259259259 0.5010850694444444 0.5509259259259259 0.5013020833333334 0.5465856481481481 0.5407986111111112 0.5422453703703703 0.5407986111111112 0.5457175925925926 0.5036892361111112 0.5509259259259259 
0 0.5941840277777778 0.5457175925925926 0.5928819444444444 0.5439814814814815 0.5946180555555556 0.5431134259259259 0.5946180555555556 0.5454282407407407 0.5941840277777778 0.5457175925925926 
0 0.2406684027777778 0.5486111111111112 0.22960069444444445 0.5486111111111112 0.22938368055555555 0.5480324074074074 0.22981770833333334 0.5457175925925926 0.2638888888888889 0.5445601851851852 0.265625 0.5445601851851852 0.2658420138888889 0.5457175925925926 0.2671440972222222 0.5457175925925926 0.2673611111111111 0.5445601851851852 0.2725694444444444 0.5442708333333334 0.2764756944444444 0.5442708333333334 0.2769097222222222 0.5465856481481481 0.2769097222222222 0.5477430555555556 0.2406684027777778 0.5486111111111112 
0 0.482421875 0.5523726851851852 0.4798177083333333 0.5523726851851852 0.4802517361111111 0.5489004629629629 0.4893663194444444 0.5483217592592593 0.4893663194444444 0.5517939814814815 0.482421875 0.5523726851851852 
0 0.1447482638888889 0.5543981481481481 0.10069444444444445 0.5543981481481481 0.10047743055555555 0.5526620370370371 0.10199652777777778 0.5506365740740741 0.12955729166666666 0.5517939814814815 0.1306423611111111 0.5532407407407407 0.1325954861111111 0.5538194444444444 0.13368055555555555 0.5535300925925926 0.1343315972222222 0.5517939814814815 0.1423611111111111 0.5520833333333334 0.14366319444444445 0.5523726851851852 0.1447482638888889 0.5543981481481481 
0 0.048394097222222224 0.5558449074074074 0.039496527777777776 0.5558449074074074 0.03927951388888889 0.5541087962962963 0.0802951388888889 0.5526620370370371 0.0802951388888889 0.5543981481481481 0.048394097222222224 0.5558449074074074 
0 0.03537326388888889 0.5558449074074074 0.030598958333333332 0.5558449074074074 0.027777777777777776 0.5543981481481481 0.03537326388888889 0.5541087962962963 0.03537326388888889 0.5558449074074074 
0 0.5794270833333334 0.5708912037037037 0.5687934027777778 0.5662615740740741 0.55859375 0.5593171296296297 0.5583767361111112 0.5558449074074074 0.5674913194444444 0.5541087962962963 0.5870225694444444 0.5656828703703703 0.5909288194444444 0.5674189814814815 0.5824652777777778 0.5691550925925926 0.5794270833333334 0.5708912037037037 
0 0.1323784722222222 0.5627893518518519 0.0978732638888889 0.5610532407407407 0.09765625 0.5593171296296297 0.1095920138888889 0.5572916666666666 0.13411458333333334 0.5590277777777778 0.15169270833333334 0.5581597222222222 0.1525607638888889 0.5610532407407407 0.15147569444444445 0.5619212962962963 0.1323784722222222 0.5627893518518519 
0 0.16341145833333334 0.5613425925925926 0.1618923611111111 0.5613425925925926 0.16319444444444445 0.5584490740740741 0.17664930555555555 0.5590277777777778 0.17686631944444445 0.5598958333333334 0.16341145833333334 0.5613425925925926 
0 0.234375 0.5636574074074074 0.2341579861111111 0.5598958333333334 0.23741319444444445 0.5593171296296297 0.2790798611111111 0.5598958333333334 0.2797309027777778 0.5627893518518519 0.2797309027777778 0.5633680555555556 0.234375 0.5636574074074074 
0 0.03537326388888889 0.5688657407407407 0.0 0.5688657407407407 0.0 0.5648148148148148 0.08246527777777778 0.5633680555555556 0.09505208333333333 0.5642361111111112 0.09505208333333333 0.5671296296296297 0.03537326388888889 0.5688657407407407 
0 0.2306857638888889 0.5763888888888888 0.1662326388888889 0.5729166666666666 0.15299479166666666 0.5729166666666666 0.1527777777777778 0.5711805555555556 0.15559895833333334 0.5691550925925926 0.216796875 0.5708912037037037 0.23719618055555555 0.5746527777777778 0.2306857638888889 0.5763888888888888 
0 0.9997829861111112 0.7957175925925926 0.7398003472222222 0.6626157407407407 0.6117621527777778 0.5868055555555556 0.58984375 0.5763888888888888 0.5894097222222222 0.5714699074074074 0.59765625 0.5697337962962963 0.6725260416666666 0.5989583333333334 0.9997829861111112 0.7155671296296297 0.9997829861111112 0.7957175925925926 
0 0.0 0.7141203703703703 0.0 0.6747685185185185 0.2853732638888889 0.6059027777777778 0.287109375 0.6056134259259259 0.2873263888888889 0.6067708333333334 0.2894965277777778 0.6192129629629629 0.2888454861111111 0.6200810185185185 0.12608506944444445 0.6767939814814815 0.0 0.7141203703703703 
1 0.9997829861111112 0.5679976851851852 0.7052951388888888 0.5543981481481481 0.6759982638888888 0.5509259259259259 0.6731770833333334 0.5491898148148148 0.6692708333333334 0.45891203703703703 0.7606336805555556 0.4114583333333333 0.90234375 0.3336226851851852 0.9997829861111112 0.2751736111111111 0.9997829861111112 0.5679976851851852 
1 0.6325954861111112 0.5332754629629629 0.6284722222222222 0.5332754629629629 0.6286892361111112 0.5234375 0.6484375 0.5222800925925926 0.646484375 0.5234375 0.6440972222222222 0.5280671296296297 0.6443142361111112 0.5324074074074074 0.6325954861111112 0.5332754629629629 
5 0.5894097222222222 0.5766782407407407 0.5787760416666666 0.5711805555555556 0.5824652777777778 0.5691550925925926 0.5930989583333334 0.5668402777777778 0.5980902777777778 0.5697337962962963 0.5896267361111112 0.5711805555555556 0.5894097222222222 0.5766782407407407 
