0 0.7358940972222222 0.7878086419753086 0.7235243055555556 0.7878086419753086 0.7239583333333334 0.7862654320987654 0.7450086805555556 0.7862654320987654 0.7452256944444444 0.7874228395061729 0.7358940972222222 0.7878086419753086 
0 0.7029079861111112 0.7885802469135802 0.6998697916666666 0.7885802469135802 0.7033420138888888 0.7866512345679012 0.7029079861111112 0.7885802469135802 
0 0.6440972222222222 0.7908950617283951 0.638671875 0.7908950617283951 0.6384548611111112 0.7897376543209876 0.6833767361111112 0.7874228395061729 0.681640625 0.7893518518518519 0.6440972222222222 0.7908950617283951 
0 0.6903211805555556 0.7889660493827161 0.6857638888888888 0.7889660493827161 0.6851128472222222 0.7874228395061729 0.6890190972222222 0.7870370370370371 0.6903211805555556 0.7889660493827161 
0 0.2621527777777778 0.7912808641975309 0.2419704861111111 0.7912808641975309 0.2417534722222222 0.7878086419753086 0.2619357638888889 0.7885802469135802 0.2610677083333333 0.7897376543209876 0.2621527777777778 0.7912808641975309 
0 0.6948784722222222 0.7889660493827161 0.6940104166666666 0.7889660493827161 0.6948784722222222 0.7889660493827161 
0 0.1488715277777778 0.814429012345679 0.00021701388888888888 0.8101851851851852 0.0 0.8043981481481481 0.11848958333333333 0.808641975308642 0.1362847222222222 0.8016975308641975 0.1404079861111111 0.7989969135802469 0.1410590277777778 0.7970679012345679 0.13563368055555555 0.7943672839506173 0.1154513888888889 0.7920524691358025 0.0700954861111111 0.7920524691358025 0.0724826388888889 0.7889660493827161 0.1254340277777778 0.7901234567901234 0.1499565972222222 0.7935956790123457 0.14952256944444445 0.808641975308642 0.1443142361111111 0.8055555555555556 0.1345486111111111 0.8090277777777778 0.1460503472222222 0.8094135802469136 0.14713541666666666 0.8101851851851852 0.1488715277777778 0.814429012345679 
0 0.5763888888888888 0.7928240740740741 0.5475260416666666 0.7928240740740741 0.5470920138888888 0.7920524691358025 0.5479600694444444 0.7908950617283951 0.5533854166666666 0.7905092592592593 0.5763888888888888 0.7912808641975309 0.5763888888888888 0.7928240740740741 
0 0.5922309027777778 0.7928240740740741 0.5870225694444444 0.7928240740740741 0.5868055555555556 0.7916666666666666 0.5920138888888888 0.7908950617283951 0.5922309027777778 0.7928240740740741 
0 0.3828125 0.8132716049382716 0.3821614583333333 0.8132716049382716 0.3825954861111111 0.808641975308642 0.3841145833333333 0.8074845679012346 0.3838975694444444 0.8125 0.3828125 0.8132716049382716 
0 0.7667100694444444 0.9996141975308642 0.7213541666666666 0.9996141975308642 0.6976996527777778 0.9702932098765432 0.6223958333333334 0.8819444444444444 0.5646701388888888 0.8213734567901234 0.5633680555555556 0.8167438271604939 0.5648871527777778 0.8128858024691358 0.5668402777777778 0.8121141975308642 0.5679253472222222 0.8155864197530864 0.5703125 0.8179012345679012 0.6844618055555556 0.9201388888888888 0.7667100694444444 0.9996141975308642 
0 0.0 0.910108024691358 0.0 0.8885030864197531 0.0837673611111111 0.875 0.18033854166666666 0.8553240740740741 0.2476128472222222 0.8402777777777778 0.3003472222222222 0.8267746913580247 0.30078125 0.8341049382716049 0.3016493055555556 0.8356481481481481 0.2834201388888889 0.8410493827160493 0.23893229166666666 0.8510802469135802 0.058159722222222224 0.8981481481481481 0.0 0.910108024691358 
0 0.3138020833333333 0.8325617283950617 0.3129340277777778 0.8325617283950617 0.3135850694444444 0.8306327160493827 0.3194444444444444 0.8310185185185185 0.3138020833333333 0.8325617283950617 
0 0.0 0.8483796296296297 0.00021701388888888888 0.8433641975308642 0.025824652777777776 0.8410493827160493 0.030164930555555556 0.8410493827160493 0.031901041666666664 0.8433641975308642 0.0 0.8483796296296297 
0 0.03407118055555555 0.8433641975308642 0.03211805555555555 0.8433641975308642 0.03407118055555555 0.8433641975308642 
0 0.7712673611111112 0.9996141975308642 0.7671440972222222 0.9996141975308642 0.7660590277777778 0.9949845679012346 0.7712673611111112 0.9996141975308642 
1 0.9997829861111112 0.9344135802469136 0.9772135416666666 0.9224537037037037 0.9459635416666666 0.910108024691358 0.8687065972222222 0.8912037037037037 0.8569878472222222 0.8892746913580247 0.8424479166666666 0.8807870370370371 0.8259548611111112 0.8773148148148148 0.8072916666666666 0.871141975308642 0.7960069444444444 0.8680555555555556 0.7699652777777778 0.8688271604938271 0.7682291666666666 0.8707561728395061 0.7662760416666666 0.8703703703703703 0.7489149305555556 0.7010030864197531 0.9997829861111112 0.6504629629629629 0.9997829861111112 0.9344135802469136 
5 0.2957899305555556 0.7935956790123457 0.2632378472222222 0.7924382716049383 0.2610677083333333 0.7897376543209876 0.2621527777777778 0.7885802469135802 0.2654079861111111 0.7908950617283951 0.2951388888888889 0.7912808641975309 0.2957899305555556 0.7935956790123457 
5 0.1527777777777778 0.814429012345679 0.14908854166666666 0.814429012345679 0.1469184027777778 0.8101851851851852 0.14735243055555555 0.8090277777777778 0.1508246527777778 0.8121141975308642 0.15234375 0.8121141975308642 0.1527777777777778 0.814429012345679 
5 0.16688368055555555 0.8275462962962963 0.1677517361111111 0.8256172839506173 0.1859809027777778 0.8236882716049383 0.19466145833333334 0.8236882716049383 0.1950954861111111 0.8248456790123457 0.16688368055555555 0.8275462962962963 
5 0.03211805555555555 0.8433641975308642 0.028645833333333332 0.839891975308642 0.09809027777777778 0.8337191358024691 0.1501736111111111 0.8275462962962963 0.15342881944444445 0.8275462962962963 0.1538628472222222 0.8287037037037037 0.03211805555555555 0.8433641975308642 
