0 0.4583333333333333 0.7185185185185186 0.4557291666666667 0.7180555555555556 0.45625 0.7134259259259259 0.48359375 0.7097222222222223 0.48359375 0.7129629629629629 0.4583333333333333 0.7185185185185186 
0 0.4080729166666667 0.7296296296296296 0.40677083333333336 0.7217592592592592 0.40859375 0.7208333333333333 0.4484375 0.7134259259259259 0.4505208333333333 0.7134259259259259 0.45234375 0.7194444444444444 0.4080729166666667 0.7296296296296296 
0 0.590625 0.7245370370370371 0.5765625 0.7194444444444444 0.57578125 0.7148148148148148 0.58046875 0.7143518518518519 0.5927083333333333 0.7180555555555556 0.5932291666666667 0.7226851851851852 0.590625 0.7245370370370371 
0 0.9901041666666667 0.9990740740740741 0.8950520833333333 0.9990740740740741 0.6455729166666667 0.7819444444444444 0.5971354166666667 0.7435185185185185 0.5966145833333333 0.7333333333333333 0.5984375 0.7324074074074074 0.5989583333333334 0.7351851851851852 0.6013020833333333 0.7351851851851852 0.6013020833333333 0.7319444444444444 0.6020833333333333 0.7305555555555555 0.6010416666666667 0.7287037037037037 0.60078125 0.7226851851851852 0.6015625 0.7208333333333333 0.6125 0.725462962962963 0.6127604166666667 0.7351851851851852 0.6080729166666666 0.7375 0.6083333333333333 0.7384259259259259 0.6916666666666667 0.8 0.7494791666666667 0.8384259259259259 0.9768229166666667 0.9944444444444445 0.9901041666666667 0.9990740740740741 
0 0.0 0.8842592592592593 0.0 0.8412037037037037 0.06354166666666666 0.825462962962963 0.13385416666666666 0.8023148148148148 0.18489583333333334 0.7898148148148149 0.24973958333333332 0.7689814814814815 0.28359375 0.7606481481481482 0.28515625 0.7606481481481482 0.28541666666666665 0.762962962962963 0.2864583333333333 0.7754629629629629 0.22083333333333333 0.7962962962962963 0.21927083333333333 0.8023148148148148 0.029427083333333333 0.8671296296296296 0.0 0.8842592592592593 
5 0.45260416666666664 0.7194444444444444 0.4510416666666667 0.7138888888888889 0.45364583333333336 0.7157407407407408 0.45598958333333334 0.7148148148148148 0.45598958333333334 0.7185185185185186 0.45260416666666664 0.7194444444444444 
5 0.5981770833333333 0.7291666666666666 0.590625 0.7245370370370371 0.5934895833333333 0.7217592592592592 0.5981770833333333 0.7236111111111111 0.5981770833333333 0.7291666666666666 
3 0.9997395833333333 0.8597222222222223 0.8046875 0.7875 0.7151041666666667 0.7615740740740741 0.6744791666666666 0.7476851851851852 0.6645833333333333 0.7421296296296296 0.6635416666666667 0.6962962962962963 0.6640625 0.6842592592592592 0.6802083333333333 0.6819444444444445 0.6817708333333333 0.6851851851851852 0.68203125 0.6814814814814815 0.8932291666666666 0.6736111111111112 0.9997395833333333 0.6671296296296296 0.9997395833333333 0.8597222222222223 
3 0.0 0.7976851851851852 0.0 0.6824074074074075 0.18203125 0.6824074074074075 0.29921875 0.6847222222222222 0.2942708333333333 0.7037037037037037 0.2890625 0.7134259259259259 0.2859375 0.7402777777777778 0.246875 0.7453703703703703 0.0 0.7976851851851852 
3 0.6416666666666667 0.7282407407407407 0.6260416666666667 0.7231481481481481 0.6255208333333333 0.7027777777777777 0.6244791666666667 0.700925925925926 0.6223958333333334 0.7041666666666667 0.62265625 0.7222222222222222 0.6190104166666667 0.7212962962962963 0.6182291666666667 0.6921296296296297 0.6401041666666667 0.6856481481481481 0.6416666666666667 0.7138888888888889 0.6416666666666667 0.7282407407407407 
3 0.6020833333333333 0.7134259259259259 0.6005208333333333 0.7129629629629629 0.6 0.7 0.5973958333333333 0.700925925925926 0.59765625 0.7111111111111111 0.596875 0.7111111111111111 0.5966145833333333 0.6884259259259259 0.6 0.687962962962963 0.60234375 0.6953703703703704 0.6020833333333333 0.7134259259259259 
3 0.5927083333333333 0.7180555555555556 0.584375 0.7157407407407408 0.5838541666666667 0.7097222222222223 0.5828125 0.7087962962962963 0.5802083333333333 0.7092592592592593 0.5807291666666666 0.7148148148148148 0.5760416666666667 0.7143518518518519 0.5791666666666667 0.7050925925925926 0.5838541666666667 0.700925925925926 0.5822916666666667 0.6953703703703704 0.5744791666666667 0.6925925925925925 0.57265625 0.6990740740740741 0.5723958333333333 0.7060185185185185 0.56953125 0.6925925925925925 0.5864583333333333 0.6898148148148148 0.58671875 0.7037037037037037 0.5877604166666667 0.7032407407407407 0.5875 0.6902777777777778 0.5942708333333333 0.6888888888888889 0.5947916666666667 0.7097222222222223 0.5924479166666666 0.7101851851851851 0.5927083333333333 0.7180555555555556 
3 0.6127604166666667 0.7194444444444444 0.6065104166666667 0.7175925925925926 0.60703125 0.6944444444444444 0.6130208333333333 0.6935185185185185 0.6127604166666667 0.7194444444444444 
3 0.4083333333333333 0.7212962962962963 0.40677083333333336 0.7212962962962963 0.40520833333333334 0.7175925925925926 0.40963541666666664 0.7162037037037037 0.41067708333333336 0.7046296296296296 0.40911458333333334 0.700925925925926 0.4049479166666667 0.6972222222222222 0.39921875 0.700925925925926 0.39557291666666666 0.6944444444444444 0.4265625 0.6972222222222222 0.4666666666666667 0.7032407407407407 0.4666666666666667 0.712037037037037 0.45625 0.7134259259259259 0.4552083333333333 0.7157407407407408 0.45286458333333335 0.7152777777777778 0.45078125 0.7129629629629629 0.4083333333333333 0.7212962962962963 
