0 0.342 0.6453333333333333 0.34 0.6453333333333333 0.3415 0.644 0.3485 0.644 0.3485 0.6446666666666667 0.342 0.6453333333333333 
0 0.46875 0.6503333333333333 0.439 0.649 0.42075 0.6456666666666667 0.42575 0.645 0.4445 0.648 0.46875 0.6486666666666666 0.46875 0.6503333333333333 
0 0.4925 0.6503333333333333 0.4725 0.6503333333333333 0.47225 0.6493333333333333 0.49325 0.6496666666666666 0.4925 0.6503333333333333 
0 0.51875 0.6753333333333333 0.468 0.671 0.458 0.6693333333333333 0.45175 0.666 0.44275 0.656 0.44475 0.6536666666666666 0.4515 0.6533333333333333 0.44925 0.6556666666666666 0.4555 0.661 0.46275 0.6653333333333333 0.47225 0.6693333333333333 0.51725 0.673 0.519 0.6736666666666666 0.51875 0.6753333333333333 
0 0.52975 0.676 0.529 0.676 0.52925 0.6746666666666666 0.52975 0.675 0.52975 0.676 
0 0.39425 0.6933333333333334 0.392 0.693 0.394 0.6926666666666667 0.39425 0.6913333333333334 0.40775 0.69 0.431 0.6886666666666666 0.44125 0.6896666666666667 0.403 0.6916666666666667 0.39425 0.6933333333333334 
0 0.38475 0.695 0.38375 0.6946666666666667 0.38925 0.6936666666666667 0.38475 0.695 
0 0.37775 0.6963333333333334 0.3765 0.696 0.3795 0.696 0.37775 0.6963333333333334 
0 0.0 0.7376666666666667 0.0 0.729 0.0315 0.7256666666666667 0.095 0.7083333333333334 0.10725 0.7093333333333334 0.06575 0.7213333333333334 0.038 0.7336666666666667 0.02725 0.7363333333333333 0.0 0.7376666666666667 
0 0.316 0.9996666666666667 0.26025 0.9996666666666667 0.321 0.9033333333333333 0.40875 0.757 0.3485 0.752 0.32175 0.7483333333333333 0.31525 0.7426666666666667 0.3135 0.7353333333333333 0.3135 0.7313333333333333 0.32375 0.7226666666666667 0.343 0.71 0.354 0.7123333333333334 0.354 0.7136666666666667 0.35375 0.715 0.33575 0.7293333333333333 0.334 0.732 0.334 0.7336666666666667 0.34275 0.7386666666666667 0.37325 0.7436666666666667 0.4105 0.748 0.43375 0.748 0.41925 0.7803333333333333 0.36825 0.888 0.321 0.985 0.316 0.9996666666666667 
1 0.112 0.6293333333333333 0.10925 0.629 0.10925 0.622 0.149 0.6233333333333333 0.14875 0.626 0.1455 0.6246666666666667 0.13425 0.6273333333333333 0.11975 0.6266666666666667 0.112 0.6293333333333333 
1 0.15825 0.6263333333333333 0.15225 0.6263333333333333 0.15225 0.6233333333333333 0.1745 0.625 0.15825 0.6263333333333333 
1 0.1845 0.6246666666666667 0.1795 0.6243333333333333 0.1845 0.6233333333333333 0.1845 0.6246666666666667 
5 0.1075 0.709 0.0965 0.7086666666666667 0.20625 0.6783333333333333 0.2085 0.6803333333333333 0.1075 0.709 
