0 0.8848039215686274 0.3602941176470588 0.8844975490196079 0.352124183006536 0.8952205882352942 0.3500816993464052 0.8964460784313726 0.35375816993464054 0.9050245098039216 0.3562091503267974 0.8918504901960784 0.3598856209150327 0.8848039215686274 0.3602941176470588 
0 0.8710171568627451 0.3611111111111111 0.867953431372549 0.3611111111111111 0.8560049019607843 0.35580065359477125 0.8795955882352942 0.35294117647058826 0.8799019607843137 0.3602941176470588 0.8710171568627451 0.3611111111111111 
0 0.44699754901960786 0.3553921568627451 0.4175857843137255 0.35498366013071897 0.4172794117647059 0.35375816993464054 0.44638480392156865 0.35294117647058826 0.44699754901960786 0.3553921568627451 
0 0.8416053921568627 0.3647875816993464 0.8397671568627451 0.36437908496732024 0.8440563725490197 0.3570261437908497 0.8532475490196079 0.3562091503267974 0.8416053921568627 0.3647875816993464 
0 0.8030024509803921 0.36968954248366015 0.8026960784313726 0.3627450980392157 0.8069852941176471 0.36151960784313725 0.8097426470588235 0.36151960784313725 0.8121936274509803 0.3672385620915033 0.8140318627450981 0.3680555555555556 0.8030024509803921 0.36968954248366015 
0 0.5704656862745098 0.38643790849673204 0.546875 0.3852124183006536 0.5015318627450981 0.36887254901960786 0.49816176470588236 0.3672385620915033 0.49816176470588236 0.3631535947712418 0.5064338235294118 0.3668300653594771 0.5379901960784313 0.37663398692810457 0.5471813725490197 0.380718954248366 0.5922181372549019 0.3799019607843137 0.6216299019607843 0.38031045751633985 0.6308210784313726 0.3819444444444444 0.6308210784313726 0.38439542483660133 0.6194852941176471 0.38562091503267976 0.5704656862745098 0.38643790849673204 
0 0.7769607843137255 0.3713235294117647 0.7751225490196079 0.3713235294117647 0.7760416666666666 0.3647875816993464 0.7974877450980392 0.3631535947712418 0.7974877450980392 0.36968954248366015 0.7769607843137255 0.3713235294117647 
0 0.7380514705882353 0.3758169934640523 0.7349877450980392 0.3758169934640523 0.7359068627450981 0.37254901960784315 0.7561274509803921 0.3672385620915033 0.757046568627451 0.3729575163398693 0.7380514705882353 0.3758169934640523 
0 0.7159926470588235 0.3758169934640523 0.7129289215686274 0.3758169934640523 0.7156862745098039 0.3741830065359477 0.7159926470588235 0.3758169934640523 
0 0.6593137254901961 0.42116013071895425 0.6446078431372549 0.4166666666666667 0.6225490196078431 0.40604575163398693 0.6099877450980392 0.40318627450980393 0.602328431372549 0.3991013071895425 0.6020220588235294 0.39419934640522875 0.6038602941176471 0.39215686274509803 0.6087622549019608 0.39052287581699346 0.6148897058823529 0.38929738562091504 0.6167279411764706 0.3901143790849673 0.6078431372549019 0.3925653594771242 0.647671568627451 0.40522875816993464 0.6556372549019608 0.40931372549019607 0.664828431372549 0.41748366013071897 0.663296568627451 0.41748366013071897 0.6593137254901961 0.42116013071895425 
0 0.36213235294117646 0.40318627450980393 0.3606004901960784 0.4027777777777778 0.3645833333333333 0.40155228758169936 0.37316176470588236 0.39215686274509803 0.3746936274509804 0.3925653594771242 0.3746936274509804 0.3946078431372549 0.36887254901960786 0.40032679738562094 0.36213235294117646 0.40318627450980393 
0 0.33609068627450983 0.4089052287581699 0.33578431372549017 0.40604575163398693 0.34375 0.4056372549019608 0.3486519607843137 0.4040032679738562 0.3489583333333333 0.40522875816993464 0.3486519607843137 0.40645424836601307 0.33609068627450983 0.4089052287581699 
0 0.32077205882352944 0.4117647058823529 0.32046568627450983 0.40931372549019607 0.3238357843137255 0.4089052287581699 0.3241421568627451 0.41094771241830064 0.32077205882352944 0.4117647058823529 
0 0.9862132352941176 0.4338235294117647 0.9638480392156863 0.43218954248366015 0.9632352941176471 0.4293300653594771 0.9767156862745098 0.42892156862745096 0.9764093137254902 0.43137254901960786 0.9788602941176471 0.431781045751634 0.9794730392156863 0.42892156862745096 0.9892769607843137 0.4285130718954248 0.9862132352941176 0.4338235294117647 
0 0.19669117647058823 0.43014705882352944 0.1957720588235294 0.43014705882352944 0.19669117647058823 0.43014705882352944 
0 0.8817401960784313 0.44485294117647056 0.8566176470588235 0.4444444444444444 0.8575367647058824 0.44281045751633985 0.8805147058823529 0.4411764705882353 0.8811274509803921 0.4383169934640523 0.8854166666666666 0.43218954248366015 0.8973651960784313 0.4297385620915033 0.9139093137254902 0.43014705882352944 0.9087009803921569 0.443218954248366 0.8817401960784313 0.44485294117647056 
0 0.19454656862745098 0.4305555555555556 0.19332107843137256 0.4305555555555556 0.19454656862745098 0.4305555555555556 
0 0.7919730392156863 0.4456699346405229 0.7686887254901961 0.4456699346405229 0.7619485294117647 0.44362745098039214 0.7573529411764706 0.44485294117647056 0.7604166666666666 0.4456699346405229 0.7558210784313726 0.4456699346405229 0.7310049019607843 0.44076797385620914 0.7300857843137255 0.4395424836601307 0.7310049019607843 0.4338235294117647 0.7282475490196079 0.4338235294117647 0.7408088235294118 0.4309640522875817 0.7840073529411765 0.43014705882352944 0.7876838235294118 0.4411764705882353 0.7919730392156863 0.4456699346405229 
0 0.8514093137254902 0.4452614379084967 0.821078431372549 0.4452614379084967 0.8275122549019608 0.43504901960784315 0.828125 0.43014705882352944 0.8339460784313726 0.43014705882352944 0.8342524509803921 0.4354575163398693 0.836703431372549 0.4387254901960784 0.8498774509803921 0.4424019607843137 0.8547794117647058 0.4424019607843137 0.8535539215686274 0.44485294117647056 0.8514093137254902 0.4452614379084967 
0 0.19240196078431374 0.4309640522875817 0.19087009803921567 0.4309640522875817 0.19240196078431374 0.4309640522875817 
0 0.19056372549019607 0.43137254901960786 0.18841911764705882 0.43137254901960786 0.19056372549019607 0.43137254901960786 
0 0.18167892156862744 0.4334150326797386 0.18045343137254902 0.43300653594771243 0.18841911764705882 0.431781045751634 0.18167892156862744 0.4334150326797386 
0 0.14920343137254902 0.4415849673202614 0.14767156862745098 0.4415849673202614 0.14767156862745098 0.4383169934640523 0.17708333333333334 0.4334150326797386 0.17708333333333334 0.434640522875817 0.17585784313725492 0.43504901960784315 0.14920343137254902 0.4415849673202614 
0 0.7297794117647058 0.440359477124183 0.7285539215686274 0.440359477124183 0.7297794117647058 0.440359477124183 
0 0.12285539215686274 0.4464869281045752 0.12162990196078431 0.44607843137254904 0.12224264705882353 0.44281045751633985 0.12683823529411764 0.4424019607843137 0.12714460784313725 0.4456699346405229 0.12285539215686274 0.4464869281045752 
0 0.10876225490196079 0.4477124183006536 0.10631127450980392 0.4477124183006536 0.1056985294117647 0.4456699346405229 0.11856617647058823 0.4440359477124183 0.11825980392156862 0.44689542483660133 0.10876225490196079 0.4477124183006536 
1 0.08731617647058823 0.4571078431372549 0.08241421568627451 0.4056372549019608 0.09313725490196079 0.4040032679738562 0.09375 0.4150326797385621 0.09283088235294118 0.41830065359477125 0.09466911764705882 0.4223856209150327 0.09466911764705882 0.4444444444444444 0.09558823529411764 0.4526143790849673 0.09466911764705882 0.45588235294117646 0.09221813725490197 0.4464869281045752 0.08915441176470588 0.4456699346405229 0.08854166666666667 0.4562908496732026 0.08731617647058823 0.4571078431372549 
1 0.07138480392156862 0.4497549019607843 0.06587009803921569 0.4207516339869281 0.06464460784313726 0.40727124183006536 0.06924019607843138 0.40727124183006536 0.07322303921568628 0.44893790849673204 0.07138480392156862 0.4497549019607843 
1 0.01991421568627451 0.43014705882352944 0.017463235294117647 0.43014705882352944 0.01685049019607843 0.4293300653594771 0.016237745098039217 0.4195261437908497 0.02144607843137255 0.41544117647058826 0.044730392156862746 0.4097222222222222 0.051470588235294115 0.40931372549019607 0.053002450980392156 0.4252450980392157 0.01991421568627451 0.43014705882352944 
5 0.6311274509803921 0.38480392156862747 0.6311274509803921 0.38112745098039214 0.6495098039215687 0.3815359477124183 0.7147671568627451 0.3762254901960784 0.6311274509803921 0.38480392156862747 
5 0.35049019607843135 0.40604575163398693 0.3492647058823529 0.40604575163398693 0.3486519607843137 0.40441176470588236 0.35753676470588236 0.4035947712418301 0.3606004901960784 0.4019607843137255 0.36090686274509803 0.40318627450980393 0.35049019607843135 0.40604575163398693 
5 0.7300857843137255 0.440359477124183 0.7037377450980392 0.43423202614379086 0.6593137254901961 0.4207516339869281 0.6639093137254902 0.4170751633986928 0.6792279411764706 0.4227941176470588 0.7055759803921569 0.43014705882352944 0.7233455882352942 0.4338235294117647 0.7310049019607843 0.4334150326797386 0.7300857843137255 0.440359477124183 
2 0.49785539215686275 0.34967320261437906 0.4954044117647059 0.34967320261437906 0.4947916666666667 0.34558823529411764 0.49172794117647056 0.34477124183006536 0.49019607843137253 0.3386437908496732 0.48713235294117646 0.3329248366013072 0.47671568627450983 0.3329248366013072 0.47640931372549017 0.32802287581699346 0.4889705882352941 0.32189542483660133 0.49264705882352944 0.32312091503267976 0.49417892156862747 0.3341503267973856 0.5045955882352942 0.33251633986928103 0.5045955882352942 0.34844771241830064 0.49785539215686275 0.34967320261437906 
2 0.45128676470588236 0.35049019607843135 0.45006127450980393 0.3492647058823529 0.4476102941176471 0.35049019607843135 0.44730392156862747 0.3329248366013072 0.4638480392156863 0.33169934640522875 0.47518382352941174 0.32883986928104575 0.47549019607843135 0.3329248366013072 0.4577205882352941 0.3349673202614379 0.4543504901960784 0.34272875816993464 0.4528186274509804 0.3500816993464052 0.45128676470588236 0.35049019607843135 
