0 0.9996143463170073 0.7785234899328859 0.6899344388738913 0.6943727413526071 0.5244890088700347 0.6608156943727413 0.4523717701504049 0.6484254001032524 0.4539143848823756 0.6463603510583377 0.4543000385653683 0.6396489416623645 0.5160046278441959 0.6520392359318534 0.6991901272657154 0.6845637583892618 0.8411106826070189 0.7196695921528137 0.9984573852680293 0.7547754259163655 0.9996143463170073 0.7785234899328859 
0 0.09757038179714617 0.9994837377387713 0.03586579251831855 0.9994837377387713 0.14924797531816428 0.8508002065049045 0.17932896259159276 0.7986577181208053 0.1939838025453143 0.7583892617449665 0.19629772464327033 0.7356737222509034 0.1885846509834169 0.7217346411977285 0.1615888931739298 0.7041817243159525 0.19899730042421906 0.7217346411977285 0.20863864249903585 0.7367062467733608 0.20748168145005785 0.747031491997935 0.20748168145005785 0.771295818275684 0.20015426147319706 0.8105317501290655 0.16274585422290783 0.8905524006195147 0.09757038179714617 0.9994837377387713 
1 0.12456613960663325 0.4697986577181208 0.11839568067875048 0.46308724832214765 0.10952564596991901 0.4599896747547754 0.08098727342846124 0.4568921011874032 0.08214423447743927 0.44708311822405783 0.1110682607018897 0.44656685596282913 0.12495179328962591 0.4568921011874032 0.12456613960663325 0.4697986577181208 
1 0.546471268800617 0.610738255033557 0.5075202468183572 0.6086732059886423 0.5067489394523718 0.6004130098089829 0.499421519475511 0.5998967475477542 0.5001928268414964 0.5973154362416108 0.5468569224836097 0.5973154362416108 0.546471268800617 0.610738255033557 
1 0.5584265329733898 0.6112545172947857 0.5557269571924411 0.6112545172947857 0.5564982645584265 0.5983479607640682 0.5588121866563825 0.5988642230252968 0.5584265329733898 0.6112545172947857 
1 0.7057462398765908 0.6153846153846154 0.5696104897801774 0.6122870418172431 0.5684535287311994 0.6117707795560144 0.5688391824141921 0.5998967475477542 0.7080601619745469 0.6024780588538978 0.7057462398765908 0.6153846153846154 
1 0.891631315079059 0.6308724832214765 0.8399537215580409 0.6277749096541043 0.8326263015811801 0.6205472379969025 0.8260701889703047 0.6066081569437274 0.8924026224450443 0.6066081569437274 0.891631315079059 0.6308724832214765 
1 0.9919012726571539 0.6375838926174496 0.8958735055919784 0.6313887454827052 0.8947165445430004 0.6308724832214765 0.895102198225993 0.6071244192049561 0.9922869263401466 0.6071244192049561 0.9919012726571539 0.6375838926174496 
2 0.0 0.6009292720702116 0.0 0.5838926174496645 0.029695333590435788 0.5823438306659783 0.08137292711145391 0.5859576664945793 0.062475896644812956 0.5962829117191534 0.0 0.6009292720702116 
2 0.16081758580794447 0.6040268456375839 0.12225221750867721 0.6029943211151265 0.12186656382568453 0.5926690758905524 0.15966062475896645 0.5931853381517811 0.16120323949093715 0.5942178626742385 0.16081758580794447 0.6040268456375839 
2 0.44928654068646356 0.6138358286009292 0.4473582722715002 0.6045431078988126 0.4496721943694562 0.6050593701600413 0.44928654068646356 0.6138358286009292 
2 0.4616274585422291 0.614352090862158 0.45160046278441957 0.6138358286009292 0.45160046278441957 0.6050593701600413 0.4616274585422291 0.6050593701600413 0.4616274585422291 0.614352090862158 
2 0.47743925954492866 0.6148683531233867 0.46471268800617044 0.6148683531233867 0.4643270343231778 0.60557563242127 0.47743925954492866 0.60557563242127 0.47743925954492866 0.6148683531233867 
2 0.49325106054762824 0.6153846153846154 0.4874662553027381 0.6153846153846154 0.48785190898573083 0.6066081569437274 0.4936367142306209 0.6076406814661848 0.49325106054762824 0.6153846153846154 
2 0.546471268800617 0.6205472379969025 0.5071345931353645 0.6169334021683015 0.5067489394523718 0.6086732059886423 0.546471268800617 0.610738255033557 0.546471268800617 0.6205472379969025 
2 0.5580408792903973 0.6215797625193599 0.5557269571924411 0.6215797625193599 0.5561126108754338 0.6112545172947857 0.5584265329733898 0.6117707795560144 0.5580408792903973 0.6215797625193599 
2 0.6899344388738913 0.6329375322663914 0.5688391824141921 0.6226122870418173 0.5684535287311994 0.6122870418172431 0.7057462398765908 0.6159008776458441 0.7049749325106055 0.6215797625193599 0.6903200925568839 0.6308724832214765 0.6899344388738913 0.6329375322663914 
2 0.8908600077130736 0.6541042849767682 0.8360971847281141 0.6489416623644811 0.8468954878519089 0.6494579246257098 0.8445815657539529 0.6329375322663914 0.8403393752410335 0.6277749096541043 0.8873891245661396 0.6303562209602478 0.891631315079059 0.6313887454827052 0.8908600077130736 0.6541042849767682 
2 0.9915156189741612 0.6654620547237997 0.8962591592749711 0.6546205472379969 0.8947165445430004 0.6541042849767682 0.8947165445430004 0.6313887454827052 0.9915156189741612 0.6370676303562209 0.9915156189741612 0.6654620547237997 
2 0.7952178943308909 0.6442953020134228 0.7932896259159274 0.6442953020134228 0.7952178943308909 0.6442953020134228 
2 0.803316621673737 0.6453278265358803 0.802159660624759 0.6453278265358803 0.803316621673737 0.6453278265358803 
2 0.8087157732356344 0.645844088797109 0.8071731585036637 0.645844088797109 0.8087157732356344 0.645844088797109 
2 0.8141149247975318 0.6463603510583377 0.8118010026995758 0.6463603510583377 0.8141149247975318 0.6463603510583377 
2 0.8195140763594292 0.6468766133195664 0.8168145005784805 0.6468766133195664 0.8195140763594292 0.6468766133195664 
2 0.8249132279213266 0.6473928755807951 0.8214423447743926 0.6473928755807951 0.8249132279213266 0.6473928755807951 
2 0.8303123794832241 0.6479091378420238 0.8264558426532973 0.6479091378420238 0.8303123794832241 0.6479091378420238 
2 0.8357115310451215 0.6484254001032524 0.8310836868492094 0.6484254001032524 0.8357115310451215 0.6484254001032524 
4 0.0 0.624677336086732 0.0003856536829926726 0.6004130098089829 0.062475896644812956 0.5962829117191534 0.08060161974546858 0.5859576664945793 0.12225221750867721 0.5890552400619514 0.12186656382568453 0.6029943211151265 0.12495179328962591 0.6035105833763552 0.12495179328962591 0.6045431078988126 0.10451214809101426 0.6050593701600413 0.0 0.624677336086732 
4 0.25260316236020053 0.6086732059886423 0.24373312765136906 0.6076406814661848 0.24411878133436174 0.5937016004130098 0.2645584265329734 0.5931853381517811 0.2645584265329734 0.6024780588538978 0.25260316236020053 0.60557563242127 0.25260316236020053 0.6086732059886423 
4 0.9957578094870806 0.7114093959731543 0.9880447358272272 0.7114093959731543 0.9880447358272272 0.6943727413526071 0.9001156961048978 0.6814661848218895 0.8970304666409564 0.6819824470831182 0.8958735055919784 0.7046979865771812 0.8843038951021982 0.706763035622096 0.8839182414192056 0.6794011357769747 0.7898187427689934 0.664945792462571 0.7871191669880447 0.664945792462571 0.7863478596220594 0.6670108415074858 0.784419591207096 0.6881775942178626 0.7782491322792132 0.6881775942178626 0.7801774006941766 0.6623644811564274 0.7508677207867335 0.6582343830665979 0.7470111839568068 0.6732059886422302 0.7431546471268801 0.6732059886422302 0.7427689934438874 0.6577181208053692 0.6995757809487081 0.6530717604543108 0.6991901272657154 0.6695921528136293 0.694947936752796 0.6680433660299432 0.69263401465484 0.6489416623644811 0.6394138064018512 0.6448115642746515 0.6378711916698805 0.656169334021683 0.6317007327419977 0.656169334021683 0.631315079059005 0.642230252968508 0.5896644812957964 0.6396489416623645 0.586579251831855 0.6494579246257098 0.5827227150019283 0.6494579246257098 0.5823370613189356 0.6375838926174496 0.5495564982645584 0.6344863190500775 0.5491708445815657 0.6448115642746515 0.5414577709217123 0.6448115642746515 0.5426147319706903 0.6324212700051626 0.520632472040108 0.6313887454827052 0.5202468183571153 0.6396489416623645 0.5140763594292326 0.6396489416623645 0.5136907057462399 0.6293236964377904 0.5071345931353645 0.6277749096541043 0.5040493636714231 0.628291171915333 0.5040493636714231 0.6381001548786783 0.4951793289625916 0.6381001548786783 0.49479367527959894 0.6257098606091894 0.4893945237177015 0.624677336086732 0.48785190898573083 0.6360351058337635 0.48399537215580407 0.6360351058337635 0.4836097184728114 0.6257098606091894 0.478210566910914 0.624677336086732 0.4778249132279213 0.6329375322663914 0.46895487851908985 0.6313887454827052 0.4685692248360972 0.6220960247805886 0.45044350173544156 0.6210635002581312 0.44890088700347086 0.614352090862158 0.546471268800617 0.6205472379969025 0.5734670266101042 0.624677336086732 0.7018897030466641 0.6339700567888488 0.7921326648669494 0.6463603510583377 0.8958735055919784 0.6541042849767682 0.9996143463170073 0.6675271037687145 0.9996143463170073 0.6948890036138359 0.9957578094870806 0.7000516262261228 0.9957578094870806 0.7114093959731543 
3 0.23794832240647898 0.5844088797108932 0.23717701504049363 0.582860092927207 0.2221365214037794 0.5844088797108932 0.20863864249903585 0.5833763551884358 0.22020825298881605 0.5787299948373774 0.23833397608947166 0.5761486835312338 0.23794832240647898 0.5844088797108932 
3 0.24141920555341304 0.5895715023231802 0.23833397608947166 0.5854414042333506 0.23987659082144233 0.5844088797108932 0.24064789818742768 0.5761486835312338 0.2518318549942152 0.5787299948373774 0.2510605476282298 0.586473928755808 0.24141920555341304 0.5895715023231802 
3 0.2560740455071346 0.5859576664945793 0.2533744697261859 0.5859576664945793 0.25414577709217123 0.5782137325761487 0.2564596991901273 0.5787299948373774 0.2560740455071346 0.5859576664945793 
3 0.2699575780948708 0.5869901910170366 0.26108754338603934 0.5859576664945793 0.26108754338603934 0.5792462570986061 0.27188584650983416 0.5818275684047496 0.27227150019282687 0.5833763551884358 0.2699575780948708 0.5869901910170366 
