0 0.4639862804878049 0.47815040650406504 0.4502667682926829 0.4766260162601626 0.44340701219512196 0.4712906504065041 0.44302591463414637 0.4692581300813008 0.4447408536585366 0.4684959349593496 0.4477896341463415 0.4715447154471545 0.4496951219512195 0.4715447154471545 0.45179115853658536 0.4733231707317073 0.4639862804878049 0.4763719512195122 0.4639862804878049 0.47815040650406504 
0 0.36871189024390244 0.47484756097560976 0.3666158536585366 0.4720528455284553 0.3673780487804878 0.46875 0.3698551829268293 0.4720528455284553 0.36871189024390244 0.47484756097560976 
0 0.37614329268292684 0.48602642276422764 0.375 0.4845020325203252 0.3751905487804878 0.47840447154471544 0.37614329268292684 0.4799288617886179 0.37614329268292684 0.48602642276422764 
0 0.5064786585365854 0.5063516260162602 0.5053353658536586 0.5058434959349594 0.5051448170731707 0.5030487804878049 0.5064786585365854 0.5033028455284553 0.5064786585365854 0.5063516260162602 
0 0.5249618902439024 0.5160060975609756 0.5093368902439024 0.508130081300813 0.5091463414634146 0.5035569105691057 0.5278201219512195 0.5132113821138211 0.5249618902439024 0.5160060975609756 
0 0.2772484756097561 0.6303353658536586 0.2681021341463415 0.6270325203252033 0.3231707317073171 0.5619918699186992 0.3248856707317073 0.5619918699186992 0.3248856707317073 0.5602134146341463 0.32641006097560976 0.5581808943089431 0.3725228658536585 0.5050813008130082 0.37366615853658536 0.5083841463414634 0.3719512195121951 0.5109247967479674 0.3515625 0.5396341463414634 0.3325076219512195 0.5650406504065041 0.32717225609756095 0.5703760162601627 0.3283155487804878 0.570630081300813 0.32679115853658536 0.5726626016260162 0.2772484756097561 0.6303353658536586 
0 0.7019817073170732 0.6021341463414634 0.6322408536585366 0.5685975609756098 0.5682164634146342 0.5332825203252033 0.5333460365853658 0.5198170731707317 0.5352515243902439 0.5172764227642277 0.5405868902439024 0.5165142276422764 0.547827743902439 0.5193089430894309 0.5482088414634146 0.5200711382113821 0.5499237804878049 0.5200711382113821 0.5762195121951219 0.5302337398373984 0.5954649390243902 0.5396341463414634 0.5960365853658537 0.5411585365853658 0.5975609756097561 0.540650406504065 0.6089939024390244 0.546239837398374 0.6120426829268293 0.5485264227642277 0.6126143292682927 0.5480182926829268 0.6225228658536586 0.5528455284552846 0.6244283536585366 0.5538617886178862 0.6246189024390244 0.5551321138211383 0.6272865853658537 0.5553861788617886 0.6305259146341463 0.5571646341463414 0.6309070121951219 0.5584349593495935 0.6333841463414634 0.5586890243902439 0.6423399390243902 0.5640243902439024 0.7124618902439024 0.6003556910569106 0.7115091463414634 0.600609756097561 0.7075076219512195 0.5983231707317073 0.7019817073170732 0.6021341463414634 
0 0.9355945121951219 0.7390752032520326 0.9331173780487805 0.7383130081300813 0.8574695121951219 0.6928353658536586 0.799733231707317 0.6577743902439024 0.7740091463414634 0.6415142276422764 0.780297256097561 0.6371951219512195 0.7776295731707317 0.6351626016260162 0.8254573170731707 0.6570121951219512 0.9102515243902439 0.7047764227642277 0.9232088414634146 0.710619918699187 0.9571265243902439 0.7362804878048781 0.9557926829268293 0.7355182926829268 0.9331173780487805 0.7375508130081301 0.9355945121951219 0.7390752032520326 
0 0.20560213414634146 0.7240853658536586 0.20407774390243902 0.7240853658536586 0.20807926829268292 0.71875 0.19455030487804878 0.7159552845528455 0.23551829268292682 0.6653963414634146 0.24447408536585366 0.6707317073170732 0.24504573170731708 0.6699695121951219 0.2458079268292683 0.6707317073170732 0.20560213414634146 0.7240853658536586 
0 0.0 0.9433434959349594 0.00019054878048780488 0.8943089430894309 0.06097560975609756 0.8384146341463414 0.10994664634146341 0.7959857723577236 0.1291920731707317 0.782520325203252 0.15034298780487804 0.7842987804878049 0.13795731707317074 0.8005589430894309 0.0 0.9433434959349594 
5 0.5335365853658537 0.5195630081300813 0.5247713414634146 0.516260162601626 0.5280106707317073 0.5132113821138211 0.5356326219512195 0.5165142276422764 0.5335365853658537 0.5195630081300813 
5 0.7726753048780488 0.6422764227642277 0.6996951219512195 0.6036585365853658 0.7075076219512195 0.5983231707317073 0.780297256097561 0.6371951219512195 0.7726753048780488 0.6422764227642277 
5 0.24447408536585366 0.6707317073170732 0.23551829268292682 0.665650406504065 0.26714939024390244 0.6267784552845529 0.2770579268292683 0.630589430894309 0.24447408536585366 0.6707317073170732 
5 0.15053353658536586 0.7842987804878049 0.1326219512195122 0.7827743902439024 0.19302591463414634 0.7154471544715447 0.20807926829268292 0.7190040650406504 0.18540396341463414 0.7477134146341463 0.15053353658536586 0.7842987804878049 
5 0.9998094512195121 0.7789634146341463 0.9331173780487805 0.7375508130081301 0.9557926829268293 0.7355182926829268 0.9992378048780488 0.7619410569105691 0.9998094512195121 0.7627032520325203 0.9998094512195121 0.7789634146341463 
