0 0.93359375 0.287962962962963 0.93125 0.287962962962963 0.9309895833333334 0.28564814814814815 0.93359375 0.2847222222222222 0.93359375 0.287962962962963 
0 0.7041666666666667 0.39675925925925926 0.7026041666666667 0.39444444444444443 0.7 0.3939814814814815 0.7075520833333333 0.38472222222222224 0.7325520833333333 0.36574074074074076 0.80390625 0.30416666666666664 0.8122395833333333 0.29907407407407405 0.8515625 0.2916666666666667 0.90859375 0.2865740740740741 0.90859375 0.29074074074074074 0.8453125 0.2972222222222222 0.81171875 0.3023148148148148 0.8033854166666666 0.3106481481481482 0.78671875 0.3226851851851852 0.7408854166666666 0.36574074074074076 0.7041666666666667 0.39675925925925926 
0 0.9997395833333333 0.2962962962962963 0.9940104166666667 0.2962962962962963 0.99375 0.29444444444444445 0.9997395833333333 0.2935185185185185 0.9997395833333333 0.2962962962962963 
0 0.9705729166666667 0.29768518518518516 0.9671875 0.29768518518518516 0.9669270833333333 0.2949074074074074 0.9736979166666667 0.29444444444444445 0.9736979166666667 0.2972222222222222 0.9705729166666667 0.29768518518518516 
0 0.9802083333333333 0.2972222222222222 0.9778645833333334 0.2972222222222222 0.9776041666666667 0.29444444444444445 0.98125 0.29398148148148145 0.98125 0.2967592592592593 0.9802083333333333 0.2972222222222222 
0 0.9658854166666667 0.4152777777777778 0.9473958333333333 0.4134259259259259 0.9265625 0.4134259259259259 0.91484375 0.4111111111111111 0.9130208333333333 0.4083333333333333 0.9111979166666667 0.4027777777777778 0.9104166666666667 0.3726851851851852 0.9059895833333333 0.31574074074074077 0.9065104166666667 0.30462962962962964 0.9075520833333334 0.30972222222222223 0.91171875 0.3472222222222222 0.91484375 0.39351851851851855 0.9169270833333333 0.4 0.9307291666666667 0.40370370370370373 0.9447916666666667 0.40555555555555556 0.97421875 0.4041666666666667 0.9911458333333333 0.40185185185185185 0.99296875 0.3990740740740741 0.9927083333333333 0.3875 0.99765625 0.3962962962962963 0.9981770833333333 0.40555555555555556 0.99765625 0.4083333333333333 0.9833333333333333 0.4134259259259259 0.9658854166666667 0.4152777777777778 
0 0.5950520833333334 0.4962962962962963 0.59140625 0.4875 0.5919270833333333 0.4861111111111111 0.6872395833333333 0.4027777777777778 0.6924479166666667 0.4009259259259259 0.69453125 0.4046296296296296 0.5950520833333334 0.4962962962962963 
0 0.16171875 0.999537037037037 0.128125 0.999537037037037 0.18802083333333333 0.9194444444444444 0.1890625 0.9361111111111111 0.19140625 0.9527777777777777 0.19375 0.9606481481481481 0.16171875 0.999537037037037 
1 0.8143229166666667 0.29907407407407405 0.8122395833333333 0.29907407407407405 0.8122395833333333 0.27685185185185185 0.8057291666666667 0.27546296296296297 0.8260416666666667 0.26435185185185184 0.8317708333333333 0.26296296296296295 0.83203125 0.26435185185185184 0.82421875 0.26990740740740743 0.8369791666666667 0.2675925925925926 0.90859375 0.26157407407407407 0.90859375 0.2861111111111111 0.8515625 0.2916666666666667 0.8296875 0.2949074074074074 0.8143229166666667 0.29907407407407405 
1 0.9315104166666667 0.2763888888888889 0.93125 0.26296296296296295 0.9346354166666667 0.2611111111111111 0.9372395833333333 0.26157407407407407 0.9375 0.2652777777777778 0.9356770833333333 0.2652777777777778 0.9346354166666667 0.2671296296296296 0.9330729166666667 0.2740740740740741 0.9315104166666667 0.2763888888888889 
1 0.9604166666666667 0.28888888888888886 0.959375 0.28888888888888886 0.959375 0.28194444444444444 0.9580729166666667 0.27546296296296297 0.9546875 0.2759259259259259 0.9526041666666667 0.27870370370370373 0.9515625 0.2828703703703704 0.9526041666666667 0.26851851851851855 0.9596354166666666 0.2722222222222222 0.9604166666666667 0.28888888888888886 
1 0.9997395833333333 0.2912037037037037 0.99375 0.29074074074074074 0.9942708333333333 0.27175925925925926 0.9997395833333333 0.27175925925925926 0.9997395833333333 0.2912037037037037 
1 0.98125 0.2898148148148148 0.9776041666666667 0.2898148148148148 0.9776041666666667 0.2726851851851852 0.9815104166666667 0.2726851851851852 0.98125 0.2898148148148148 
1 0.9734375 0.2898148148148148 0.9669270833333333 0.28935185185185186 0.9671875 0.27314814814814814 0.9734375 0.27314814814814814 0.9734375 0.2898148148148148 
1 0.9322916666666666 0.2851851851851852 0.9309895833333334 0.2851851851851852 0.9309895833333334 0.2824074074074074 0.93359375 0.2810185185185185 0.93359375 0.2847222222222222 0.9322916666666666 0.2851851851851852 
1 0.7651041666666667 0.33287037037037037 0.76328125 0.33287037037037037 0.7635416666666667 0.3013888888888889 0.784375 0.287962962962963 0.7877604166666666 0.2875 0.78828125 0.31296296296296294 0.7651041666666667 0.33287037037037037 
1 0.0015625 0.49027777777777776 0.0 0.49027777777777776 0.0 0.4708333333333333 0.07109375 0.44814814814814813 0.11953125 0.4393518518518518 0.12786458333333334 0.43472222222222223 0.159375 0.4356481481481482 0.1671875 0.43796296296296294 0.19010416666666666 0.4388888888888889 0.16796875 0.4425925925925926 0.16328125 0.45092592592592595 0.16328125 0.45416666666666666 0.12864583333333332 0.45555555555555555 0.0015625 0.49027777777777776 
1 0.24661458333333333 0.6046296296296296 0.2390625 0.6046296296296296 0.23671875 0.6027777777777777 0.2328125 0.5212962962962963 0.22838541666666667 0.5175925925925926 0.15807291666666667 0.5162037037037037 0.15442708333333333 0.49398148148148147 0.171875 0.46944444444444444 0.1875 0.4652777777777778 0.1921875 0.4652777777777778 0.19296875 0.4736111111111111 0.19609375 0.487962962962963 0.22421875 0.487962962962963 0.22447916666666667 0.48333333333333334 0.22890625 0.48333333333333334 0.2328125 0.4976851851851852 0.2677083333333333 0.5467592592592593 0.2674479166666667 0.5888888888888889 0.2484375 0.5884259259259259 0.24661458333333333 0.6046296296296296 
1 0.0005208333333333333 0.7689814814814815 0.0 0.7689814814814815 0.0 0.5194444444444445 0.11979166666666667 0.5231481481481481 0.13645833333333332 0.5268518518518519 0.16302083333333334 0.5634259259259259 0.13125 0.5601851851851852 0.11744791666666667 0.5675925925925925 0.12786458333333334 0.6875 0.0005208333333333333 0.7689814814814815 
1 0.17890625 0.6273148148148148 0.17708333333333334 0.6240740740740741 0.17421875 0.5805555555555556 0.17552083333333332 0.5828703703703704 0.18203125 0.6018518518518519 0.18255208333333334 0.6268518518518519 0.17890625 0.6273148148148148 
5 0.6947916666666667 0.4046296296296296 0.6921875 0.4009259259259259 0.7 0.39351851851851855 0.7026041666666667 0.39444444444444443 0.7036458333333333 0.3972222222222222 0.6947916666666667 0.4046296296296296 
2 0.26588541666666665 0.5912037037037037 0.2643229166666667 0.5893518518518519 0.2674479166666667 0.5888888888888889 0.2677083333333333 0.5467592592592593 0.24348958333333334 0.512962962962963 0.25234375 0.5060185185185185 0.43671875 0.4324074074074074 0.4479166666666667 0.4324074074074074 0.45234375 0.4449074074074074 0.46171875 0.4486111111111111 0.46640625 0.47129629629629627 0.48723958333333334 0.47129629629629627 0.48932291666666666 0.4791666666666667 0.48932291666666666 0.48009259259259257 0.46197916666666666 0.4976851851851852 0.45807291666666666 0.5138888888888888 0.4354166666666667 0.5296296296296297 0.42239583333333336 0.5273148148148148 0.37265625 0.5282407407407408 0.35885416666666664 0.5328703703703703 0.334375 0.5342592592592592 0.32395833333333335 0.5398148148148149 0.32317708333333334 0.5370370370370371 0.32005208333333335 0.5337962962962963 0.3145833333333333 0.5351851851851852 0.31015625 0.5398148148148149 0.3104166666666667 0.5481481481481482 0.26588541666666665 0.5912037037037037 
2 0.045572916666666664 0.5208333333333334 0.00026041666666666666 0.5199074074074074 0.0 0.49074074074074076 0.12864583333333332 0.45555555555555555 0.18203125 0.4532407407407407 0.19114583333333332 0.45694444444444443 0.19453125 0.46296296296296297 0.19244791666666666 0.4652777777777778 0.1875 0.4652777777777778 0.171875 0.46944444444444444 0.15494791666666666 0.4930555555555556 0.1546875 0.4949074074074074 0.13177083333333334 0.4935185185185185 0.045572916666666664 0.5208333333333334 
2 0.421875 0.5009259259259259 0.4234375 0.4981481481481482 0.42213541666666665 0.48518518518518516 0.41328125 0.48518518518518516 0.4109375 0.48935185185185187 0.4109375 0.4981481481481482 0.41328125 0.500462962962963 0.421875 0.5009259259259259 
2 0.36953125 0.5254629629629629 0.37734375 0.5231481481481481 0.37942708333333336 0.5208333333333334 0.378125 0.5106481481481482 0.37395833333333334 0.5069444444444444 0.36822916666666666 0.5087962962962963 0.365625 0.5189814814814815 0.36953125 0.5254629629629629 
2 0.00026041666666666666 0.8537037037037037 0.0 0.7689814814814815 0.12786458333333334 0.6875 0.11770833333333333 0.5671296296296297 0.13125 0.5601851851851852 0.16458333333333333 0.5638888888888889 0.16328125 0.5175925925925926 0.16822916666666668 0.5162037037037037 0.17994791666666668 0.5175925925925926 0.22838541666666667 0.5175925925925926 0.23307291666666666 0.5222222222222223 0.2359375 0.5837962962962963 0.22604166666666667 0.5828703703703704 0.2203125 0.586574074074074 0.17369791666666667 0.5773148148148148 0.18411458333333333 0.7199074074074074 0.00026041666666666666 0.8537037037037037 
