0 0.6268382352941176 0.7169117647058824 0.6246936274509803 0.7169117647058824 0.6246936274509803 0.7107843137254902 0.6746323529411765 0.7103758169934641 0.6703431372549019 0.7132352941176471 0.6268382352941176 0.7169117647058824 
0 0.6182598039215687 0.7169117647058824 0.5940563725490197 0.7169117647058824 0.586703431372549 0.7148692810457516 0.5805759803921569 0.7148692810457516 0.5802696078431373 0.7132352941176471 0.5983455882352942 0.7144607843137255 0.6014093137254902 0.7132352941176471 0.6029411764705882 0.7111928104575164 0.617953431372549 0.7111928104575164 0.6182598039215687 0.7169117647058824 
0 0.3789828431372549 0.7218137254901961 0.37714460784313725 0.7218137254901961 0.37683823529411764 0.7205882352941176 0.3789828431372549 0.7201797385620915 0.3789828431372549 0.7218137254901961 
0 0.3088235294117647 0.7336601307189542 0.3017769607843137 0.7336601307189542 0.3014705882352941 0.7328431372549019 0.30392156862745096 0.7312091503267973 0.35049019607843135 0.7230392156862745 0.3753063725490196 0.7209967320261438 0.3753063725490196 0.7218137254901961 0.37193627450980393 0.7226307189542484 0.3088235294117647 0.7336601307189542 
0 0.49111519607843135 0.7295751633986928 0.47702205882352944 0.7218137254901961 0.48223039215686275 0.7214052287581699 0.4895833333333333 0.7254901960784313 0.49234068627450983 0.7275326797385621 0.49111519607843135 0.7295751633986928 
0 0.9996936274509803 0.9244281045751634 0.7922794117647058 0.860702614379085 0.7938112745098039 0.860702614379085 0.7938112745098039 0.8484477124183006 0.7662377450980392 0.8386437908496732 0.7634803921568627 0.8423202614379085 0.7622549019607843 0.8484477124183006 0.7659313725490197 0.8504901960784313 0.765625 0.8513071895424836 0.6155024509803921 0.7883986928104575 0.617953431372549 0.7888071895424836 0.6191789215686274 0.7855392156862745 0.6130514705882353 0.7814542483660131 0.6112132352941176 0.7818627450980392 0.6124387254901961 0.7871732026143791 0.5934436274509803 0.7794117647058824 0.4957107843137255 0.7328431372549019 0.4987745098039216 0.7308006535947712 0.5162377450980392 0.7406045751633987 0.6170343137254902 0.7802287581699346 0.7362132352941176 0.8190359477124183 0.8606004901960784 0.8558006535947712 0.9996936274509803 0.8872549019607843 0.9996936274509803 0.9244281045751634 
0 0.2665441176470588 0.7410130718954249 0.2643995098039216 0.7410130718954249 0.26286764705882354 0.738562091503268 0.28125 0.7352941176470589 0.28370098039215685 0.7352941176470589 0.2846200980392157 0.7369281045751634 0.2665441176470588 0.7410130718954249 
0 0.2861519607843137 0.7369281045751634 0.2849264705882353 0.7369281045751634 0.2861519607843137 0.7369281045751634 
0 0.0 0.7802287581699346 0.0 0.7716503267973857 0.053002450980392156 0.7679738562091504 0.05238970588235294 0.7757352941176471 0.0 0.7802287581699346 
0 0.6139705882352942 0.7875816993464052 0.6130514705882353 0.7875816993464052 0.6139705882352942 0.7875816993464052 
0 0.6151960784313726 0.7879901960784313 0.6139705882352942 0.7879901960784313 0.6151960784313726 0.7879901960784313 
0 0.7889093137254902 0.8594771241830066 0.7879901960784313 0.8594771241830066 0.7889093137254902 0.8594771241830066 
0 0.7904411764705882 0.8598856209150327 0.7892156862745098 0.8598856209150327 0.7904411764705882 0.8598856209150327 
0 0.7919730392156863 0.8602941176470589 0.7907475490196079 0.8602941176470589 0.7919730392156863 0.8602941176470589 
1 0.09037990196078431 0.7299836601307189 0.08302696078431372 0.7299836601307189 0.08272058823529412 0.7246732026143791 0.08026960784313726 0.7169117647058824 0.07536764705882353 0.7111928104575164 0.0701593137254902 0.7128267973856209 0.06862745098039216 0.7148692810457516 0.06862745098039216 0.7218137254901961 0.0664828431372549 0.7230392156862745 0.0625 0.7299836601307189 0.0 0.7299836601307189 0.0 0.6948529411764706 0.06311274509803921 0.7001633986928104 0.13174019607843138 0.7034313725490197 0.13020833333333334 0.7050653594771242 0.11550245098039216 0.7095588235294118 0.09037990196078431 0.7299836601307189 
1 0.35049019607843135 0.7185457516339869 0.3394607843137255 0.7185457516339869 0.3388480392156863 0.7116013071895425 0.34129901960784315 0.7111928104575164 0.34129901960784315 0.7148692810457516 0.3428308823529412 0.7169117647058824 0.3440563725490196 0.7169117647058824 0.3443627450980392 0.7111928104575164 0.35049019607843135 0.7111928104575164 0.35049019607843135 0.7185457516339869 
1 0.06985294117647059 0.7299836601307189 0.0664828431372549 0.7299836601307189 0.06770833333333333 0.7283496732026143 0.06985294117647059 0.7283496732026143 0.06985294117647059 0.7299836601307189 
5 0.2849264705882353 0.7369281045751634 0.28370098039215685 0.7348856209150327 0.3014705882352941 0.7316176470588235 0.3014705882352941 0.7336601307189542 0.2849264705882353 0.7369281045751634 
2 0.49693627450980393 0.7201797385620915 0.49080882352941174 0.7185457516339869 0.49111519607843135 0.7079248366013072 0.4966299019607843 0.7083333333333334 0.49693627450980393 0.7201797385620915 
2 0.5220588235294118 0.7279411764705882 0.4990808823529412 0.7209967320261438 0.49816176470588236 0.7083333333333334 0.5 0.7083333333333334 0.5003063725490197 0.7148692810457516 0.5232843137254902 0.7169117647058824 0.5232843137254902 0.7250816993464052 0.5220588235294118 0.7279411764705882 
2 0.5903799019607843 0.7483660130718954 0.5281862745098039 0.7299836601307189 0.5263480392156863 0.7250816993464052 0.5263480392156863 0.7177287581699346 0.5563725490196079 0.7197712418300654 0.5989583333333334 0.738562091503268 0.6004901960784313 0.7467320261437909 0.5903799019607843 0.7483660130718954 
2 0.3391544117647059 0.7234477124183006 0.33609068627450983 0.7218137254901961 0.3391544117647059 0.7181372549019608 0.35049019607843135 0.7201797385620915 0.35049019607843135 0.7218137254901961 0.3391544117647059 0.7234477124183006 
2 0.0 0.7618464052287581 0.0 0.7299836601307189 0.06219362745098039 0.7303921568627451 0.05606617647058824 0.7401960784313726 0.05943627450980392 0.7406045751633987 0.05759803921568627 0.7434640522875817 0.06096813725490196 0.7401960784313726 0.0625 0.741421568627451 0.06372549019607843 0.7434640522875817 0.06372549019607843 0.7483660130718954 0.06096813725490196 0.7532679738562091 0.056372549019607844 0.7549019607843137 0.0545343137254902 0.758578431372549 0.0 0.7618464052287581 
2 0.07077205882352941 0.741421568627451 0.06219362745098039 0.7393790849673203 0.061274509803921566 0.7369281045751634 0.0664828431372549 0.7299836601307189 0.06985294117647059 0.7299836601307189 0.06985294117647059 0.7373366013071896 0.06862745098039216 0.7401960784313726 0.07230392156862746 0.7406045751633987 0.07077205882352941 0.741421568627451 
2 0.08333333333333333 0.735702614379085 0.08026960784313726 0.7348856209150327 0.08057598039215687 0.7316176470588235 0.08272058823529412 0.7316176470588235 0.08302696078431372 0.7299836601307189 0.0900735294117647 0.7303921568627451 0.08333333333333333 0.735702614379085 
