0 0.5510912698412699 0.7572751322751323 0.5290178571428571 0.753968253968254 0.5282738095238095 0.7536375661375662 0.5282738095238095 0.7506613756613757 0.5523313492063492 0.7542989417989417 0.5510912698412699 0.7572751322751323 
0 0.6515376984126984 0.767526455026455 0.5696924603174603 0.7628968253968254 0.5600198412698413 0.7582671957671958 0.5627480158730159 0.7546296296296297 0.5763888888888888 0.7579365079365079 0.5863095238095238 0.7585978835978836 0.5863095238095238 0.7628968253968254 0.5887896825396826 0.7628968253968254 0.5890376984126984 0.7589285714285714 0.5982142857142857 0.7592592592592593 0.6237599206349206 0.7619047619047619 0.6242559523809523 0.7645502645502645 0.6277281746031746 0.7658730158730159 0.6279761904761905 0.7625661375661376 0.6750992063492064 0.7625661375661376 0.6753472222222222 0.7645502645502645 0.6788194444444444 0.7645502645502645 0.6790674603174603 0.7625661375661376 0.6857638888888888 0.7625661375661376 0.6860119047619048 0.7658730158730159 0.6882440476190477 0.7658730158730159 0.6882440476190477 0.7632275132275133 0.6897321428571429 0.7625661375661376 0.7130456349206349 0.7628968253968254 0.7130456349206349 0.7658730158730159 0.6515376984126984 0.767526455026455 
0 0.11359126984126984 0.767526455026455 0.0 0.767526455026455 0.0 0.7645502645502645 0.1284722222222222 0.7645502645502645 0.12748015873015872 0.7668650793650794 0.11359126984126984 0.767526455026455 
0 0.037450396825396824 0.7919973544973545 0.03571428571428571 0.7876984126984127 0.029265873015873016 0.7880291005291006 0.04017857142857143 0.783068783068783 0.0625 0.7754629629629629 0.061507936507936505 0.7738095238095238 0.05555555555555555 0.7738095238095238 0.0 0.7771164021164021 0.0 0.7738095238095238 0.04836309523809524 0.7721560846560847 0.0662202380952381 0.7721560846560847 0.07217261904761904 0.7738095238095238 0.07341269841269842 0.7833994708994709 0.037450396825396824 0.7919973544973545 
0 0.6790674603174603 0.7923280423280423 0.6540178571428571 0.7817460317460317 0.6547619047619048 0.7724867724867724 0.6574900793650794 0.7721560846560847 0.6741071428571429 0.7896825396825397 0.6790674603174603 0.7923280423280423 
0 0.7447916666666666 0.8210978835978836 0.6961805555555556 0.7986111111111112 0.7046130952380952 0.7956349206349206 0.7142857142857143 0.7956349206349206 0.734375 0.8035714285714286 0.7447916666666666 0.8210978835978836 
0 0.9997519841269841 0.9365079365079365 0.9476686507936508 0.9146825396825397 0.9474206349206349 0.9113756613756614 0.9997519841269841 0.9110449735449735 0.9997519841269841 0.9365079365079365 
1 0.6240079365079365 0.7622354497354498 0.5890376984126984 0.7589285714285714 0.5900297619047619 0.7278439153439153 0.5882936507936508 0.7314814814814815 0.5863095238095238 0.7585978835978836 0.5763888888888888 0.7579365079365079 0.5627480158730159 0.7546296296296297 0.560515873015873 0.7562830687830688 0.5565476190476191 0.7562830687830688 0.5530753968253969 0.7529761904761905 0.5523313492063492 0.7542989417989417 0.5505952380952381 0.7542989417989417 0.529265873015873 0.7506613756613757 0.5282738095238095 0.7503306878306878 0.5282738095238095 0.732473544973545 0.5252976190476191 0.7218915343915344 0.5461309523809523 0.7152777777777778 0.5510912698412699 0.7166005291005291 0.5590277777777778 0.7086640211640212 0.5828373015873016 0.7040343915343915 0.6111111111111112 0.7060185185185185 0.6111111111111112 0.7423941798941799 0.6240079365079365 0.7427248677248677 0.6240079365079365 0.7622354497354498 
1 0.7113095238095238 0.7156084656084656 0.7113095238095238 0.7136243386243386 0.7113095238095238 0.7156084656084656 
1 0.7115575396825397 0.7232142857142857 0.7115575396825397 0.7199074074074074 0.7115575396825397 0.7232142857142857 
1 0.605406746031746 0.7595899470899471 0.6088789682539683 0.7248677248677249 0.5969742063492064 0.7215608465608465 0.5932539682539683 0.7566137566137566 0.595734126984127 0.7566137566137566 0.5959821428571429 0.7503306878306878 0.6039186507936508 0.7513227513227513 0.6039186507936508 0.7595899470899471 0.605406746031746 0.7595899470899471 
1 0.7118055555555556 0.7308201058201058 0.7118055555555556 0.7261904761904762 0.7118055555555556 0.7308201058201058 
1 0.7120535714285714 0.7384259259259259 0.7120535714285714 0.7328042328042328 0.7120535714285714 0.7384259259259259 
1 0.6951884920634921 0.7625661375661376 0.689484126984127 0.7625661375661376 0.6902281746031746 0.7427248677248677 0.7120535714285714 0.7423941798941799 0.7123015873015873 0.7390873015873016 0.7123015873015873 0.7450396825396826 0.7105654761904762 0.7486772486772487 0.7105654761904762 0.7552910052910053 0.7127976190476191 0.7612433862433863 0.6951884920634921 0.7625661375661376 
1 0.6750992063492064 0.7625661375661376 0.6279761904761905 0.7625661375661376 0.626984126984127 0.7427248677248677 0.6755952380952381 0.7423941798941799 0.6750992063492064 0.7625661375661376 
1 0.6857638888888888 0.7625661375661376 0.6790674603174603 0.7625661375661376 0.6788194444444444 0.7552910052910053 0.6857638888888888 0.7549603174603174 0.6857638888888888 0.7625661375661376 
5 0.5620039682539683 0.7592592592592593 0.5505952380952381 0.7582671957671958 0.5530753968253969 0.7529761904761905 0.5565476190476191 0.7562830687830688 0.560515873015873 0.7562830687830688 0.5620039682539683 0.7552910052910053 0.5600198412698413 0.7582671957671958 0.5620039682539683 0.7592592592592593 
5 0.13740079365079366 0.7671957671957672 0.12748015873015872 0.7668650793650794 0.12921626984126985 0.7632275132275133 0.1515376984126984 0.7638888888888888 0.21428571428571427 0.7619047619047619 0.21453373015873015 0.7628968253968254 0.21453373015873015 0.7645502645502645 0.13740079365079366 0.7671957671957672 
5 0.6941964285714286 0.7992724867724867 0.6892361111111112 0.7956349206349206 0.6741071428571429 0.7896825396825397 0.6654265873015873 0.7787698412698413 0.6716269841269841 0.7784391534391535 0.7075892857142857 0.7923280423280423 0.7080853174603174 0.792989417989418 0.707093253968254 0.7943121693121693 0.7085813492063492 0.7946428571428571 0.6941964285714286 0.7992724867724867 
5 0.0 0.8029100529100529 0.0 0.794973544973545 0.02703373015873016 0.7880291005291006 0.03571428571428571 0.7876984126984127 0.03695436507936508 0.7926587301587301 0.0 0.8029100529100529 
3 0.13045634920634921 0.9950396825396826 0.12475198412698413 0.9940476190476191 0.12648809523809523 0.9874338624338624 0.12921626984126985 0.9857804232804233 0.14732142857142858 0.9861111111111112 0.14211309523809523 0.9933862433862434 0.13045634920634921 0.9950396825396826 
