1 0.0 0.8525326797385621 0.0 0.7132352941176471 0.04871323529411765 0.7173202614379085 0.027573529411764705 0.8480392156862745 0.0 0.8525326797385621 
1 0.042279411764705885 0.8459967320261438 0.04105392156862745 0.8459967320261438 0.041666666666666664 0.8410947712418301 0.06158088235294118 0.7185457516339869 0.36795343137254904 0.7463235294117647 0.41299019607843135 0.7520424836601307 0.4117647058823529 0.7867647058823529 0.042279411764705885 0.8459967320261438 
1 0.41513480392156865 0.7863562091503268 0.41329656862745096 0.7863562091503268 0.41482843137254904 0.7520424836601307 0.44577205882352944 0.7544934640522876 0.44546568627450983 0.7826797385620915 0.41513480392156865 0.7863562091503268 
1 0.4644607843137255 0.7806372549019608 0.4647671568627451 0.7569444444444444 0.47518382352941174 0.7577614379084967 0.47487745098039214 0.7745098039215687 0.46629901960784315 0.7741013071895425 0.46629901960784315 0.7802287581699346 0.4644607843137255 0.7806372549019608 
1 0.47824754901960786 0.7745098039215687 0.47702205882352944 0.7745098039215687 0.47763480392156865 0.7581699346405228 0.47824754901960786 0.758578431372549 0.47824754901960786 0.7745098039215687 
1 0.6302083333333334 0.7671568627450981 0.5989583333333334 0.766748366013072 0.6004901960784313 0.7659313725490197 0.6011029411764706 0.7634803921568627 0.6283700980392157 0.7634803921568627 0.6295955882352942 0.7647058823529411 0.6302083333333334 0.7671568627450981 
1 0.7306985294117647 0.7916666666666666 0.7000612745098039 0.7871732026143791 0.6988357843137255 0.7843137254901961 0.696078431372549 0.7839052287581699 0.6954656862745098 0.7818627450980392 0.6957720588235294 0.7802287581699346 0.6991421568627451 0.7802287581699346 0.6979166666666666 0.7716503267973857 0.6893382352941176 0.7712418300653595 0.6890318627450981 0.7651143790849673 0.7310049019607843 0.7671568627450981 0.7319240196078431 0.7806372549019608 0.7306985294117647 0.7916666666666666 
1 0.6369485294117647 0.7687908496732027 0.6354166666666666 0.7683823529411765 0.6360294117647058 0.7651143790849673 0.6369485294117647 0.7659313725490197 0.6369485294117647 0.7687908496732027 
1 0.6439950980392157 0.7687908496732027 0.6397058823529411 0.7687908496732027 0.6393995098039216 0.7659313725490197 0.6439950980392157 0.7655228758169934 0.6439950980392157 0.7687908496732027 
1 0.6819852941176471 0.7708333333333334 0.6461397058823529 0.7691993464052288 0.6458333333333334 0.7659313725490197 0.6819852941176471 0.7655228758169934 0.6819852941176471 0.7708333333333334 
1 0.6887254901960784 0.7708333333333334 0.6841299019607843 0.7708333333333334 0.6838235294117647 0.7659313725490197 0.6853553921568627 0.7655228758169934 0.6881127450980392 0.7679738562091504 0.6887254901960784 0.7708333333333334 
1 0.7833946078431373 0.7994281045751634 0.7469362745098039 0.7965686274509803 0.7460171568627451 0.7781862745098039 0.7469362745098039 0.7769607843137255 0.7723651960784313 0.7794117647058824 0.7781862745098039 0.7928921568627451 0.7821691176470589 0.7949346405228758 0.7833946078431373 0.7994281045751634 
2 0.5030637254901961 0.7651143790849673 0.5030637254901961 0.7544934640522876 0.5113357843137255 0.7544934640522876 0.5113357843137255 0.7602124183006536 0.5049019607843137 0.7610294117647058 0.5030637254901961 0.7651143790849673 
2 0.5245098039215687 0.7647058823529411 0.5208333333333334 0.7618464052287581 0.5131740196078431 0.761437908496732 0.5122549019607843 0.7606209150326797 0.5125612745098039 0.7544934640522876 0.5245098039215687 0.755718954248366 0.5263480392156863 0.7602124183006536 0.5245098039215687 0.7647058823529411 
2 0.4644607843137255 0.7916666666666666 0.4638480392156863 0.7810457516339869 0.46629901960784315 0.7802287581699346 0.46629901960784315 0.7855392156862745 0.4678308823529412 0.7859477124183006 0.4678308823529412 0.7908496732026143 0.4644607843137255 0.7916666666666666 
2 0.4181985294117647 0.8026960784313726 0.4163602941176471 0.8026960784313726 0.41452205882352944 0.7969771241830066 0.41299019607843135 0.7973856209150327 0.41360294117647056 0.7863562091503268 0.44546568627450983 0.7830882352941176 0.44546568627450983 0.7949346405228758 0.4181985294117647 0.8026960784313726 
2 0.030330882352941176 0.9162581699346405 0.04136029411764706 0.8459967320261438 0.4114583333333333 0.7871732026143791 0.4111519607843137 0.7977941176470589 0.40870098039215685 0.798202614379085 0.4056372549019608 0.8055555555555556 0.4068627450980392 0.8059640522875817 0.2864583333333333 0.8423202614379085 0.11458333333333333 0.8888888888888888 0.030330882352941176 0.9162581699346405 
2 0.46139705882352944 0.7920751633986928 0.46047794117647056 0.7916666666666666 0.46139705882352944 0.7920751633986928 
2 0.0 0.926062091503268 0.0 0.8529411764705882 0.0272671568627451 0.8480392156862745 0.015625 0.920751633986928 0.0 0.926062091503268 
4 0.5009191176470589 0.7708333333333334 0.5009191176470589 0.7671568627450981 0.5009191176470589 0.7708333333333334 
4 0.7003676470588235 0.7908496732026143 0.6571691176470589 0.7843137254901961 0.65625 0.7839052287581699 0.6565563725490197 0.7802287581699346 0.6547181372549019 0.7753267973856209 0.6418504901960784 0.7745098039215687 0.6400122549019608 0.7810457516339869 0.6381740196078431 0.7753267973856209 0.6253063725490197 0.7745098039215687 0.625 0.7781862745098039 0.6176470588235294 0.7765522875816994 0.6173406862745098 0.7700163398692811 0.6161151960784313 0.7704248366013072 0.6158088235294118 0.7761437908496732 0.6081495098039216 0.7757352941176471 0.6066176470588235 0.7700163398692811 0.6056985294117647 0.7753267973856209 0.602328431372549 0.7753267973856209 0.6001838235294118 0.7745098039215687 0.5989583333333334 0.7675653594771242 0.6326593137254902 0.7671568627450981 0.6393995098039216 0.7696078431372549 0.6452205882352942 0.7687908496732027 0.6801470588235294 0.7704248366013072 0.6819852941176471 0.7708333333333334 0.6822916666666666 0.7732843137254902 0.6838235294117647 0.7732843137254902 0.6841299019607843 0.7708333333333334 0.6979166666666666 0.7712418300653595 0.6991421568627451 0.7802287581699346 0.6957720588235294 0.7802287581699346 0.6954656862745098 0.7818627450980392 0.696078431372549 0.7839052287581699 0.6991421568627451 0.7851307189542484 0.7003676470588235 0.7908496732026143 
4 0.4684436274509804 0.7961601307189542 0.4678308823529412 0.7859477124183006 0.46629901960784315 0.7855392156862745 0.46629901960784315 0.7741013071895425 0.49417892156862747 0.7741013071895425 0.49724264705882354 0.7724673202614379 0.4993872549019608 0.7728758169934641 0.5 0.7716503267973857 0.5024509803921569 0.7720588235294118 0.5027573529411765 0.7683823529411765 0.5058210784313726 0.7720588235294118 0.5049019607843137 0.7839052287581699 0.5021446078431373 0.7871732026143791 0.4684436274509804 0.7961601307189542 
4 0.9996936274509803 0.8615196078431373 0.9261642156862745 0.8459967320261438 0.9053308823529411 0.8390522875816994 0.9117647058823529 0.8300653594771242 0.9295343137254902 0.8304738562091504 0.9286151960784313 0.8218954248366013 0.9185049019607843 0.8218954248366013 0.9166666666666666 0.8006535947712419 0.9267769607843137 0.7990196078431373 0.9283088235294118 0.8022875816993464 0.9592524509803921 0.8026960784313726 0.9996936274509803 0.8075980392156863 0.9996936274509803 0.8615196078431373 
3 0.48131127450980393 0.7671568627450981 0.4803921568627451 0.7671568627450981 0.4806985294117647 0.7651143790849673 0.48131127450980393 0.7655228758169934 0.48131127450980393 0.7671568627450981 
3 0.4849877450980392 0.7675653594771242 0.4837622549019608 0.7675653594771242 0.484375 0.7655228758169934 0.4849877450980392 0.7659313725490197 0.4849877450980392 0.7675653594771242 
3 0.4877450980392157 0.7675653594771242 0.48743872549019607 0.7655228758169934 0.4877450980392157 0.7675653594771242 
3 0.49295343137254904 0.7675653594771242 0.49080882352941174 0.7671568627450981 0.49264705882352944 0.7659313725490197 0.49295343137254904 0.7675653594771242 
3 0.49724264705882354 0.7679738562091504 0.4944852941176471 0.7679738562091504 0.49417892156862747 0.766748366013072 0.49724264705882354 0.7663398692810458 0.49724264705882354 0.7679738562091504 
3 0.5006127450980392 0.7679738562091504 0.4993872549019608 0.7671568627450981 0.5009191176470589 0.766748366013072 0.5006127450980392 0.7679738562091504 
