0 0.4727328431372549 0.6102941176470589 0.47150735294117646 0.6090686274509803 0.4721200980392157 0.6066176470588235 0.49724264705882354 0.5992647058823529 0.49724264705882354 0.6013071895424836 0.4727328431372549 0.6102941176470589 
0 0.5490196078431373 0.6176470588235294 0.5484068627450981 0.616421568627451 0.5600490196078431 0.610702614379085 0.5603553921568627 0.6119281045751634 0.5490196078431373 0.6176470588235294 
0 0.3704044117647059 0.6446078431372549 0.3440563725490196 0.6413398692810458 0.34160539215686275 0.6356209150326797 0.34957107843137253 0.633578431372549 0.3550857843137255 0.6343954248366013 0.3553921568627451 0.636437908496732 0.36151960784313725 0.636437908496732 0.36182598039215685 0.6352124183006536 0.36917892156862747 0.6360294117647058 0.4414828431372549 0.6168300653594772 0.4414828431372549 0.6209150326797386 0.3704044117647059 0.6446078431372549 
0 0.5756740196078431 0.6466503267973857 0.5683210784313726 0.6446078431372549 0.5631127450980392 0.6397058823529411 0.5637254901960784 0.6368464052287581 0.5392156862745098 0.6184640522875817 0.5389093137254902 0.6172385620915033 0.5634191176470589 0.633578431372549 0.5750612745098039 0.6331699346405228 0.5756740196078431 0.6368464052287581 0.5643382352941176 0.6372549019607843 0.5723039215686274 0.6441993464052288 0.5882352941176471 0.6433823529411765 0.5885416666666666 0.6446078431372549 0.5882352941176471 0.6458333333333334 0.5863970588235294 0.6462418300653595 0.5756740196078431 0.6466503267973857 
0 0.8740808823529411 0.6413398692810458 0.8394607843137255 0.6413398692810458 0.8388480392156863 0.6380718954248366 0.8471200980392157 0.6388888888888888 0.8486519607843137 0.6376633986928104 0.8740808823529411 0.636437908496732 0.8740808823529411 0.6413398692810458 
1 0.8560049019607843 0.6237745098039216 0.8504901960784313 0.6237745098039216 0.8504901960784313 0.6025326797385621 0.8517156862745098 0.5964052287581699 0.8504901960784313 0.5845588235294118 0.8477328431372549 0.5825163398692811 0.8480392156862745 0.5620915032679739 0.8569240196078431 0.5604575163398693 0.9105392156862745 0.5592320261437909 0.9108455882352942 0.5571895424836601 0.9396446078431373 0.5526960784313726 0.9996936274509803 0.5396241830065359 0.9996936274509803 0.5890522875816994 0.9822303921568627 0.5690359477124183 0.9181985294117647 0.565359477124183 0.8841911764705882 0.5674019607843137 0.8753063725490197 0.613562091503268 0.875 0.6225490196078431 0.8560049019607843 0.6237745098039216 
1 0.8425245098039216 0.6241830065359477 0.8382352941176471 0.6241830065359477 0.8235294117647058 0.6025326797385621 0.8066789215686274 0.5698529411764706 0.8416053921568627 0.5637254901960784 0.8425245098039216 0.6241830065359477 
1 0.6691176470588235 0.5898692810457516 0.6642156862745098 0.5829248366013072 0.6734068627450981 0.5829248366013072 0.6691176470588235 0.5898692810457516 
1 0.6139705882352942 0.608251633986928 0.6087622549019608 0.6074346405228758 0.609375 0.6008986928104575 0.6078431372549019 0.5984477124183006 0.609375 0.5972222222222222 0.6090686274509803 0.5955882352941176 0.6066176470588235 0.5947712418300654 0.6050857843137255 0.5906862745098039 0.5919117647058824 0.5906862745098039 0.6032475490196079 0.5882352941176471 0.6286764705882353 0.5861928104575164 0.6283700980392157 0.5878267973856209 0.6167279411764706 0.5878267973856209 0.6139705882352942 0.6021241830065359 0.6139705882352942 0.608251633986928 
1 0.5888480392156863 0.6045751633986928 0.585171568627451 0.6041666666666666 0.585171568627451 0.5996732026143791 0.5879289215686274 0.5980392156862745 0.5863970588235294 0.5955882352941176 0.5845588235294118 0.5955882352941176 0.5836397058823529 0.5919117647058824 0.5912990196078431 0.5910947712418301 0.5888480392156863 0.5992647058823529 0.5888480392156863 0.6045751633986928 
1 0.4727328431372549 0.6049836601307189 0.47150735294117646 0.6045751633986928 0.4736519607843137 0.6029411764705882 0.4739583333333333 0.5980392156862745 0.49325980392156865 0.5964052287581699 0.49234068627450983 0.5992647058823529 0.4727328431372549 0.6049836601307189 
1 0.3958333333333333 0.6205065359477124 0.3918504901960784 0.6143790849673203 0.38786764705882354 0.6147875816993464 0.38817401960784315 0.5988562091503268 0.39675245098039214 0.5992647058823529 0.39644607843137253 0.6200980392156863 0.3958333333333333 0.6205065359477124 
5 0.3740808823529412 0.6437908496732027 0.37285539215686275 0.6437908496732027 0.3740808823529412 0.6437908496732027 
5 0.19852941176470587 0.6650326797385621 0.1948529411764706 0.6629901960784313 0.2858455882352941 0.6535947712418301 0.2925857843137255 0.6552287581699346 0.2956495098039216 0.6523692810457516 0.30545343137254904 0.6511437908496732 0.3164828431372549 0.6519607843137255 0.31556372549019607 0.6507352941176471 0.3170955882352941 0.6499183006535948 0.34129901960784315 0.6478758169934641 0.3639705882352941 0.6437908496732027 0.3700980392156863 0.6446078431372549 0.3428308823529412 0.6503267973856209 0.29963235294117646 0.6556372549019608 0.19852941176470587 0.6650326797385621 
