0 0.40042892156862747 0.7279411764705882 0.39950980392156865 0.7279411764705882 0.39981617647058826 0.7258986928104575 0.40318627450980393 0.7136437908496732 0.40042892156862747 0.7279411764705882 
0 0.3710171568627451 0.7467320261437909 0.3710171568627451 0.7455065359477124 0.3710171568627451 0.7467320261437909 
0 0.27297794117647056 0.7728758169934641 0.2708333333333333 0.7728758169934641 0.27144607843137253 0.7659313725490197 0.27389705882352944 0.764297385620915 0.2916666666666667 0.761437908496732 0.2919730392156863 0.7626633986928104 0.31066176470588236 0.7626633986928104 0.3121936274509804 0.7647058823529411 0.3091299019607843 0.7659313725490197 0.2922794117647059 0.7647058823529411 0.2919730392156863 0.7696078431372549 0.27297794117647056 0.7728758169934641 
0 0.2604166666666667 0.7749183006535948 0.25857843137254904 0.7749183006535948 0.25949754901960786 0.7712418300653595 0.2616421568627451 0.7720588235294118 0.2619485294117647 0.7745098039215687 0.2604166666666667 0.7749183006535948 
0 0.23529411764705882 0.7785947712418301 0.23314950980392157 0.7785947712418301 0.2340686274509804 0.7745098039215687 0.24509803921568626 0.7745098039215687 0.24754901960784315 0.7765522875816994 0.23529411764705882 0.7785947712418301 
0 0.20189950980392157 0.7834967320261438 0.20189950980392157 0.7810457516339869 0.20986519607843138 0.7794117647058824 0.21170343137254902 0.7794117647058824 0.21292892156862744 0.7818627450980392 0.20189950980392157 0.7834967320261438 
0 0.0 0.8165849673202614 0.0 0.7998366013071896 0.11580882352941177 0.7843137254901961 0.11825980392156862 0.7847222222222222 0.11979166666666667 0.7941176470588235 0.11979166666666667 0.7953431372549019 0.11825980392156862 0.795751633986928 0.09620098039215687 0.7986111111111112 0.0 0.8165849673202614 
0 0.17401960784313725 0.7875816993464052 0.171875 0.7875816993464052 0.17340686274509803 0.7851307189542484 0.18382352941176472 0.7855392156862745 0.17401960784313725 0.7875816993464052 
0 0.13480392156862744 0.7933006535947712 0.13388480392156862 0.7933006535947712 0.13633578431372548 0.7867647058823529 0.1565563725490196 0.7859477124183006 0.15992647058823528 0.7892156862745098 0.13480392156862744 0.7933006535947712 
0 0.6418504901960784 0.8280228758169934 0.6219362745098039 0.8206699346405228 0.6243872549019608 0.8165849673202614 0.6409313725490197 0.8169934640522876 0.6418504901960784 0.8280228758169934 
0 0.8097426470588235 0.8831699346405228 0.7527573529411765 0.869281045751634 0.6623774509803921 0.8357843137254902 0.6602328431372549 0.8349673202614379 0.6623774509803921 0.8243464052287581 0.6927083333333334 0.8353758169934641 0.7573529411764706 0.8562091503267973 0.8155637254901961 0.8790849673202614 0.8097426470588235 0.8831699346405228 
5 0.9996936274509803 0.9174836601307189 0.9129901960784313 0.9068627450980392 0.8091299019607843 0.883578431372549 0.8158700980392157 0.8786764705882353 0.8952205882352942 0.8966503267973857 0.9996936274509803 0.9072712418300654 0.9996936274509803 0.9174836601307189 
