0 0.5317460317460317 0.732473544973545 0.5295138888888888 0.732473544973545 0.5426587301587301 0.7255291005291006 0.5409226190476191 0.7278439153439153 0.5317460317460317 0.732473544973545 
0 0.2874503968253968 0.7281746031746031 0.2867063492063492 0.7281746031746031 0.28695436507936506 0.7265211640211641 0.29017857142857145 0.7265211640211641 0.2874503968253968 0.7281746031746031 
0 0.23834325396825398 0.7367724867724867 0.23586309523809523 0.736441798941799 0.23859126984126985 0.734457671957672 0.2564484126984127 0.7328042328042328 0.2564484126984127 0.7341269841269841 0.23834325396825398 0.7367724867724867 
0 0.5295138888888888 0.7328042328042328 0.5285218253968254 0.7328042328042328 0.5295138888888888 0.7328042328042328 
0 0.7477678571428571 0.9996693121693122 0.7073412698412699 0.9996693121693122 0.6034226190476191 0.8736772486772487 0.5359623015873016 0.7876984126984127 0.5228174603174603 0.7688492063492064 0.5124007936507936 0.7516534391534392 0.5114087301587301 0.7453703703703703 0.5128968253968254 0.7404100529100529 0.515625 0.7377645502645502 0.5255456349206349 0.7337962962962963 0.5163690476190477 0.7404100529100529 0.515625 0.7423941798941799 0.5163690476190477 0.7493386243386243 0.5225694444444444 0.7579365079365079 0.5498511904761905 0.7900132275132276 0.5565476190476191 0.7959656084656085 0.5634920634920635 0.8055555555555556 0.5659722222222222 0.8055555555555556 0.5694444444444444 0.8101851851851852 0.5691964285714286 0.8118386243386243 0.5719246031746031 0.8125 0.5751488095238095 0.8151455026455027 0.5768849206349206 0.8194444444444444 0.5796130952380952 0.8197751322751323 0.5786210317460317 0.8214285714285714 0.5798611111111112 0.8230820105820106 0.5840773809523809 0.8237433862433863 0.582093253968254 0.8253968253968254 0.5825892857142857 0.8267195767195767 0.5835813492063492 0.8270502645502645 0.5835813492063492 0.8293650793650794 0.5875496031746031 0.8296957671957672 0.5853174603174603 0.8330026455026455 0.5902777777777778 0.8336640211640212 0.5962301587301587 0.8402777777777778 0.5930059523809523 0.8406084656084656 0.5935019841269841 0.843584656084656 0.5972222222222222 0.8452380952380952 0.6031746031746031 0.8449074074074074 0.6220238095238095 0.8630952380952381 0.6232638888888888 0.8670634920634921 0.6274801587301587 0.8707010582010583 0.6309523809523809 0.8773148148148148 0.6339285714285714 0.8786375661375662 0.6326884920634921 0.8809523809523809 0.6346726190476191 0.8842592592592593 0.6421130952380952 0.8898809523809523 0.6443452380952381 0.8938492063492064 0.6478174603174603 0.8955026455026455 0.6515376984126984 0.9054232804232805 0.660218253968254 0.9117063492063492 0.6701388888888888 0.921957671957672 0.6731150793650794 0.923941798941799 0.671875 0.9269179894179894 0.6773313492063492 0.9305555555555556 0.6736111111111112 0.935515873015873 0.6770833333333334 0.9378306878306878 0.6872519841269841 0.9384920634920635 0.6899801587301587 0.9417989417989417 0.6984126984126984 0.9444444444444444 0.6951884920634921 0.9454365079365079 0.7038690476190477 0.9494047619047619 0.7058531746031746 0.9494047619047619 0.7063492063492064 0.9517195767195767 0.7023809523809523 0.9546957671957672 0.7028769841269841 0.9583333333333334 0.7053571428571429 0.9613095238095238 0.7135416666666666 0.9626322751322751 0.7214781746031746 0.9652777777777778 0.7222222222222222 0.9699074074074074 0.7264384920634921 0.9722222222222222 0.7341269841269841 0.9811507936507936 0.7405753968253969 0.9857804232804233 0.7418154761904762 0.9887566137566137 0.7450396825396826 0.9904100529100529 0.7455357142857143 0.9950396825396826 0.7467757936507936 0.9953703703703703 0.7477678571428571 0.9996693121693122 
0 0.21329365079365079 0.7404100529100529 0.21155753968253968 0.7404100529100529 0.2113095238095238 0.7394179894179894 0.21552579365079366 0.7384259259259259 0.2177579365079365 0.7394179894179894 0.21329365079365079 0.7404100529100529 
0 0.1996527777777778 0.7420634920634921 0.19791666666666666 0.7420634920634921 0.19766865079365079 0.7407407407407407 0.20634920634920634 0.7400793650793651 0.20634920634920634 0.7410714285714286 0.20535714285714285 0.7414021164021164 0.1996527777777778 0.7420634920634921 
0 0.16344246031746032 0.746031746031746 0.16046626984126985 0.746031746031746 0.16021825396825398 0.7447089947089947 0.19345238095238096 0.7414021164021164 0.1932043650793651 0.7427248677248677 0.16344246031746032 0.746031746031746 
0 0.15426587301587302 0.7470238095238095 0.15302579365079366 0.7470238095238095 0.1535218253968254 0.7450396825396826 0.15575396825396826 0.7453703703703703 0.15575396825396826 0.7466931216931217 0.15426587301587302 0.7470238095238095 
0 0.13690476190476192 0.8726851851851852 0.13640873015873015 0.8703703703703703 0.13839285714285715 0.8571428571428571 0.14831349206349206 0.8525132275132276 0.1572420634920635 0.8501984126984127 0.1572420634920635 0.8472222222222222 0.16468253968253968 0.8465608465608465 0.1736111111111111 0.8409391534391535 0.18129960317460317 0.8412698412698413 0.18253968253968253 0.843584656084656 0.18204365079365079 0.8518518518518519 0.13690476190476192 0.8726851851851852 
0 0.0 0.9345238095238095 0.0 0.9123677248677249 0.038938492063492064 0.8968253968253969 0.07217261904761904 0.8852513227513228 0.0835813492063492 0.878968253968254 0.09176587301587301 0.8773148148148148 0.10466269841269842 0.8703703703703703 0.12946428571428573 0.859457671957672 0.12946428571428573 0.8697089947089947 0.13045634920634921 0.8707010582010583 0.13045634920634921 0.8756613756613757 0.0 0.9345238095238095 
5 0.29092261904761907 0.7265211640211641 0.2899305555555556 0.7261904761904762 0.2951388888888889 0.7238756613756614 0.30158730158730157 0.7238756613756614 0.29092261904761907 0.7265211640211641 
5 0.234375 0.7380952380952381 0.23363095238095238 0.7380952380952381 0.23387896825396826 0.736441798941799 0.23586309523809523 0.7361111111111112 0.23635912698412698 0.7377645502645502 0.234375 0.7380952380952381 
5 0.21899801587301587 0.7407407407407407 0.2177579365079365 0.7387566137566137 0.22395833333333334 0.7384259259259259 0.22395833333333334 0.7397486772486772 0.21899801587301587 0.7407407407407407 
2 0.5319940476190477 0.708994708994709 0.53125 0.7073412698412699 0.5300099206349206 0.707010582010582 0.5290178571428571 0.7083333333333334 0.5282738095238095 0.7056878306878307 0.5317460317460317 0.7053571428571429 0.5329861111111112 0.7063492063492064 0.5334821428571429 0.7056878306878307 0.5337301587301587 0.7080026455026455 0.5319940476190477 0.708994708994709 
2 0.5322420634920635 0.7199074074074074 0.5310019841269841 0.7199074074074074 0.5302579365079365 0.7126322751322751 0.5426587301587301 0.7109788359788359 0.5414186507936508 0.7086640211640212 0.5394345238095238 0.7099867724867724 0.5364583333333334 0.7086640211640212 0.5362103174603174 0.7060185185185185 0.5533234126984127 0.7086640211640212 0.5530753968253969 0.7156084656084656 0.5520833333333334 0.71494708994709 0.5498511904761905 0.7166005291005291 0.5322420634920635 0.7199074074074074 
