0 0.5652573529411765 0.7757352941176471 0.5640318627450981 0.7757352941176471 0.5652573529411765 0.7757352941176471 
0 0.5664828431372549 0.7761437908496732 0.5652573529411765 0.7761437908496732 0.5664828431372549 0.7761437908496732 
0 0.5775122549019608 0.7794117647058824 0.5765931372549019 0.7794117647058824 0.5775122549019608 0.7794117647058824 
0 0.6204044117647058 0.7924836601307189 0.5775122549019608 0.7798202614379085 0.6014093137254902 0.7847222222222222 0.6204044117647058 0.7908496732026143 0.6204044117647058 0.7924836601307189 
0 0.0 0.8443627450980392 0.0 0.8272058823529411 0.10661764705882353 0.8194444444444444 0.15379901960784315 0.8137254901960784 0.2693014705882353 0.8031045751633987 0.46109068627450983 0.7806372549019608 0.46599264705882354 0.7814542483660131 0.46660539215686275 0.7830882352941176 0.46660539215686275 0.7843137254901961 0.4491421568627451 0.7859477124183006 0.4221813725490196 0.7908496732026143 0.265625 0.8116830065359477 0.0 0.8443627450980392 
4 0.46660539215686275 0.7826797385620915 0.4638480392156863 0.7806372549019608 0.4518995098039216 0.7818627450980392 0.4518995098039216 0.7741013071895425 0.47763480392156865 0.7736928104575164 0.4886642156862745 0.7724673202614379 0.4957107843137255 0.7704248366013072 0.49264705882352944 0.7663398692810458 0.4960171568627451 0.7671568627450981 0.49754901960784315 0.7696078431372549 0.49754901960784315 0.7749183006535948 0.4954044117647059 0.7761437908496732 0.4800857843137255 0.7806372549019608 0.46660539215686275 0.7826797385620915 
4 0.5591299019607843 0.7745098039215687 0.5588235294117647 0.7712418300653595 0.5600490196078431 0.7704248366013072 0.5591299019607843 0.7745098039215687 
4 0.5940563725490197 0.7830882352941176 0.5912990196078431 0.7826797385620915 0.5912990196078431 0.7802287581699346 0.5808823529411765 0.7777777777777778 0.5778186274509803 0.7794117647058824 0.5643382352941176 0.7753267973856209 0.5640318627450981 0.7712418300653595 0.5689338235294118 0.7708333333333334 0.5778186274509803 0.7736928104575164 0.5980392156862745 0.7757352941176471 0.5980392156862745 0.7798202614379085 0.5946691176470589 0.7802287581699346 0.5940563725490197 0.7830882352941176 
3 0.5119485294117647 0.7651143790849673 0.49234068627450983 0.7630718954248366 0.49325980392156865 0.7610294117647058 0.5125612745098039 0.7630718954248366 0.5119485294117647 0.7651143790849673 
3 0.5585171568627451 0.7753267973856209 0.5376838235294118 0.7708333333333334 0.5361519607843137 0.7683823529411765 0.5306372549019608 0.7691993464052288 0.5174632352941176 0.7663398692810458 0.5168504901960784 0.7647058823529411 0.5153186274509803 0.7638888888888888 0.5591299019607843 0.7691993464052288 0.5585171568627451 0.7753267973856209 
3 0.9996936274509803 0.9485294117647058 0.8131127450980392 0.8737745098039216 0.7040441176470589 0.8272058823529411 0.6219362745098039 0.7941176470588235 0.6234681372549019 0.7908496732026143 0.625 0.7777777777777778 0.8792892156862745 0.8006535947712419 0.9996936274509803 0.8088235294117647 0.9996936274509803 0.9485294117647058 
