0 0.71826171875 0.7175925925925926 0.71142578125 0.7171296296296297 0.711181640625 0.7134259259259259 0.71826171875 0.7111111111111111 0.722412109375 0.711574074074074 0.721923828125 0.7171296296296297 0.71826171875 0.7175925925925926 
0 0.73095703125 0.7162037037037037 0.728271484375 0.7162037037037037 0.727294921875 0.711574074074074 0.738525390625 0.711574074074074 0.738525390625 0.7138888888888889 0.73095703125 0.7162037037037037 
0 0.746337890625 0.7143518518518519 0.74169921875 0.7138888888888889 0.741455078125 0.711574074074074 0.746337890625 0.7111111111111111 0.746337890625 0.7143518518518519 
0 0.75390625 0.7152777777777778 0.749755859375 0.7152777777777778 0.749267578125 0.711574074074074 0.75390625 0.7111111111111111 0.75390625 0.7152777777777778 
0 0.843994140625 0.7166666666666667 0.809814453125 0.7166666666666667 0.809326171875 0.711574074074074 0.825439453125 0.7111111111111111 0.825439453125 0.7157407407407408 0.835693359375 0.7152777777777778 0.8359375 0.711574074074074 0.83984375 0.711574074074074 0.843994140625 0.7166666666666667 
0 0.697265625 0.7199074074074074 0.6943359375 0.7199074074074074 0.694580078125 0.7143518518518519 0.6982421875 0.7152777777777778 0.707763671875 0.7143518518518519 0.707763671875 0.7171296296296297 0.703857421875 0.7171296296296297 0.70361328125 0.7189814814814814 0.697265625 0.7199074074074074 
0 0.6240234375 0.7212962962962963 0.60400390625 0.7208333333333333 0.606689453125 0.7148148148148148 0.625 0.7148148148148148 0.6240234375 0.7212962962962963 
0 0.540283203125 0.7222222222222222 0.528076171875 0.7222222222222222 0.52734375 0.7162037037037037 0.5361328125 0.7152777777777778 0.540283203125 0.7222222222222222 
0 0.66015625 0.7208333333333333 0.63134765625 0.7208333333333333 0.6298828125 0.7157407407407408 0.659912109375 0.7157407407407408 0.66015625 0.7208333333333333 
0 0.510009765625 0.7226851851851852 0.498291015625 0.7226851851851852 0.49560546875 0.7180555555555556 0.521728515625 0.7166666666666667 0.521240234375 0.7222222222222222 0.510009765625 0.7226851851851852 
0 0.43603515625 0.7245370370370371 0.431640625 0.7245370370370371 0.431396484375 0.7203703703703703 0.450927734375 0.7194444444444444 0.451171875 0.7208333333333333 0.451171875 0.7236111111111111 0.43603515625 0.7245370370370371 
0 0.426025390625 0.725 0.419677734375 0.725 0.41796875 0.7203703703703703 0.4287109375 0.7203703703703703 0.4287109375 0.7245370370370371 0.426025390625 0.725 
0 0.395751953125 0.7263888888888889 0.391845703125 0.7263888888888889 0.3916015625 0.7212962962962963 0.412109375 0.7208333333333333 0.4111328125 0.725462962962963 0.395751953125 0.7263888888888889 
0 0.3857421875 0.7268518518518519 0.381103515625 0.7268518518518519 0.381103515625 0.7212962962962963 0.388916015625 0.7212962962962963 0.388671875 0.7263888888888889 0.3857421875 0.7268518518518519 
0 0.390380859375 0.7263888888888889 0.3896484375 0.7263888888888889 0.39013671875 0.7208333333333333 0.390380859375 0.7263888888888889 
0 0.3798828125 0.7268518518518519 0.37890625 0.7268518518518519 0.379150390625 0.7212962962962963 0.380126953125 0.7217592592592592 0.3798828125 0.7268518518518519 
0 0.31396484375 0.7287037037037037 0.311767578125 0.7263888888888889 0.3115234375 0.7226851851851852 0.339111328125 0.7226851851851852 0.338623046875 0.7282407407407407 0.31396484375 0.7287037037037037 
0 0.343017578125 0.7277777777777777 0.340087890625 0.7277777777777777 0.34033203125 0.7222222222222222 0.3427734375 0.7231481481481481 0.343017578125 0.7277777777777777 
0 0.37744140625 0.7268518518518519 0.377685546875 0.7226851851851852 0.37744140625 0.7268518518518519 
0 0.288330078125 0.7291666666666666 0.274658203125 0.7291666666666666 0.2744140625 0.7282407407407407 0.275634765625 0.7236111111111111 0.30419921875 0.7236111111111111 0.302490234375 0.7287037037037037 0.288330078125 0.7291666666666666 
0 0.240234375 0.7300925925925926 0.23779296875 0.7300925925925926 0.2392578125 0.7245370370370371 0.240234375 0.7300925925925926 
0 0.22021484375 0.7310185185185185 0.209228515625 0.7310185185185185 0.209716796875 0.7300925925925926 0.207763671875 0.725925925925926 0.229736328125 0.725462962962963 0.228759765625 0.7305555555555555 0.22021484375 0.7310185185185185 
0 0.23583984375 0.7305555555555555 0.2314453125 0.7300925925925926 0.23291015625 0.725 0.237060546875 0.725 0.23583984375 0.7305555555555555 
0 0.19091796875 0.7314814814814815 0.163330078125 0.7310185185185185 0.16455078125 0.7263888888888889 0.198974609375 0.7263888888888889 0.197021484375 0.7300925925925926 0.197509765625 0.7310185185185185 0.19091796875 0.7314814814814815 
