0 0.7233455882352942 0.7826797385620915 0.6767769607843137 0.7826797385620915 0.6740196078431373 0.7781862745098039 0.7221200980392157 0.7785947712418301 0.7233455882352942 0.7826797385620915 
0 0.8455882352941176 0.9995915032679739 0.7356004901960784 0.9995915032679739 0.6982230392156863 0.9215686274509803 0.47028186274509803 0.8594771241830066 0.47120098039215685 0.8386437908496732 0.5113357843137255 0.7802287581699346 0.5107230392156863 0.8345588235294118 0.5183823529411765 0.8370098039215687 0.5238970588235294 0.8349673202614379 0.6274509803921569 0.858251633986928 0.6283700980392157 0.8623366013071896 0.6369485294117647 0.8602941176470589 0.7441789215686274 0.883578431372549 0.8455882352941176 0.9995915032679739 
0 0.2539828431372549 0.8562091503267973 0.24080882352941177 0.8533496732026143 0.24050245098039216 0.8496732026143791 0.24662990196078433 0.8447712418300654 0.3713235294117647 0.7834967320261438 0.3746936274509804 0.7843137254901961 0.3789828431372549 0.7977941176470589 0.2803308823529412 0.8459967320261438 0.2539828431372549 0.8562091503267973 
0 0.7487745098039216 0.8018790849673203 0.6819852941176471 0.8018790849673203 0.6801470588235294 0.7924836601307189 0.7487745098039216 0.7920751633986928 0.7487745098039216 0.8018790849673203 
0 0.2420343137254902 0.9456699346405228 0.2264093137254902 0.9395424836601307 0.20618872549019607 0.9244281045751634 0.21568627450980393 0.8925653594771242 0.22763480392156862 0.8995098039215687 0.2616421568627451 0.9056372549019608 0.29871323529411764 0.9093137254901961 0.32046568627450983 0.9023692810457516 0.3272058823529412 0.8897058823529411 0.34068627450980393 0.9162581699346405 0.3388480392156863 0.9203431372549019 0.3118872549019608 0.9174836601307189 0.2702205882352941 0.9240196078431373 0.2420343137254902 0.9456699346405228 
0 0.40410539215686275 0.9995915032679739 0.38174019607843135 0.9995915032679739 0.40778186274509803 0.9648692810457516 0.4111519607843137 0.9816176470588235 0.4096200980392157 0.9906045751633987 0.40410539215686275 0.9995915032679739 
1 0.5533088235294118 0.704248366013072 0.5557598039215687 0.6691176470588235 0.5609681372549019 0.6691176470588235 0.5591299019607843 0.693218954248366 0.5557598039215687 0.696078431372549 0.5533088235294118 0.704248366013072 
1 0.5762867647058824 0.6940359477124183 0.5713848039215687 0.693218954248366 0.5719975490196079 0.6727941176470589 0.5768995098039216 0.673202614379085 0.5762867647058824 0.6940359477124183 
1 0.6151960784313726 0.7050653594771242 0.6090686274509803 0.7030228758169934 0.6109068627450981 0.6858660130718954 0.6130514705882353 0.6862745098039216 0.6142769607843137 0.6940359477124183 0.6225490196078431 0.6948529411764706 0.6228553921568627 0.6985294117647058 0.6216299019607843 0.701797385620915 0.6151960784313726 0.7050653594771242 
1 0.6283700980392157 0.8623366013071896 0.6277573529411765 0.8484477124183006 0.5245098039215687 0.826797385620915 0.5229779411764706 0.8272058823529411 0.5232843137254902 0.8353758169934641 0.5183823529411765 0.8370098039215687 0.5104166666666666 0.8345588235294118 0.5122549019607843 0.7377450980392157 0.5140931372549019 0.7160947712418301 0.5171568627450981 0.7083333333333334 0.5358455882352942 0.6985294117647058 0.5410539215686274 0.6993464052287581 0.5401348039215687 0.7087418300653595 0.571078431372549 0.7095588235294118 0.571078431372549 0.7071078431372549 0.5762867647058824 0.7022058823529411 0.5762867647058824 0.7095588235294118 0.5827205882352942 0.7095588235294118 0.5821078431372549 0.7128267973856209 0.5863970588235294 0.7144607843137255 0.5986519607843137 0.7099673202614379 0.6311274509803921 0.7120098039215687 0.6363357843137255 0.7022058823529411 0.6387867647058824 0.6952614379084967 0.6966911764705882 0.6964869281045751 0.6966911764705882 0.6887254901960784 0.6994485294117647 0.6870915032679739 0.7025122549019608 0.6940359477124183 0.7018995098039216 0.6977124183006536 0.7190563725490197 0.6997549019607843 0.7169117647058824 0.755718954248366 0.7132352941176471 0.7553104575163399 0.7126225490196079 0.7504084967320261 0.6875 0.75 0.6629901960784313 0.75 0.6629901960784313 0.7553104575163399 0.6559436274509803 0.755718954248366 0.6366421568627451 0.7430555555555556 0.6360294117647058 0.8602941176470589 0.6283700980392157 0.8623366013071896 
1 0.8394607843137255 0.7561274509803921 0.8253676470588235 0.7536764705882353 0.8250612745098039 0.7075163398692811 0.8370098039215687 0.7075163398692811 0.8394607843137255 0.7561274509803921 
1 0.8556985294117647 0.7581699346405228 0.8446691176470589 0.7569444444444444 0.8425245098039216 0.7079248366013072 0.8630514705882353 0.7099673202614379 0.8556985294117647 0.7581699346405228 
1 0.9678308823529411 0.7675653594771242 0.9258578431372549 0.7659313725490197 0.913296568627451 0.7111928104575164 0.9650735294117647 0.7099673202614379 0.9678308823529411 0.7675653594771242 
1 0.9996936274509803 0.7683823529411765 0.9813112745098039 0.7679738562091504 0.9776348039215687 0.7099673202614379 0.9996936274509803 0.7103758169934641 0.9996936274509803 0.7683823529411765 
