0 0.0 0.7487745098039216 0.0 0.735702614379085 0.11427696078431372 0.701797385620915 0.16636029411764705 0.6850490196078431 0.23682598039215685 0.6580882352941176 0.2778799019607843 0.6446078431372549 0.2778799019607843 0.6466503267973857 0.265625 0.6527777777777778 0.14552696078431374 0.7013888888888888 0.0 0.7487745098039216 
0 0.6905637254901961 0.9812091503267973 0.663296568627451 0.9803921568627451 0.6341911764705882 0.9513888888888888 0.5670955882352942 0.875 0.39736519607843135 0.6895424836601307 0.3648897058823529 0.6462418300653595 0.36887254901960786 0.6491013071895425 0.39307598039215685 0.6785130718954249 0.4411764705882353 0.7299836601307189 0.5753676470588235 0.8611111111111112 0.6905637254901961 0.9812091503267973 
3 0.7371323529411765 0.9836601307189542 0.6902573529411765 0.9808006535947712 0.5753676470588235 0.8611111111111112 0.5174632352941176 0.8047385620915033 0.4022671568627451 0.6883169934640523 0.3648897058823529 0.6446078431372549 0.36672794117647056 0.6450163398692811 0.3863357843137255 0.6666666666666666 0.4338235294117647 0.7095588235294118 0.7230392156862745 0.9673202614379085 0.7371323529411765 0.9836601307189542 
3 0.38878676470588236 0.6515522875816994 0.38786764705882354 0.6515522875816994 0.38878676470588236 0.6515522875816994 
3 0.3915441176470588 0.6523692810457516 0.390625 0.6523692810457516 0.3915441176470588 0.6523692810457516 
3 0.39276960784313725 0.6527777777777778 0.3918504901960784 0.6527777777777778 0.39276960784313725 0.6527777777777778 
3 0.3943014705882353 0.6531862745098039 0.39307598039215685 0.6531862745098039 0.3943014705882353 0.6531862745098039 
3 0.3952205882352941 0.6535947712418301 0.3943014705882353 0.6535947712418301 0.3952205882352941 0.6535947712418301 
3 0.39828431372549017 0.6544117647058824 0.39675245098039214 0.6540032679738562 0.39828431372549017 0.6544117647058824 
3 0.4384191176470588 0.6666666666666666 0.43014705882352944 0.6650326797385621 0.39828431372549017 0.6548202614379085 0.4384191176470588 0.6666666666666666 
3 0.43995098039215685 0.6670751633986928 0.4384191176470588 0.6670751633986928 0.43995098039215685 0.6670751633986928 
3 0.4411764705882353 0.6674836601307189 0.43995098039215685 0.6674836601307189 0.4411764705882353 0.6674836601307189 
