0 0.41796875 0.4730902777777778 0.416015625 0.4730902777777778 0.4155815972222222 0.47193287037037035 0.4401041666666667 0.46875 0.44140625 0.46875 0.4424913194444444 0.47193287037037035 0.4268663194444444 0.47193287037037035 0.41796875 0.4730902777777778 
0 0.2170138888888889 0.4945023148148148 0.21484375 0.4945023148148148 0.21549479166666666 0.4910300925925926 0.2938368055555556 0.4852430555555556 0.2973090277777778 0.48582175925925924 0.2973090277777778 0.48726851851851855 0.2901475694444444 0.48900462962962965 0.2170138888888889 0.4945023148148148 
0 0.2152777777777778 0.49855324074074076 0.21419270833333334 0.49855324074074076 0.21484375 0.4947916666666667 0.3077256944444444 0.48900462962962965 0.3077256944444444 0.49074074074074076 0.3046875 0.49074074074074076 0.3051215277777778 0.4913194444444444 0.3014322916666667 0.4921875 0.2152777777777778 0.49855324074074076 
0 0.1716579861111111 0.4973958333333333 0.17057291666666666 0.4973958333333333 0.1714409722222222 0.4945023148148148 0.18684895833333334 0.4933449074074074 0.18684895833333334 0.49623842592592593 0.1716579861111111 0.4973958333333333 
0 0.1443142361111111 0.4991319444444444 0.1404079861111111 0.4991319444444444 0.1408420138888889 0.49594907407407407 0.1460503472222222 0.49537037037037035 0.1499565972222222 0.4973958333333333 0.1499565972222222 0.49594907407407407 0.1566840277777778 0.49594907407407407 0.15690104166666666 0.4973958333333333 0.15690104166666666 0.4982638888888889 0.1443142361111111 0.4991319444444444 
0 0.17057291666666666 0.5017361111111112 0.1694878472222222 0.5017361111111112 0.17078993055555555 0.4976851851851852 0.18684895833333334 0.49681712962962965 0.18684895833333334 0.5005787037037037 0.17057291666666666 0.5017361111111112 
0 0.1931423611111111 0.5 0.19205729166666666 0.5 0.1929253472222222 0.49681712962962965 0.1931423611111111 0.5 
0 0.13802083333333334 0.5040509259259259 0.13671875 0.5040509259259259 0.13780381944444445 0.5005787037037037 0.1404079861111111 0.4994212962962963 0.15711805555555555 0.49855324074074076 0.1577690972222222 0.5020254629629629 0.1577690972222222 0.5026041666666666 0.13802083333333334 0.5040509259259259 
0 0.1150173611111111 0.5054976851851852 0.11458333333333333 0.5011574074074074 0.1247829861111111 0.5005787037037037 0.12608506944444445 0.5043402777777778 0.1150173611111111 0.5054976851851852 
0 0.107421875 0.5057870370370371 0.10677083333333333 0.5057870370370371 0.10677083333333333 0.5020254629629629 0.10850694444444445 0.5017361111111112 0.107421875 0.5057870370370371 
0 0.037109375 0.5104166666666666 0.03537326388888889 0.5104166666666666 0.035807291666666664 0.5069444444444444 0.051215277777777776 0.5060763888888888 0.05099826388888889 0.5095486111111112 0.037109375 0.5104166666666666 
0 0.0 0.5124421296296297 0.0 0.5086805555555556 0.006076388888888889 0.5089699074074074 0.005425347222222222 0.5121527777777778 0.0 0.5124421296296297 
1 0.5592447916666666 0.4609375 0.5590277777777778 0.44994212962962965 0.5638020833333334 0.44907407407407407 0.5638020833333334 0.46064814814814814 0.5592447916666666 0.4609375 
1 0.5546875 0.46122685185185186 0.5505642361111112 0.46122685185185186 0.5494791666666666 0.4554398148148148 0.5447048611111112 0.4522569444444444 0.5407986111111112 0.4513888888888889 0.556640625 0.44994212962962965 0.5575086805555556 0.4609375 0.5546875 0.46122685185185186 
1 0.5258246527777778 0.45457175925925924 0.5256076388888888 0.4522569444444444 0.5290798611111112 0.4522569444444444 0.5258246527777778 0.45457175925925924 
1 0.5151909722222222 0.46383101851851855 0.5123697916666666 0.46383101851851855 0.5158420138888888 0.4557291666666667 0.5160590277777778 0.45283564814814814 0.5240885416666666 0.4525462962962963 0.5240885416666666 0.4557291666666667 0.5182291666666666 0.4603587962962963 0.5167100694444444 0.4635416666666667 0.5151909722222222 0.46383101851851855 
1 0.4168836805555556 0.4710648148148148 0.4155815972222222 0.4710648148148148 0.4151475694444444 0.46846064814814814 0.408203125 0.46556712962962965 0.4010416666666667 0.4615162037037037 0.4318576388888889 0.45717592592592593 0.4424913194444444 0.45717592592592593 0.4424913194444444 0.45891203703703703 0.4401041666666667 0.46064814814814814 0.4411892361111111 0.46875 0.4168836805555556 0.4710648148148148 
1 0.3702256944444444 0.4759837962962963 0.3671875 0.4730902777777778 0.3600260416666667 0.47193287037037035 0.3543836805555556 0.46730324074074076 0.3697916666666667 0.4652777777777778 0.3702256944444444 0.4759837962962963 
2 0.18446180555555555 0.48755787037037035 0.1723090277777778 0.48755787037037035 0.17252604166666666 0.4826388888888889 0.17296006944444445 0.4817708333333333 0.17860243055555555 0.48148148148148145 0.1799045138888889 0.48292824074074076 0.18098958333333334 0.48148148148148145 0.18815104166666666 0.48148148148148145 0.1872829861111111 0.48726851851851855 0.18446180555555555 0.48755787037037035 
2 0.1527777777777778 0.4887152777777778 0.15299479166666666 0.4835069444444444 0.1545138888888889 0.4826388888888889 0.15494791666666666 0.48755787037037035 0.1527777777777778 0.4887152777777778 
2 0.1484375 0.4887152777777778 0.1462673611111111 0.4832175925925926 0.1484375 0.4835069444444444 0.1484375 0.4887152777777778 
2 0.1430121527777778 0.49537037037037035 0.1410590277777778 0.49537037037037035 0.1427951388888889 0.48813657407407407 0.14127604166666666 0.48408564814814814 0.14518229166666666 0.4887152777777778 0.14561631944444445 0.49363425925925924 0.1430121527777778 0.49537037037037035 
2 0.11458333333333333 0.5011574074074074 0.11393229166666667 0.5 0.11393229166666667 0.4849537037037037 0.119140625 0.48466435185185186 0.1171875 0.4927662037037037 0.11979166666666667 0.49594907407407407 0.1232638888888889 0.49421296296296297 0.12456597222222222 0.5002893518518519 0.11458333333333333 0.5011574074074074 
2 0.1076388888888889 0.5017361111111112 0.10677083333333333 0.5017361111111112 0.10481770833333333 0.4852430555555556 0.1072048611111111 0.4852430555555556 0.1076388888888889 0.4861111111111111 0.10894097222222222 0.5008680555555556 0.1076388888888889 0.5017361111111112 
2 0.03884548611111111 0.5063657407407407 0.03602430555555555 0.5063657407407407 0.035807291666666664 0.5052083333333334 0.039496527777777776 0.48813657407407407 0.05056423611111111 0.48755787037037035 0.051215277777777776 0.5054976851851852 0.03884548611111111 0.5063657407407407 
2 0.008246527777777778 0.49971064814814814 0.009548611111111112 0.49421296296296297 0.006076388888888889 0.4939236111111111 0.006293402777777778 0.4916087962962963 0.007161458333333333 0.4887152777777778 0.010416666666666666 0.4887152777777778 0.010416666666666666 0.4930555555555556 0.008246527777777778 0.49971064814814814 
2 0.004340277777777778 0.5086805555555556 0.0 0.5086805555555556 0.0 0.4910300925925926 0.0015190972222222222 0.4913194444444444 0.002170138888888889 0.4976851851851852 0.0032552083333333335 0.5005787037037037 0.005859375 0.5005787037037037 0.007161458333333333 0.5023148148148148 0.007595486111111111 0.5014467592592593 0.006293402777777778 0.5083912037037037 0.004340277777777778 0.5086805555555556 
2 0.0078125 0.5011574074074074 0.008029513888888888 0.49971064814814814 0.0078125 0.5011574074074074 
4 0.10416666666666667 0.42997685185185186 0.0954861111111111 0.42997685185185186 0.09505208333333333 0.42563657407407407 0.1391059027777778 0.42505787037037035 0.13932291666666666 0.4270833333333333 0.140625 0.4270833333333333 0.1408420138888889 0.42505787037037035 0.1484375 0.42505787037037035 0.15147569444444445 0.4253472222222222 0.15169270833333334 0.4262152777777778 0.15169270833333334 0.4285300925925926 0.10416666666666667 0.42997685185185186 
4 0.1579861111111111 0.4285300925925926 0.15559895833333334 0.4285300925925926 0.15559895833333334 0.42505787037037035 0.1579861111111111 0.4253472222222222 0.1579861111111111 0.4285300925925926 
4 0.1664496527777778 0.4285300925925926 0.16080729166666666 0.4285300925925926 0.1603732638888889 0.4253472222222222 0.1662326388888889 0.42505787037037035 0.1664496527777778 0.4285300925925926 
4 0.16883680555555555 0.4285300925925926 0.16796875 0.4285300925925926 0.1681857638888889 0.42505787037037035 0.16883680555555555 0.4253472222222222 0.16883680555555555 0.4285300925925926 
4 0.1701388888888889 0.4285300925925926 0.16905381944444445 0.4285300925925926 0.17078993055555555 0.42505787037037035 0.1742621527777778 0.4253472222222222 0.1701388888888889 0.4285300925925926 
4 0.1820746527777778 0.4285300925925926 0.17274305555555555 0.4285300925925926 0.1779513888888889 0.42505787037037035 0.18033854166666666 0.42505787037037035 0.1820746527777778 0.4285300925925926 
4 0.19401041666666666 0.4285300925925926 0.18229166666666666 0.4285300925925926 0.18467881944444445 0.4270833333333333 0.1833767361111111 0.42505787037037035 0.19401041666666666 0.42505787037037035 0.19401041666666666 0.4285300925925926 
4 0.1996527777777778 0.4285300925925926 0.1968315972222222 0.4285300925925926 0.19661458333333334 0.4253472222222222 0.20594618055555555 0.4253472222222222 0.1996527777777778 0.4285300925925926 
4 0.0939670138888889 0.42997685185185186 0.07942708333333333 0.4296875 0.080078125 0.4262152777777778 0.09375 0.4253472222222222 0.0939670138888889 0.42997685185185186 
4 0.05099826388888889 0.4291087962962963 0.0 0.42824074074074076 0.0 0.4270833333333333 0.05099826388888889 0.42679398148148145 0.05099826388888889 0.4291087962962963 
4 0.4954427083333333 0.48148148148148145 0.4928385416666667 0.48148148148148145 0.4928385416666667 0.47511574074074076 0.4871961805555556 0.47511574074074076 0.4867621527777778 0.4722222222222222 0.5334201388888888 0.4670138888888889 0.5364583333333334 0.4670138888888889 0.5375434027777778 0.47019675925925924 0.5362413194444444 0.4704861111111111 0.5362413194444444 0.4765625 0.5336371527777778 0.4765625 0.5336371527777778 0.47019675925925924 0.5269097222222222 0.47164351851851855 0.5266927083333334 0.4782986111111111 0.5240885416666666 0.4782986111111111 0.5240885416666666 0.47193287037037035 0.5160590277777778 0.47193287037037035 0.5158420138888888 0.4782986111111111 0.5132378472222222 0.4782986111111111 0.5132378472222222 0.47193287037037035 0.5052083333333334 0.4730902777777778 0.5049913194444444 0.47974537037037035 0.5036892361111112 0.47974537037037035 0.5036892361111112 0.47337962962962965 0.4956597222222222 0.4748263888888889 0.4954427083333333 0.48148148148148145 
4 0.484375 0.48148148148148145 0.4832899305555556 0.48148148148148145 0.4832899305555556 0.47511574074074076 0.4704861111111111 0.4765625 0.4702690972222222 0.47366898148148145 0.4839409722222222 0.4722222222222222 0.484375 0.48148148148148145 
4 0.4592013888888889 0.48466435185185186 0.4568142361111111 0.48466435185185186 0.4568142361111111 0.47858796296296297 0.4557291666666667 0.4782986111111111 0.4559461805555556 0.4748263888888889 0.4592013888888889 0.4748263888888889 0.4592013888888889 0.48466435185185186 
4 0.4637586805555556 0.4777199074074074 0.4624565972222222 0.4774305555555556 0.4637586805555556 0.4777199074074074 
4 0.3899739583333333 0.4910300925925926 0.3884548611111111 0.4910300925925926 0.3884548611111111 0.48292824074074076 0.3778211805555556 0.484375 0.3773871527777778 0.4800347222222222 0.3923611111111111 0.47945601851851855 0.3923611111111111 0.48292824074074076 0.3899739583333333 0.4832175925925926 0.3899739583333333 0.4910300925925926 
4 0.3587239583333333 0.49421296296296297 0.3561197916666667 0.49421296296296297 0.3561197916666667 0.48466435185185186 0.3470052083333333 0.48582175925925924 0.3467881944444444 0.49421296296296297 0.3441840277777778 0.49421296296296297 0.3439670138888889 0.48292824074074076 0.3704427083333333 0.48061342592592593 0.3702256944444444 0.4913194444444444 0.3680555555555556 0.4927662037037037 0.3680555555555556 0.48466435185185186 0.3589409722222222 0.48466435185185186 0.3587239583333333 0.49421296296296297 
4 0.4858940972222222 0.48148148148148145 0.4845920138888889 0.48148148148148145 0.4858940972222222 0.48061342592592593 0.4858940972222222 0.48148148148148145 
3 0.3023003472222222 0.48466435185185186 0.2983940972222222 0.48466435185185186 0.2981770833333333 0.48061342592592593 0.2999131944444444 0.47974537037037035 0.2999131944444444 0.4730902777777778 0.3122829861111111 0.4710648148148148 0.3068576388888889 0.48148148148148145 0.3068576388888889 0.48408564814814814 0.3023003472222222 0.48466435185185186 
3 0.2970920138888889 0.48466435185185186 0.2953559027777778 0.48466435185185186 0.2927517361111111 0.48119212962962965 0.2866753472222222 0.47945601851851855 0.2769097222222222 0.48119212962962965 0.2747395833333333 0.47974537037037035 0.2747395833333333 0.4774305555555556 0.294921875 0.47366898148148145 0.294921875 0.48148148148148145 0.296875 0.4809027777777778 0.2970920138888889 0.48466435185185186 
3 0.2701822916666667 0.48032407407407407 0.26953125 0.48032407407407407 0.2701822916666667 0.47800925925925924 0.2721354166666667 0.47800925925925924 0.2721354166666667 0.47974537037037035 0.2701822916666667 0.48032407407407407 
