0 0.4945436507936508 0.6355820105820106 0.4935515873015873 0.6355820105820106 0.4945436507936508 0.6355820105820106 
0 0.5744047619047619 0.6537698412698413 0.566468253968254 0.6501322751322751 0.548859126984127 0.6448412698412699 0.5091765873015873 0.6402116402116402 0.4947916666666667 0.6359126984126984 0.5679563492063492 0.6468253968253969 0.5778769841269841 0.65244708994709 0.5744047619047619 0.6537698412698413 
0 0.3898809523809524 0.6636904761904762 0.3898809523809524 0.6583994708994709 0.40848214285714285 0.6504629629629629 0.4087301587301587 0.6448412698412699 0.4124503968253968 0.6521164021164021 0.4087301587301587 0.6570767195767195 0.3898809523809524 0.6636904761904762 
0 0.7824900793650794 0.8409391534391535 0.7418154761904762 0.8019179894179894 0.5840773809523809 0.6603835978835979 0.5870535714285714 0.658068783068783 0.7762896825396826 0.8121693121693122 0.7849702380952381 0.8373015873015873 0.7824900793650794 0.8409391534391535 
0 0.283234126984127 0.6934523809523809 0.2819940476190476 0.6934523809523809 0.28447420634920634 0.6901455026455027 0.3774801587301587 0.6650132275132276 0.3787202380952381 0.6686507936507936 0.283234126984127 0.6934523809523809 
0 0.0 0.7807539682539683 0.0 0.765542328042328 0.24454365079365079 0.7017195767195767 0.2482638888888889 0.708994708994709 0.0 0.7807539682539683 
5 0.4930555555555556 0.6349206349206349 0.47619047619047616 0.6335978835978836 0.48139880952380953 0.6316137566137566 0.49404761904761907 0.6332671957671958 0.4930555555555556 0.6349206349206349 
5 0.4069940476190476 0.6511243386243386 0.40600198412698413 0.6504629629629629 0.40848214285714285 0.6504629629629629 0.4069940476190476 0.6511243386243386 
5 0.5825892857142857 0.6617063492063492 0.5744047619047619 0.6537698412698413 0.5796130952380952 0.6514550264550265 0.5863095238095238 0.6577380952380952 0.5825892857142857 0.6617063492063492 
5 0.251984126984127 0.7053571428571429 0.24454365079365079 0.7017195767195767 0.2378472222222222 0.7003968253968254 0.2683531746031746 0.6901455026455027 0.2829861111111111 0.6917989417989417 0.2819940476190476 0.6937830687830688 0.2847222222222222 0.6927910052910053 0.2857142857142857 0.6954365079365079 0.251984126984127 0.7053571428571429 
5 0.9997519841269841 0.996031746031746 0.9605654761904762 0.9811507936507936 0.9005456349206349 0.9666005291005291 0.839781746031746 0.890542328042328 0.7886904761904762 0.8409391534391535 0.7844742063492064 0.8359788359788359 0.9432043650793651 0.8356481481481481 0.9424603174603174 0.8541666666666666 0.9456845238095238 0.8743386243386243 0.9503968253968254 0.8859126984126984 0.9541170634920635 0.8908730158730159 0.9565972222222222 0.8971560846560847 0.9987599206349206 0.9282407407407407 0.9990079365079365 0.9021164021164021 0.9997519841269841 0.9027777777777778 0.9997519841269841 0.996031746031746 
