0 0.07932618683001531 0.5761535320538995 0.0768759571209801 0.5753368721927318 0.0768759571209801 0.5737035524703961 0.07932618683001531 0.5712535728868926 0.07932618683001531 0.5761535320538995 
0 0.10934150076569678 0.5863617803184974 0.08575803981623277 0.5790118415679869 0.08575803981623277 0.57411188240098 0.10872894333843798 0.5814618211514904 0.10934150076569678 0.5822784810126582 0.10934150076569678 0.5863617803184974 
0 0.16232771822358347 0.5953450387913434 0.12189892802450229 0.5892200898325848 0.12098009188361408 0.5871784401796651 0.12189892802450229 0.5855451204573295 0.1341500765696784 0.5892200898325848 0.16294027565084226 0.5912617394855043 0.16232771822358347 0.5953450387913434 
0 0.19326186830015313 0.6124948958758677 0.18284839203675343 0.6124948958758677 0.17274119448698316 0.6092282564311964 0.15283307810107197 0.601878317680686 0.15252679938744257 0.5986116782360147 0.19326186830015313 0.6124948958758677 
0 0.25022970903522207 0.6308697427521437 0.23950995405819295 0.6308697427521437 0.23920367534456355 0.6284197631686402 0.23981623277182235 0.6263781135157207 0.25022970903522207 0.6308697427521437 
0 0.3081163859111792 0.657819518170682 0.30321592649310875 0.6570028583095141 0.28483920367534454 0.6496529195590037 0.28483920367534454 0.6447529603919967 0.29770290964777946 0.6492445896284198 0.30842266462480855 0.6504695794201715 0.3081163859111792 0.657819518170682 
0 0.31577335375191423 0.6594528378930176 0.31332312404287904 0.6590445079624336 0.3142419601837672 0.6512862392813393 0.31577335375191423 0.6521028991425072 0.31577335375191423 0.6594528378930176 
0 0.711791730474732 0.666394446712944 0.6995405819295559 0.666394446712944 0.6992343032159265 0.6598611678236015 0.7105666156202144 0.6610861576153532 0.711791730474732 0.666394446712944 
0 0.36232771822358345 0.6668027766435279 0.3534456355283308 0.666394446712944 0.3534456355283308 0.6606778276847693 0.36232771822358345 0.6602694977541854 0.36232771822358345 0.6668027766435279 
0 0.3898928024502297 0.6676194365046958 0.3678407350689127 0.6668027766435279 0.3675344563552833 0.6606778276847693 0.38254211332312404 0.6627194773376889 0.3849923430321593 0.666394446712944 0.3898928024502297 0.6676194365046958 
0 0.3454823889739663 0.6651694569211923 0.3427258805513017 0.6647611269906084 0.3430321592649311 0.6614944875459371 0.3454823889739663 0.6614944875459371 0.3454823889739663 0.6651694569211923 
0 0.5032159264931088 0.671702735810535 0.48483920367534455 0.6692527562270314 0.48483920367534455 0.6659861167823602 0.491271056661562 0.6676194365046958 0.5047473200612558 0.6680277664352797 0.5427258805513017 0.6635361371988566 0.5427258805513017 0.6684360963658637 0.5032159264931088 0.671702735810535 
0 0.39601837672281776 0.6676194365046958 0.3929555895865237 0.6676194365046958 0.3975497702909648 0.666394446712944 0.39601837672281776 0.6676194365046958 
0 0.327718223583461 0.675786035116374 0.3218989280245023 0.675786035116374 0.3222052067381317 0.6676194365046958 0.32802450229709035 0.6684360963658637 0.327718223583461 0.675786035116374 
0 0.3451761102603369 0.676194365046958 0.33476263399693723 0.675786035116374 0.33476263399693723 0.6688444262964476 0.3451761102603369 0.6692527562270314 0.3451761102603369 0.676194365046958 
0 0.355895865237366 0.676194365046958 0.3531393568147014 0.676194365046958 0.3534456355283308 0.6696610861576153 0.355895865237366 0.676194365046958 
0 0.44165390505359875 0.680277664352797 0.42909647779479326 0.680277664352797 0.42879019908116384 0.6729277256022866 0.49280245022970903 0.6725193956717027 0.4952526799387443 0.6790526745610453 0.44165390505359875 0.680277664352797 
0 0.3889739663093415 0.7198856676194365 0.3883614088820827 0.7076357697019191 0.37580398162327716 0.7060024499795835 0.3788667687595712 0.7023274806043283 0.37366003062787134 0.6949775418538179 0.3767228177641654 0.6929358922008984 0.3886676875957121 0.6953858717844018 0.39356814701378257 0.7015108207431605 0.396937212863706 0.7117190690077583 0.3908116385911179 0.7190690077582687 0.3889739663093415 0.7198856676194365 
0 0.7537519142419602 0.7264189465087791 0.7310872894333844 0.7235606369946918 0.7261868300153139 0.7198856676194365 0.7243491577335375 0.7031441404654961 0.7274119448698315 0.7011024908125766 0.7525267993874426 0.6994691710902409 0.7537519142419602 0.7096774193548387 0.7537519142419602 0.7264189465087791 
0 0.9996937212863706 0.9995916700694161 0.9656967840735069 0.9995916700694161 0.9062787136294027 0.9383421804818293 0.793874425727412 0.8138015516537362 0.7831546707503828 0.7966516945692119 0.7859111791730474 0.7701102490812577 0.8217457886676875 0.8060432829726419 0.9996937212863706 0.9726418946508779 0.9996937212863706 0.9995916700694161 
0 0.0 0.8685177623519804 0.0 0.819518170681911 0.0557427258805513 0.8035933033891384 0.10842266462480858 0.7913434054716211 0.11454823889739663 0.7974683544303798 0.11791730474732007 0.8231931400571662 0.11730474732006126 0.824009799918334 0.045022970903522204 0.8530012249897918 0.0 0.8685177623519804 
1 0.8015313935681471 0.675786035116374 0.7978560490045942 0.6749693752552062 0.7901990811638591 0.6692527562270314 0.7803981623277182 0.6676194365046958 0.7776416539050536 0.6643527970600245 0.7699846860643186 0.6610861576153532 0.7629402756508422 0.6602694977541854 0.7451761102603369 0.6533278889342589 0.7448698315467075 0.648019599836668 0.7424196018376723 0.6443446304614128 0.7255742725880552 0.6443446304614128 0.7271056661562021 0.6333197223356472 0.7344563552833078 0.6280114332380563 0.743032159264931 0.6280114332380563 0.7666156202143951 0.6075949367088608 0.777947932618683 0.606369946917109 0.7819295558958652 0.5949367088607594 0.7865237366003063 0.5949367088607594 0.8052067381316999 0.5998366680277665 0.8070444104134763 0.6733360555328706 0.8015313935681471 0.675786035116374 
1 0.8875957120980091 0.7006941608819927 0.8483920367534457 0.6880359330338914 0.8287901990811639 0.6831359738668844 0.8223583460949464 0.6794610044916293 0.82052067381317 0.6039199673336055 0.8462480857580398 0.6112699060841159 0.885145482388974 0.615761535320539 0.8875957120980091 0.7006941608819927 
1 0.0 0.749693752552062 0.0 0.6075949367088608 0.0787136294027565 0.6129032258064516 0.07656967840735068 0.7300939158840343 0.08147013782542113 0.7300939158840343 0.08483920367534456 0.6124948958758677 0.24042879019908117 0.6129032258064516 0.23920367534456355 0.6308697427521437 0.21439509954058192 0.6312780726827276 0.2119448698315467 0.7068191098407514 0.21623277182235834 0.7068191098407514 0.0 0.749693752552062 
1 0.9996937212863706 0.7354022049816251 0.9660030627871363 0.7264189465087791 0.9292496171516079 0.7145773785218457 0.9267993874425727 0.6198448346263781 0.9856049004594181 0.620253164556962 0.9996937212863706 0.615761535320539 0.9996937212863706 0.7354022049816251 
5 0.42848392036753447 0.6692527562270314 0.39540581929555896 0.6680277664352797 0.3978560490045942 0.6659861167823602 0.42848392036753447 0.6659861167823602 0.42848392036753447 0.6692527562270314 
5 0.4355283307810107 0.6692527562270314 0.4336906584992343 0.6692527562270314 0.4339969372128637 0.6659861167823602 0.43583460949464015 0.666394446712944 0.4355283307810107 0.6692527562270314 
5 0.4245022970903522 0.6819109840751327 0.398468606431853 0.6790526745610453 0.3647779479326187 0.6790526745610453 0.3565084226646248 0.6774193548387096 0.3537519142419602 0.6696610861576153 0.35895865237366004 0.6692527562270314 0.36049004594180706 0.6741527153940384 0.38131699846860645 0.6741527153940384 0.41807044410413474 0.6770110249081258 0.42297090352220523 0.6786443446304614 0.4238897396630934 0.6786443446304614 0.4241960183767228 0.6741527153940384 0.42879019908116384 0.6725193956717027 0.42879019908116384 0.6815026541445488 0.4245022970903522 0.6819109840751327 
5 0.30842266462480855 0.6921192323397305 0.28422664624808575 0.690077582686811 0.2839203675344564 0.6847692935892201 0.3075038284839204 0.6884442629644753 0.30842266462480855 0.6921192323397305 
5 0.32741194486983155 0.6933442221314823 0.311791730474732 0.6925275622703144 0.3114854517611026 0.6908942425479788 0.3120980091883614 0.6888525928950592 0.3255742725880551 0.689669252756227 0.32741194486983155 0.6904859126173949 0.32741194486983155 0.6933442221314823 
5 0.3445635528330781 0.6937525520620661 0.3344563552833078 0.6933442221314823 0.33415007656967843 0.6908942425479788 0.3445635528330781 0.6913025724785626 0.3445635528330781 0.6937525520620661 
5 0.3742725880551302 0.6953858717844018 0.35160796324655436 0.69416088199265 0.351301684532925 0.6929358922008984 0.3525267993874426 0.6917109024091466 0.3761102603369066 0.6925275622703144 0.3742725880551302 0.6953858717844018 
5 0.11822358346094947 0.8244181298489179 0.11454823889739663 0.7974683544303798 0.10811638591117917 0.7905267456104532 0.16539050535987748 0.7897100857492855 0.17366003062787136 0.7872601061657819 0.2223583460949464 0.7725602286647612 0.3479326186830015 0.7296855859534503 0.3754977029096478 0.7055941200489996 0.3883614088820827 0.7076357697019191 0.3883614088820827 0.7202939975500204 0.35436447166921897 0.740710494079216 0.26891271056661564 0.7717435688035933 0.20551301684532924 0.7978766843609637 0.15803981623277183 0.8150265414454879 0.11822358346094947 0.8244181298489179 
5 0.7831546707503828 0.7970600244997958 0.7301684532924961 0.7227439771335239 0.7537519142419602 0.7264189465087791 0.7540581929555896 0.7256022866476113 0.7607963246554365 0.7280522662311147 0.7607963246554365 0.7390771743568804 0.7623277182235835 0.7452021233156391 0.7696784073506892 0.7509187423438138 0.7800918836140888 0.7635769701919151 0.7901990811638591 0.7635769701919151 0.7987748851454823 0.7603103307472437 0.8027565084226647 0.7652102899142507 0.8140888208269526 0.7652102899142507 0.8186830015313936 0.7676602694977542 0.7914241960183768 0.7737852184565128 0.7862174578866769 0.7697019191506738 0.7831546707503828 0.7970600244997958 
2 0.2122511485451761 0.7068191098407514 0.21439509954058192 0.6312780726827276 0.26156202143950996 0.6308697427521437 0.2597243491577335 0.6329113924050633 0.25941807044410414 0.6365863617803185 0.2566615620214395 0.7051857901184156 0.22358346094946402 0.7060024499795835 0.22480857580398161 0.6361780318497345 0.2223583460949464 0.634136382196815 0.21929555895865238 0.6361780318497345 0.21898928024502298 0.6398530012249898 0.21623277182235834 0.7064107799101674 0.2122511485451761 0.7068191098407514 
2 0.2732006125574273 0.7043691302572479 0.27228177641653906 0.7043691302572479 0.27228177641653906 0.6986525112290731 0.27411944869831545 0.6312780726827276 0.2811638591117917 0.6308697427521437 0.2839203675344564 0.6345447121273989 0.2839203675344564 0.6998775010208248 0.2732006125574273 0.7043691302572479 
