0 0.13755020080321284 0.5836680053547524 0.13629518072289157 0.5829986613119144 0.14407630522088352 0.5789825970548862 0.18373493975903615 0.5756358768406962 0.24497991967871485 0.5655957161981259 0.24673694779116465 0.5665997322623829 0.24673694779116465 0.5692771084337349 0.24573293172690763 0.5696117804551539 0.1915160642570281 0.5783132530120482 0.13755020080321284 0.5836680053547524 
0 0.0818273092369478 0.5870147255689424 0.0665160642570281 0.5870147255689424 0.06827309236947791 0.5863453815261044 0.0695281124497992 0.5756358768406962 0.06902610441767068 0.571285140562249 0.11671686746987951 0.5766398929049531 0.11370481927710843 0.5783132530120482 0.08057228915662651 0.5843373493975904 0.0858433734939759 0.5866800535475234 0.0818273092369478 0.5870147255689424 
0 0.7886546184738956 0.5856760374832664 0.6890060240963856 0.5819946452476573 0.6305220883534136 0.5783132530120482 0.6395582329317269 0.5749665327978581 0.7377008032128514 0.5796519410977242 0.7866465863453815 0.5803212851405622 0.8273092369477911 0.5833333333333334 0.8273092369477911 0.5853413654618473 0.8242971887550201 0.5853413654618473 0.7889056224899599 0.5829986613119144 0.7886546184738956 0.5856760374832664 
0 0.8391064257028112 0.5860107095046854 0.8335843373493976 0.5856760374832664 0.8333333333333334 0.5836680053547524 0.8391064257028112 0.5833333333333334 0.8391064257028112 0.5860107095046854 
0 0.8717369477911646 0.5886880856760375 0.8614457831325302 0.5886880856760375 0.8614457831325302 0.5876840696117804 0.858433734939759 0.5870147255689424 0.8506526104417671 0.5866800535475234 0.8504016064257028 0.5840026773761714 0.8604417670682731 0.5836680053547524 0.8669678714859438 0.5856760374832664 0.8684738955823293 0.5876840696117804 0.8717369477911646 0.5886880856760375 
0 0.9678714859437751 0.5873493975903614 0.9658634538152611 0.5873493975903614 0.9681224899598394 0.5840026773761714 0.9706325301204819 0.5840026773761714 0.9733935742971888 0.5863453815261044 0.9771586345381527 0.5870147255689424 0.9678714859437751 0.5873493975903614 
0 0.902359437751004 0.5890227576974565 0.8945783132530121 0.5886880856760375 0.9001004016064257 0.5846720214190094 0.9329819277108434 0.5853413654618473 0.9329819277108434 0.5883534136546185 0.902359437751004 0.5890227576974565 
0 0.7951807228915663 0.5860107095046854 0.7904116465863453 0.5860107095046854 0.7951807228915663 0.5860107095046854 
0 0.9492971887550201 0.5880187416331994 0.9435240963855421 0.5880187416331994 0.9480421686746988 0.5876840696117804 0.9497991967871486 0.5856760374832664 0.9535642570281124 0.5856760374832664 0.9558232931726908 0.5876840696117804 0.9492971887550201 0.5880187416331994 
0 0.8017068273092369 0.5863453815261044 0.7986947791164659 0.5863453815261044 0.8017068273092369 0.5863453815261044 
0 0.8084839357429718 0.5866800535475234 0.8072289156626506 0.5866800535475234 0.8084839357429718 0.5866800535475234 
0 0.8855421686746988 0.5886880856760375 0.8780120481927711 0.5886880856760375 0.8817771084337349 0.5870147255689424 0.8855421686746988 0.5886880856760375 
0 0.7640562248995983 0.6275100401606426 0.7595381526104418 0.6244979919678715 0.7645582329317269 0.6208165997322623 0.7846385542168675 0.6171352074966533 0.8225401606425703 0.6168005354752343 0.822289156626506 0.6198125836680054 0.7866465863453815 0.6198125836680054 0.7735943775100401 0.6214859437751004 0.7695783132530121 0.6231593038821954 0.7640562248995983 0.6275100401606426 
0 0.8501506024096386 0.8139223560910308 0.8132530120481928 0.786813922356091 0.7459839357429718 0.7309236947791165 0.7008032128514057 0.6971218206157965 0.6634036144578314 0.6572958500669344 0.6666666666666666 0.6452476572958501 0.6701807228915663 0.64190093708166 0.6749497991967871 0.6506024096385542 0.6935240963855421 0.6653279785809906 0.8431224899598394 0.7707496653279786 0.8441265060240963 0.7730923694779116 0.8413654618473896 0.7717536813922357 0.8501506024096386 0.8139223560910308 
1 0.3657128514056225 0.5311244979919679 0.3549196787148594 0.5311244979919679 0.35441767068273095 0.5297858099062919 0.35065261044176704 0.5294511378848729 0.3498995983935743 0.5291164658634538 0.3498995983935743 0.5251004016064257 0.3521586345381526 0.5247657295850067 0.35240963855421686 0.5227576974564926 0.3541666666666667 0.5224230254350736 0.36596385542168675 0.5220883534136547 0.3657128514056225 0.5311244979919679 
1 0.32981927710843373 0.535140562248996 0.3288152610441767 0.534471218206158 0.33082329317269077 0.5230923694779116 0.34563253012048195 0.5230923694779116 0.34563253012048195 0.5287817938420348 0.3421184738955823 0.5287817938420348 0.33559236947791166 0.5307898259705489 0.32981927710843373 0.535140562248996 
1 0.2532630522088353 0.5451807228915663 0.23744979919678716 0.5451807228915663 0.2371987951807229 0.5254350736278447 0.28187751004016065 0.5247657295850067 0.28112449799196787 0.5435073627844712 0.27836345381526106 0.5398259705488622 0.2653112449799197 0.5394912985274432 0.25978915662650603 0.5398259705488622 0.2547690763052209 0.5425033467202142 0.2532630522088353 0.5451807228915663 
1 0.285140562248996 0.5455153949129853 0.28539156626506024 0.5244310575635877 0.3044678714859438 0.5247657295850067 0.3057228915662651 0.5317938420348058 0.30346385542168675 0.5394912985274432 0.294929718875502 0.5388219544846051 0.28865461847389556 0.5398259705488622 0.285140562248996 0.5455153949129853 
1 0.3488955823293173 0.5284471218206158 0.3468875502008032 0.5284471218206158 0.3473895582329317 0.5247657295850067 0.3488955823293173 0.5251004016064257 0.3488955823293173 0.5284471218206158 
5 0.7153614457831325 0.6348728246318608 0.7070783132530121 0.6325301204819277 0.7595381526104418 0.6241633199464525 0.7638052208835341 0.6275100401606426 0.7615461847389559 0.6291834002677377 0.7153614457831325 0.6348728246318608 
5 0.9997489959839357 0.9374163319946452 0.8509036144578314 0.8159303882195449 0.8413654618473896 0.7714190093708166 0.9997489959839357 0.8975903614457831 0.9997489959839357 0.9374163319946452 
