0 0.5109375 0.5513888888888889 0.5106770833333333 0.549074074074074 0.5122395833333333 0.5486111111111112 0.5109375 0.5513888888888889 
0 0.5091145833333334 0.5509259259259259 0.5026041666666666 0.55 0.5088541666666667 0.549074074074074 0.5091145833333334 0.5509259259259259 
0 0.55390625 0.5574074074074075 0.53203125 0.5546296296296296 0.5317708333333333 0.5504629629629629 0.5731770833333333 0.5537037037037037 0.5729166666666666 0.5555555555555556 0.56171875 0.5555555555555556 0.55390625 0.5574074074074075 
0 0.6348958333333333 0.5611111111111111 0.5859375 0.5592592592592592 0.5736979166666667 0.5574074074074075 0.5734375 0.5523148148148148 0.6033854166666667 0.5550925925925926 0.6348958333333333 0.5541666666666667 0.6348958333333333 0.5611111111111111 
0 0.46197916666666666 0.5685185185185185 0.44166666666666665 0.5597222222222222 0.42291666666666666 0.5569444444444445 0.42265625 0.5555555555555556 0.44635416666666666 0.5587962962962963 0.46119791666666665 0.5652777777777778 0.46197916666666666 0.5685185185185185 
0 0.6364583333333333 0.5824074074074074 0.60546875 0.5726851851851852 0.61796875 0.5671296296296297 0.6197916666666666 0.5694444444444444 0.609375 0.5726851851851852 0.6359375 0.5800925925925926 0.6364583333333333 0.5824074074074074 
0 0.646875 0.5856481481481481 0.6372395833333333 0.5824074074074074 0.64140625 0.5787037037037037 0.6489583333333333 0.5787037037037037 0.6502604166666667 0.5805555555555556 0.6471354166666666 0.5805555555555556 0.646875 0.5856481481481481 
0 0.8486979166666667 0.6143518518518518 0.7911458333333333 0.6 0.7903645833333334 0.5995370370370371 0.7903645833333334 0.5879629629629629 0.7953125 0.5898148148148148 0.86328125 0.6013888888888889 0.8908854166666667 0.6023148148148149 0.8908854166666667 0.6092592592592593 0.8486979166666667 0.6143518518518518 
0 0.7052083333333333 0.6106481481481482 0.6760416666666667 0.5981481481481481 0.6755208333333333 0.5912037037037037 0.6794270833333333 0.5893518518518519 0.71015625 0.6023148148148149 0.7065104166666667 0.6023148148148149 0.7052083333333333 0.6106481481481482 
0 0.33541666666666664 0.6800925925925926 0.33307291666666666 0.6662037037037037 0.32369791666666664 0.6662037037037037 0.35833333333333334 0.6435185185185185 0.44453125 0.5921296296296297 0.4510416666666667 0.5925925925925926 0.45416666666666666 0.5986111111111111 0.3807291666666667 0.6481481481481481 0.3768229166666667 0.649074074074074 0.37552083333333336 0.6518518518518519 0.33541666666666664 0.6800925925925926 
0 0.7901041666666667 0.5995370370370371 0.7890625 0.5995370370370371 0.7901041666666667 0.5995370370370371 
0 0.9997395833333333 0.6564814814814814 0.9731770833333333 0.6462962962962963 0.971875 0.6263888888888889 0.9807291666666667 0.6240740740740741 0.9997395833333333 0.6310185185185185 0.9997395833333333 0.6564814814814814 
0 0.73515625 0.625 0.734375 0.625 0.73515625 0.625 
0 0.7361979166666667 0.625462962962963 0.7354166666666667 0.625462962962963 0.7361979166666667 0.625462962962963 
0 0.7372395833333333 0.6259259259259259 0.7361979166666667 0.6259259259259259 0.7372395833333333 0.6259259259259259 
0 0.73828125 0.6263888888888889 0.7372395833333333 0.6263888888888889 0.73828125 0.6263888888888889 
0 0.9997395833333333 0.75 0.87421875 0.6902777777777778 0.7911458333333333 0.6527777777777778 0.73828125 0.6268518518518519 0.7544270833333333 0.6328703703703704 0.7677083333333333 0.6398148148148148 0.76796875 0.6310185185185185 0.7736979166666667 0.6296296296296297 0.8453125 0.6597222222222222 0.8940104166666667 0.6759259259259259 0.9997395833333333 0.7212962962962963 0.9997395833333333 0.75 
0 0.3125 0.6962962962962963 0.31171875 0.6962962962962963 0.3125 0.6962962962962963 
0 0.30911458333333336 0.6986111111111111 0.30833333333333335 0.6986111111111111 0.30911458333333336 0.6986111111111111 
0 0.3078125 0.6995370370370371 0.30703125 0.6995370370370371 0.3078125 0.6995370370370371 
0 0.30703125 0.7 0.30625 0.7 0.30703125 0.7 
0 0.30572916666666666 0.700925925925926 0.30494791666666665 0.700925925925926 0.30572916666666666 0.700925925925926 
0 0.30442708333333335 0.7018518518518518 0.30364583333333334 0.7018518518518518 0.30442708333333335 0.7018518518518518 
0 0.30364583333333334 0.7023148148148148 0.3028645833333333 0.7023148148148148 0.30364583333333334 0.7023148148148148 
0 0.30234375 0.7032407407407407 0.3015625 0.7032407407407407 0.30234375 0.7032407407407407 
0 0.30104166666666665 0.7041666666666667 0.30026041666666664 0.7041666666666667 0.3015625 0.7037037037037037 0.30104166666666665 0.7041666666666667 
0 0.29973958333333334 0.7050925925925926 0.2989583333333333 0.7050925925925926 0.30026041666666664 0.7046296296296296 0.29973958333333334 0.7050925925925926 
0 0.2989583333333333 0.7055555555555556 0.2981770833333333 0.7055555555555556 0.2989583333333333 0.7055555555555556 
0 0.29765625 0.7064814814814815 0.296875 0.7064814814814815 0.2981770833333333 0.7060185185185185 0.29765625 0.7064814814814815 
0 0.2942708333333333 0.7087962962962963 0.29348958333333336 0.7087962962962963 0.296875 0.7069444444444445 0.2942708333333333 0.7087962962962963 
0 0.2125 0.7648148148148148 0.21171875 0.7648148148148148 0.23125 0.750462962962963 0.29348958333333336 0.7092592592592593 0.2125 0.7648148148148148 
0 0.0 0.9078703703703703 0.0 0.8537037037037037 0.16848958333333333 0.7578703703703704 0.18098958333333334 0.7611111111111111 0.18359375 0.7842592592592592 0.0 0.9078703703703703 
0 0.21119791666666668 0.7657407407407407 0.21041666666666667 0.7657407407407407 0.21171875 0.7652777777777777 0.21119791666666668 0.7657407407407407 
0 0.21041666666666667 0.7662037037037037 0.20963541666666666 0.7662037037037037 0.21041666666666667 0.7662037037037037 
0 0.20911458333333333 0.7671296296296296 0.20833333333333334 0.7671296296296296 0.20911458333333333 0.7671296296296296 
0 0.2078125 0.7680555555555556 0.20703125 0.7680555555555556 0.2078125 0.7680555555555556 
1 0.19973958333333333 0.04675925925925926 0.18541666666666667 0.03657407407407407 0.17291666666666666 0.01990740740740741 0.17604166666666668 0.016203703703703703 0.19973958333333333 0.027777777777777776 0.19973958333333333 0.04675925925925926 
1 0.06953125 0.6277777777777778 0.06588541666666667 0.6263888888888889 0.065625 0.6222222222222222 0.0 0.6212962962962963 0.0 0.412962962962963 0.08932291666666667 0.4166666666666667 0.0828125 0.6226851851851852 0.06979166666666667 0.6226851851851852 0.06953125 0.6277777777777778 
1 0.41067708333333336 0.549074074074074 0.3963541666666667 0.549074074074074 0.3966145833333333 0.5152777777777777 0.41119791666666666 0.5166666666666667 0.41067708333333336 0.549074074074074 
1 0.4609375 0.5652777777777778 0.44635416666666666 0.5587962962962963 0.4231770833333333 0.5555555555555556 0.42161458333333335 0.549074074074074 0.41510416666666666 0.549074074074074 0.41510416666666666 0.5171296296296296 0.421875 0.5166666666666667 0.4239583333333333 0.5189814814814815 0.42421875 0.5407407407407407 0.42682291666666666 0.5421296296296296 0.43802083333333336 0.5421296296296296 0.46145833333333336 0.5453703703703704 0.4609375 0.5652777777777778 
1 0.7109375 0.5652777777777778 0.6934895833333333 0.5643518518518519 0.6932291666666667 0.5421296296296296 0.65859375 0.5421296296296296 0.6591145833333333 0.5305555555555556 0.6549479166666666 0.5300925925925926 0.6549479166666666 0.5199074074074074 0.6583333333333333 0.5194444444444445 0.6583333333333333 0.5273148148148148 0.6611979166666667 0.5273148148148148 0.6614583333333334 0.5189814814814815 0.6932291666666667 0.5166666666666667 0.6934895833333333 0.5388888888888889 0.7109375 0.537962962962963 0.7109375 0.5652777777777778 
1 0.6125 0.5550925925925926 0.5747395833333333 0.5523148148148148 0.5734375 0.5375 0.5979166666666667 0.5388888888888889 0.6364583333333333 0.5388888888888889 0.6377604166666667 0.5203703703703704 0.64765625 0.5203703703703704 0.64765625 0.5296296296296297 0.6408854166666667 0.5300925925925926 0.6408854166666667 0.5412037037037037 0.6348958333333333 0.5416666666666666 0.6348958333333333 0.5541666666666667 0.6125 0.5550925925925926 
1 0.78984375 0.5787037037037037 0.76796875 0.575925925925926 0.7677083333333333 0.5407407407407407 0.78828125 0.5393518518518519 0.7885416666666667 0.5203703703703704 0.8286458333333333 0.5222222222222223 0.8286458333333333 0.5328703703703703 0.7893229166666667 0.5337962962962963 0.78984375 0.5787037037037037 
1 0.55625 0.5527777777777778 0.5322916666666667 0.5504629629629629 0.53203125 0.5356481481481481 0.5567708333333333 0.5370370370370371 0.55625 0.5527777777777778 
1 0.49765625 0.5504629629629629 0.49635416666666665 0.5370370370370371 0.5153645833333333 0.5375 0.5151041666666667 0.5425925925925926 0.5075520833333333 0.5421296296296296 0.5078125 0.549074074074074 0.49765625 0.5504629629629629 
1 0.890625 0.5606481481481481 0.82265625 0.5574074074074075 0.8223958333333333 0.5444444444444444 0.890625 0.5472222222222223 0.890625 0.5606481481481481 
5 0.4609375 0.5685185185185185 0.4270833333333333 0.5666666666666667 0.42682291666666666 0.5657407407407408 0.45729166666666665 0.5662037037037037 0.4609375 0.5685185185185185 
5 0.63671875 0.5828703703703704 0.6359375 0.5787037037037037 0.640625 0.5791666666666667 0.63671875 0.5828703703703704 
5 0.6755208333333333 0.5976851851851852 0.6471354166666666 0.5861111111111111 0.646875 0.5810185185185185 0.6518229166666667 0.5805555555555556 0.6559895833333333 0.5861111111111111 0.6697916666666667 0.5907407407407408 0.6776041666666667 0.5893518518518519 0.6755208333333333 0.5912037037037037 0.6755208333333333 0.5976851851851852 
5 0.7677083333333333 0.6398148148148148 0.70546875 0.6111111111111112 0.70625 0.6027777777777777 0.7111979166666667 0.6023148148148149 0.7200520833333334 0.6129629629629629 0.75859375 0.6291666666666667 0.7744791666666667 0.6296296296296297 0.76796875 0.6310185185185185 0.7677083333333333 0.6398148148148148 
5 0.18385416666666668 0.7847222222222222 0.18098958333333334 0.7611111111111111 0.16875 0.7574074074074074 0.21927083333333333 0.7467592592592592 0.29921875 0.6930555555555555 0.32317708333333334 0.6662037037037037 0.33307291666666666 0.6666666666666666 0.33489583333333334 0.6805555555555556 0.23125 0.750462962962963 0.18385416666666668 0.7847222222222222 
2 0.8908854166666667 0.6018518518518519 0.86328125 0.6013888888888889 0.7953125 0.5898148148148148 0.7911458333333333 0.5875 0.7903645833333334 0.5879629629629629 0.7903645833333334 0.5995370370370371 0.75546875 0.5912037037037037 0.7552083333333334 0.5574074074074075 0.7572916666666667 0.5555555555555556 0.76015625 0.5592592592592592 0.7604166666666666 0.575462962962963 0.78984375 0.5787037037037037 0.7893229166666667 0.5337962962962963 0.8286458333333333 0.5328703703703703 0.82890625 0.5393518518518519 0.8385416666666666 0.5407407407407407 0.83828125 0.5324074074074074 0.8403645833333333 0.5449074074074074 0.82265625 0.5439814814814815 0.8223958333333333 0.5574074074074075 0.890625 0.5606481481481481 0.8908854166666667 0.6018518518518519 
2 0.6932291666666667 0.5791666666666667 0.6575520833333334 0.5708333333333333 0.6583333333333333 0.5425925925925926 0.6932291666666667 0.5421296296296296 0.6934895833333333 0.5643518518518519 0.7109375 0.5657407407407408 0.7109375 0.5787037037037037 0.6934895833333333 0.5768518518518518 0.6932291666666667 0.5791666666666667 
2 0.41041666666666665 0.5657407407407408 0.3966145833333333 0.5657407407407408 0.3963541666666667 0.549537037037037 0.41067708333333336 0.549074074074074 0.41041666666666665 0.5657407407407408 
2 0.42682291666666666 0.5657407407407408 0.41484375 0.5657407407407408 0.41458333333333336 0.549537037037037 0.42161458333333335 0.549074074074074 0.42265625 0.5546296296296296 0.42265625 0.562962962962963 0.42682291666666666 0.5657407407407408 
2 0.7252604166666666 0.5777777777777777 0.7223958333333333 0.5777777777777777 0.7223958333333333 0.5546296296296296 0.7234375 0.5518518518518518 0.7252604166666666 0.5777777777777777 
2 0.08098958333333334 0.6662037037037037 0.00026041666666666666 0.6546296296296297 0.0 0.6217592592592592 0.065625 0.6222222222222222 0.06588541666666667 0.6263888888888889 0.06953125 0.6277777777777778 0.06979166666666667 0.6226851851851852 0.0828125 0.6226851851851852 0.08098958333333334 0.6662037037037037 
4 0.49244791666666665 0.5541666666666667 0.4908854166666667 0.5541666666666667 0.4908854166666667 0.5472222222222223 0.48932291666666666 0.5476851851851852 0.4895833333333333 0.5541666666666667 0.48802083333333335 0.5541666666666667 0.48802083333333335 0.5467592592592593 0.48385416666666664 0.5467592592592593 0.48385416666666664 0.5527777777777778 0.4822916666666667 0.5532407407407407 0.48203125 0.5462962962962963 0.4783854166666667 0.5462962962962963 0.4783854166666667 0.5523148148148148 0.4765625 0.5523148148148148 0.47682291666666665 0.5458333333333333 0.47265625 0.5458333333333333 0.47239583333333335 0.5518518518518518 0.4708333333333333 0.5513888888888889 0.47109375 0.5458333333333333 0.4674479166666667 0.5458333333333333 0.4671875 0.5509259259259259 0.4661458333333333 0.5509259259259259 0.46588541666666666 0.5462962962962963 0.4640625 0.5458333333333333 0.46432291666666664 0.5393518518518519 0.49270833333333336 0.5421296296296296 0.49244791666666665 0.5541666666666667 
4 0.43984375 0.5425925925925926 0.42682291666666666 0.5421296296296296 0.42630208333333336 0.5407407407407407 0.43984375 0.5402777777777777 0.43984375 0.5425925925925926 
4 0.53046875 0.5555555555555556 0.5286458333333334 0.5555555555555556 0.5283854166666667 0.549537037037037 0.52734375 0.55 0.5276041666666667 0.5541666666666667 0.5268229166666667 0.5541666666666667 0.52578125 0.5527777777777778 0.52578125 0.549074074074074 0.5221354166666666 0.549074074074074 0.521875 0.5518518518518518 0.5200520833333333 0.5518518518518518 0.5197916666666667 0.5486111111111112 0.5109375 0.5486111111111112 0.5106770833333333 0.5518518518518518 0.5096354166666667 0.5527777777777778 0.5088541666666667 0.549537037037037 0.5075520833333333 0.5481481481481482 0.5072916666666667 0.5425925925925926 0.5296875 0.5425925925925926 0.5302083333333333 0.5439814814814815 0.53046875 0.5555555555555556 
