0 0.5376838235294118 0.7263071895424836 0.5309436274509803 0.7263071895424836 0.49387254901960786 0.7095588235294118 0.4947916666666667 0.7079248366013072 0.5165441176470589 0.7177287581699346 0.5379901960784313 0.7250816993464052 0.5376838235294118 0.7263071895424836 
0 0.5772058823529411 0.7267156862745098 0.5716911764705882 0.7250816993464052 0.5744485294117647 0.7222222222222222 0.5778186274509803 0.7242647058823529 0.5839460784313726 0.7242647058823529 0.5839460784313726 0.7258986928104575 0.5860906862745098 0.7258986928104575 0.586703431372549 0.7242647058823529 0.5968137254901961 0.7246732026143791 0.5968137254901961 0.7258986928104575 0.5949754901960784 0.7263071895424836 0.5772058823529411 0.7267156862745098 
0 0.6583946078431373 0.7250816993464052 0.6513480392156863 0.7246732026143791 0.6519607843137255 0.7234477124183006 0.6580882352941176 0.7230392156862745 0.6583946078431373 0.7250816993464052 
0 0.6430759803921569 0.7250816993464052 0.6338848039215687 0.7250816993464052 0.633578431372549 0.7238562091503268 0.6427696078431373 0.7234477124183006 0.6430759803921569 0.7250816993464052 
0 0.6124387254901961 0.7258986928104575 0.6044730392156863 0.7258986928104575 0.6041666666666666 0.7246732026143791 0.6133578431372549 0.7238562091503268 0.6124387254901961 0.7258986928104575 
0 0.617953431372549 0.7254901960784313 0.6170343137254902 0.7254901960784313 0.617953431372549 0.7238562091503268 0.617953431372549 0.7254901960784313 
0 0.625 0.7254901960784313 0.6222426470588235 0.7254901960784313 0.6219362745098039 0.7242647058823529 0.625 0.7238562091503268 0.625 0.7254901960784313 
0 0.03676470588235294 0.738562091503268 0.032475490196078434 0.738562091503268 0.03431372549019608 0.7361111111111112 0.03860294117647059 0.7348856209150327 0.05575980392156863 0.7336601307189542 0.06158088235294118 0.7369281045751634 0.03676470588235294 0.738562091503268 
0 0.9996936274509803 0.9987745098039216 0.6289828431372549 0.7924836601307189 0.6268382352941176 0.7912581699346405 0.6274509803921569 0.7855392156862745 0.6124387254901961 0.7785947712418301 0.6112132352941176 0.7822712418300654 0.6102941176470589 0.7818627450980392 0.5677083333333334 0.7569444444444444 0.5692401960784313 0.752859477124183 0.5707720588235294 0.7524509803921569 0.6556372549019608 0.7969771241830066 0.9990808823529411 0.983251633986928 0.9996936274509803 0.9840686274509803 0.9996936274509803 0.9987745098039216 
1 0.037377450980392156 0.7038398692810458 0.03216911764705882 0.696078431372549 0.026041666666666668 0.6895424836601307 0.019301470588235295 0.690359477124183 0.012561274509803922 0.6977124183006536 0.012254901960784314 0.7030228758169934 0.00030637254901960784 0.7026143790849673 0.0 0.6830065359477124 0.0070465686274509805 0.6776960784313726 0.016544117647058824 0.6736111111111112 0.03615196078431373 0.6683006535947712 0.03768382352941176 0.6650326797385621 0.03952205882352941 0.6650326797385621 0.037377450980392156 0.7038398692810458 
1 0.09926470588235294 0.7038398692810458 0.08088235294117647 0.7038398692810458 0.08302696078431372 0.6683006535947712 0.09037990196078431 0.6683006535947712 0.10324754901960784 0.6740196078431373 0.11274509803921569 0.6715686274509803 0.11182598039215687 0.690359477124183 0.1053921568627451 0.6924019607843137 0.10110294117647059 0.6973039215686274 0.09926470588235294 0.7038398692810458 
5 0.25857843137254904 0.7250816993464052 0.25643382352941174 0.7250816993464052 0.25612745098039214 0.7238562091503268 0.26776960784313725 0.7222222222222222 0.26776960784313725 0.7238562091503268 0.25857843137254904 0.7250816993464052 
5 0.24509803921568626 0.7267156862745098 0.24417892156862744 0.7250816993464052 0.25275735294117646 0.7242647058823529 0.25183823529411764 0.7258986928104575 0.24509803921568626 0.7267156862745098 
5 0.5557598039215687 0.7263071895424836 0.5376838235294118 0.7258986928104575 0.5716911764705882 0.7246732026143791 0.5741421568627451 0.7258986928104575 0.5557598039215687 0.7263071895424836 
5 0.17524509803921567 0.7320261437908496 0.16850490196078433 0.7320261437908496 0.17003676470588236 0.7299836601307189 0.23621323529411764 0.7267156862745098 0.23621323529411764 0.7275326797385621 0.22794117647058823 0.7287581699346405 0.17524509803921567 0.7320261437908496 
5 0.1559436274509804 0.7328431372549019 0.15012254901960784 0.7328431372549019 0.15165441176470587 0.7308006535947712 0.15931372549019607 0.7303921568627451 0.16023284313725492 0.7324346405228758 0.1559436274509804 0.7328431372549019 
5 0.12714460784313725 0.7340686274509803 0.12346813725490197 0.7340686274509803 0.1253063725490196 0.7320261437908496 0.13388480392156862 0.7316176470588235 0.1400122549019608 0.7316176470588235 0.1412377450980392 0.733251633986928 0.12714460784313725 0.7340686274509803 
5 0.10814950980392157 0.7348856209150327 0.10263480392156862 0.7348856209150327 0.10508578431372549 0.7328431372549019 0.11458333333333333 0.7328431372549019 0.11580882352941177 0.7344771241830066 0.10814950980392157 0.7348856209150327 
5 0.06985294117647059 0.7365196078431373 0.06096813725490196 0.7365196078431373 0.057291666666666664 0.7348856209150327 0.08731617647058823 0.7340686274509803 0.08670343137254902 0.735702614379085 0.06985294117647059 0.7365196078431373 
2 0.05575980392156863 0.7303921568627451 0.04350490196078431 0.7299836601307189 0.04350490196078431 0.7254901960784313 0.04105392156862745 0.7197712418300654 0.03676470588235294 0.7160947712418301 0.023590686274509803 0.7144607843137255 0.007965686274509803 0.7038398692810458 0.0 0.7038398692810458 0.0 0.7026143790849673 0.03768382352941176 0.7050653594771242 0.03982843137254902 0.6650326797385621 0.08026960784313726 0.6650326797385621 0.08149509803921569 0.6683006535947712 0.08272058823529412 0.6687091503267973 0.08088235294117647 0.7038398692810458 0.10661764705882353 0.7050653594771242 0.0940563725490196 0.7103758169934641 0.08915441176470588 0.7165032679738562 0.08823529411764706 0.7226307189542484 0.08946078431372549 0.7283496732026143 0.05575980392156863 0.7303921568627451 
2 0.12438725490196079 0.6940359477124183 0.11151960784313726 0.6907679738562091 0.11274509803921569 0.6715686274509803 0.12346813725490197 0.6670751633986928 0.14276960784313725 0.6678921568627451 0.14246323529411764 0.6719771241830066 0.14460784313725492 0.6719771241830066 0.14399509803921567 0.6895424836601307 0.13602941176470587 0.6895424836601307 0.12438725490196079 0.6940359477124183 
2 0.17769607843137256 0.7013888888888888 0.1721813725490196 0.6924019607843137 0.16513480392156862 0.6891339869281046 0.15900735294117646 0.6891339869281046 0.15900735294117646 0.6875 0.16176470588235295 0.6875 0.16207107843137256 0.6801470588235294 0.15900735294117646 0.6785130718954249 0.14950980392156862 0.6781045751633987 0.14950980392156862 0.6723856209150327 0.15196078431372548 0.6715686274509803 0.15226715686274508 0.6687091503267973 0.1568627450980392 0.6687091503267973 0.15716911764705882 0.6736111111111112 0.1642156862745098 0.6736111111111112 0.1645220588235294 0.6687091503267973 0.17401960784313725 0.6691176470588235 0.1795343137254902 0.6793300653594772 0.1871936274509804 0.6870915032679739 0.20067401960784315 0.6883169934640523 0.20098039215686275 0.6915849673202614 0.18903186274509803 0.6911764705882353 0.18137254901960784 0.6940359477124183 0.17769607843137256 0.6993464052287581 0.17769607843137256 0.7013888888888888 
2 0.5575980392156863 0.7066993464052288 0.555453431372549 0.7066993464052288 0.5566789215686274 0.7054738562091504 0.5560661764705882 0.6862745098039216 0.5526960784313726 0.6862745098039216 0.5523897058823529 0.673202614379085 0.5808823529411765 0.6727941176470589 0.5814950980392157 0.681781045751634 0.5836397058823529 0.6813725490196079 0.5839460784313726 0.6825980392156863 0.5839460784313726 0.6891339869281046 0.5756740196078431 0.6883169934640523 0.5588235294117647 0.690359477124183 0.5575980392156863 0.7066993464052288 
2 0.5447303921568627 0.6875 0.5422794117647058 0.6875 0.5450367647058824 0.6809640522875817 0.5419730392156863 0.673202614379085 0.5496323529411765 0.6727941176470589 0.5499387254901961 0.6866830065359477 0.5447303921568627 0.6875 
2 0.6096813725490197 0.6899509803921569 0.5863970588235294 0.6895424836601307 0.5860906862745098 0.6813725490196079 0.5919117647058824 0.6805555555555556 0.5922181372549019 0.6727941176470589 0.6243872549019608 0.6736111111111112 0.6246936274509803 0.6891339869281046 0.6096813725490197 0.6899509803921569 
2 0.6375612745098039 0.6887254901960784 0.6329656862745098 0.6887254901960784 0.6329656862745098 0.6727941176470589 0.6421568627450981 0.673202614379085 0.6424632352941176 0.6883169934640523 0.6375612745098039 0.6887254901960784 
2 0.6504289215686274 0.6879084967320261 0.647671568627451 0.6879084967320261 0.6470588235294118 0.673202614379085 0.6568627450980392 0.6727941176470589 0.6568627450980392 0.6875 0.6504289215686274 0.6879084967320261 
2 0.1798406862745098 0.7242647058823529 0.17738970588235295 0.7242647058823529 0.1798406862745098 0.7214052287581699 0.1798406862745098 0.7107843137254902 0.17830882352941177 0.704248366013072 0.20465686274509803 0.7038398692810458 0.20588235294117646 0.6891339869281046 0.20925245098039216 0.6776960784313726 0.21568627450980393 0.6748366013071896 0.22365196078431374 0.6748366013071896 0.23651960784313725 0.6862745098039216 0.2426470588235294 0.681781045751634 0.2506127450980392 0.6809640522875817 0.25582107843137253 0.6768790849673203 0.2604166666666667 0.6772875816993464 0.2662377450980392 0.6875 0.27481617647058826 0.6899509803921569 0.2809436274509804 0.6899509803921569 0.28339460784313725 0.6928104575163399 0.2689950980392157 0.6936274509803921 0.26807598039215685 0.7197712418300654 0.25612745098039214 0.7205882352941176 0.25612745098039214 0.6993464052287581 0.2536764705882353 0.698937908496732 0.25275735294117646 0.7209967320261438 0.24387254901960784 0.7214052287581699 0.24080882352941177 0.7001633986928104 0.23927696078431374 0.7185457516339869 0.23682598039215685 0.7038398692810458 0.23590686274509803 0.7034313725490197 0.23314950980392157 0.6985294117647058 0.23039215686274508 0.6952614379084967 0.22549019607843138 0.6948529411764706 0.22089460784313725 0.6973039215686274 0.22303921568627452 0.7030228758169934 0.23529411764705882 0.7038398692810458 0.23590686274509803 0.7218137254901961 0.22977941176470587 0.7218137254901961 0.22763480392156862 0.7050653594771242 0.2184436274509804 0.7046568627450981 0.21599264705882354 0.7226307189542484 0.1798406862745098 0.7242647058823529 
2 0.0778186274509804 0.704248366013072 0.078125 0.6973039215686274 0.0744485294117647 0.6924019607843137 0.06985294117647059 0.6899509803921569 0.052083333333333336 0.684640522875817 0.047487745098039214 0.6883169934640523 0.04656862745098039 0.696078431372549 0.050551470588235295 0.704248366013072 0.0778186274509804 0.704248366013072 
2 0.5425857843137255 0.7050653594771242 0.5364583333333334 0.7050653594771242 0.538296568627451 0.7022058823529411 0.5392156862745098 0.6956699346405228 0.5413602941176471 0.6899509803921569 0.5425857843137255 0.7050653594771242 
2 0.4071691176470588 0.7009803921568627 0.3893995098039216 0.7005718954248366 0.38878676470588236 0.6973039215686274 0.40931372549019607 0.6968954248366013 0.4071691176470588 0.7009803921568627 
2 0.5199142156862745 0.7054738562091504 0.5186887254901961 0.7054738562091504 0.5199142156862745 0.6981209150326797 0.5199142156862745 0.7054738562091504 
2 0.5263480392156863 0.7054738562091504 0.5223651960784313 0.7054738562091504 0.522671568627451 0.6981209150326797 0.5260416666666666 0.7026143790849673 0.5263480392156863 0.7054738562091504 
2 0.5321691176470589 0.7050653594771242 0.5309436274509803 0.7050653594771242 0.5321691176470589 0.7050653594771242 
2 0.5536151960784313 0.7062908496732027 0.5484068627450981 0.7058823529411765 0.5536151960784313 0.7062908496732027 
