0 0.3328125 0.48518518518518516 0.16354166666666667 0.462037037037037 0.16302083333333334 0.4583333333333333 0.3171875 0.4787037037037037 0.33229166666666665 0.4787037037037037 0.3338541666666667 0.48333333333333334 0.3328125 0.48518518518518516 
0 0.5015625 0.47962962962962963 0.49947916666666664 0.47314814814814815 0.5015625 0.47685185185185186 0.5015625 0.47962962962962963 
0 0.090625 0.7416666666666667 0.09739583333333333 0.700925925925926 0.22291666666666668 0.5972222222222222 0.2359375 0.5851851851851851 0.2520833333333333 0.562962962962963 0.25625 0.55 0.2557291666666667 0.5425925925925926 0.2520833333333333 0.5314814814814814 0.240625 0.5148148148148148 0.21770833333333334 0.49907407407407406 0.19583333333333333 0.487962962962963 0.20520833333333333 0.48703703703703705 0.24635416666666668 0.5101851851851852 0.2635416666666667 0.5425925925925926 0.26510416666666664 0.5648148148148148 0.2625 0.575925925925926 0.24947916666666667 0.5990740740740741 0.21979166666666666 0.6287037037037037 0.090625 0.7416666666666667 
0 0.55625 0.4981481481481482 0.5520833333333334 0.49722222222222223 0.5567708333333333 0.49537037037037035 0.55625 0.4981481481481482 
0 0.6182291666666667 0.5092592592592593 0.5927083333333333 0.5064814814814815 0.5916666666666667 0.5027777777777778 0.6161458333333333 0.5055555555555555 0.6182291666666667 0.5064814814814815 0.6182291666666667 0.5092592592592593 
0 0.6234375 0.5101851851851852 0.6213541666666667 0.5101851851851852 0.621875 0.5064814814814815 0.6239583333333333 0.5083333333333333 0.6234375 0.5101851851851852 
0 0.63125 0.5111111111111111 0.6276041666666666 0.5111111111111111 0.6270833333333333 0.5092592592592593 0.63125 0.5083333333333333 0.63125 0.5111111111111111 
0 0.6588541666666666 0.512962962962963 0.6348958333333333 0.5120370370370371 0.6338541666666667 0.5101851851851852 0.6604166666666667 0.5120370370370371 0.6588541666666666 0.512962962962963 
0 0.6109375 0.5481481481481482 0.5994791666666667 0.537962962962963 0.5979166666666667 0.5342592592592592 0.5994791666666667 0.5259259259259259 0.6088541666666667 0.5231481481481481 0.60625 0.525 0.6067708333333334 0.5314814814814814 0.6145833333333334 0.5435185185185185 0.6109375 0.5481481481481482 
0 0.834375 0.7435185185185185 0.7963541666666667 0.7083333333333334 0.6401041666666667 0.575925925925926 0.6421875 0.5648148148148148 0.6442708333333333 0.562962962962963 0.6494791666666667 0.5666666666666667 0.7302083333333333 0.6268518518518519 0.8380208333333333 0.7101851851851851 0.8390625 0.7305555555555555 0.834375 0.7435185185185185 
0 0.9994791666666667 0.8953703703703704 0.9817708333333334 0.8740740740740741 0.9994791666666667 0.8722222222222222 0.9994791666666667 0.8953703703703704 
1 0.029166666666666667 0.41574074074074074 0.022916666666666665 0.40185185185185185 0.028645833333333332 0.3972222222222222 0.029166666666666667 0.41574074074074074 
1 0.041666666666666664 0.45185185185185184 0.028125 0.45185185185185184 0.0171875 0.44166666666666665 0.0078125 0.4425925925925926 0.00625 0.4398148148148148 0.0 0.4388888888888889 0.0 0.40185185185185185 0.022395833333333334 0.4009259259259259 0.019791666666666666 0.40555555555555556 0.024479166666666666 0.4203703703703704 0.03125 0.43148148148148147 0.03697916666666667 0.4361111111111111 0.03854166666666667 0.44907407407407407 0.041666666666666664 0.45185185185185184 
1 0.10208333333333333 0.5657407407407408 0.09479166666666666 0.5064814814814815 0.09479166666666666 0.48055555555555557 0.1234375 0.4787037037037037 0.0953125 0.4675925925925926 0.09375 0.44722222222222224 0.10364583333333334 0.4398148148148148 0.10833333333333334 0.42407407407407405 0.1265625 0.42314814814814816 0.12916666666666668 0.42592592592592593 0.1296875 0.41944444444444445 0.13177083333333334 0.41759259259259257 0.1328125 0.4324074074074074 0.13489583333333333 0.4324074074074074 0.134375 0.4287037037037037 0.13802083333333334 0.42685185185185187 0.15 0.4287037037037037 0.153125 0.4222222222222222 0.15208333333333332 0.47129629629629627 0.15052083333333333 0.4898148148148148 0.14635416666666667 0.5064814814814815 0.146875 0.5175925925925926 0.14375 0.5212962962962963 0.14427083333333332 0.5425925925925926 0.13645833333333332 0.55 0.1265625 0.5527777777777778 0.1234375 0.5574074074074075 0.10208333333333333 0.5657407407407408 
1 0.33177083333333335 0.45092592592592595 0.3078125 0.44537037037037036 0.3072916666666667 0.43333333333333335 0.31197916666666664 0.43148148148148147 0.32447916666666665 0.43703703703703706 0.33177083333333335 0.43703703703703706 0.33177083333333335 0.45092592592592595 
1 0.25364583333333335 0.4675925925925926 0.2526041666666667 0.462037037037037 0.25104166666666666 0.4675925925925926 0.25104166666666666 0.4583333333333333 0.24739583333333334 0.4601851851851852 0.24635416666666668 0.4638888888888889 0.2453125 0.4583333333333333 0.24166666666666667 0.46111111111111114 0.240625 0.45740740740740743 0.23854166666666668 0.45925925925925926 0.2375 0.4564814814814815 0.23385416666666667 0.4564814814814815 0.23333333333333334 0.46296296296296297 0.23125 0.45555555555555555 0.22395833333333334 0.4537037037037037 0.2234375 0.45740740740740743 0.21875 0.4527777777777778 0.21822916666666667 0.44074074074074077 0.28177083333333336 0.44907407407407407 0.2765625 0.4527777777777778 0.26666666666666666 0.4527777777777778 0.2625 0.4583333333333333 0.2604166666666667 0.46574074074074073 0.2557291666666667 0.46111111111111114 0.25364583333333335 0.4675925925925926 
1 0.5015625 0.45925925925925926 0.49947916666666664 0.45925925925925926 0.496875 0.45 0.49322916666666666 0.44722222222222224 0.5041666666666667 0.4462962962962963 0.5036458333333333 0.45740740740740743 0.5015625 0.45925925925925926 
1 0.33177083333333335 0.47314814814814815 0.3260416666666667 0.47314814814814815 0.325 0.45740740740740743 0.33177083333333335 0.45925925925925926 0.33177083333333335 0.47314814814814815 
1 0.3484375 0.4777777777777778 0.33958333333333335 0.47129629629629627 0.34010416666666665 0.45925925925925926 0.3807291666666667 0.4601851851851852 0.3802083333333333 0.4740740740740741 0.3536458333333333 0.4722222222222222 0.3484375 0.4777777777777778 
1 0.6802083333333333 0.5361111111111111 0.6729166666666667 0.5296296296296297 0.6692708333333334 0.5111111111111111 0.6713541666666667 0.46574074074074073 0.6963541666666667 0.4675925925925926 0.7161458333333334 0.4740740740740741 0.7359375 0.4759259259259259 0.734375 0.487962962962963 0.7291666666666666 0.4925925925925926 0.7067708333333333 0.49074074074074076 0.703125 0.4861111111111111 0.6927083333333334 0.4898148148148148 0.6828125 0.487962962962963 0.68125 0.5351851851851852 0.6802083333333333 0.5361111111111111 
1 0.0015625 0.6185185185185185 0.0 0.6185185185185185 0.0 0.4935185185185185 0.0015625 0.49166666666666664 0.0026041666666666665 0.49722222222222223 0.0026041666666666665 0.5138888888888888 0.0036458333333333334 0.5138888888888888 0.0036458333333333334 0.49722222222222223 0.00625 0.49166666666666664 0.0078125 0.49444444444444446 0.008333333333333333 0.5138888888888888 0.009375 0.5138888888888888 0.009895833333333333 0.4935185185185185 0.011458333333333333 0.49166666666666664 0.013541666666666667 0.49537037037037035 0.0140625 0.512962962962963 0.015625 0.4925925925925926 0.017708333333333333 0.49166666666666664 0.019270833333333334 0.4962962962962963 0.019791666666666666 0.5120370370370371 0.019791666666666666 0.4962962962962963 0.022395833333333334 0.49074074074074076 0.023958333333333335 0.4935185185185185 0.024479166666666666 0.5120370370370371 0.027083333333333334 0.49074074074074076 0.0296875 0.4935185185185185 0.030729166666666665 0.5111111111111111 0.030729166666666665 0.4935185185185185 0.0328125 0.4898148148148148 0.034375 0.49166666666666664 0.034375 0.5101851851851852 0.0359375 0.4925925925925926 0.03802083333333333 0.4898148148148148 0.03958333333333333 0.49444444444444446 0.03958333333333333 0.5101851851851852 0.04114583333333333 0.5101851851851852 0.04010416666666667 0.4935185185185185 0.0421875 0.4898148148148148 0.044270833333333336 0.4925925925925926 0.0453125 0.5083333333333333 0.046875 0.487962962962963 0.04895833333333333 0.4898148148148148 0.049479166666666664 0.5083333333333333 0.0515625 0.4888888888888889 0.05364583333333333 0.49074074074074076 0.0546875 0.5074074074074074 0.05520833333333333 0.49166666666666664 0.05677083333333333 0.487962962962963 0.058333333333333334 0.49074074074074076 0.059895833333333336 0.5064814814814815 0.059895833333333336 0.49074074074074076 0.06354166666666666 0.4842592592592593 0.06302083333333333 0.4759259259259259 0.06614583333333333 0.4685185185185185 0.06875 0.4685185185185185 0.06979166666666667 0.4740740740740741 0.07083333333333333 0.49722222222222223 0.07083333333333333 0.48148148148148145 0.07395833333333333 0.4787037037037037 0.078125 0.48055555555555557 0.08177083333333333 0.5351851851851852 0.0875 0.5731481481481482 0.08072916666666667 0.5787037037037037 0.07291666666666667 0.575 0.06875 0.5814814814814815 0.06510416666666667 0.5805555555555556 0.05572916666666667 0.5935185185185186 0.05260416666666667 0.5935185185185186 0.04791666666666667 0.5990740740740741 0.0421875 0.5981481481481481 0.03854166666666667 0.6027777777777777 0.034375 0.5990740740740741 0.0296875 0.6064814814814815 0.027604166666666666 0.6055555555555555 0.025 0.6092592592592593 0.020833333333333332 0.6055555555555555 0.019270833333333334 0.6083333333333333 0.016666666666666666 0.6037037037037037 0.013541666666666667 0.6111111111111112 0.0015625 0.6185185185185185 
1 0.88125 0.6342592592592593 0.8171875 0.600925925925926 0.8151041666666666 0.6037037037037037 0.8098958333333334 0.6037037037037037 0.8083333333333333 0.5981481481481481 0.790625 0.5861111111111111 0.7890625 0.5916666666666667 0.7833333333333333 0.5925925925925926 0.7828125 0.5833333333333334 0.7625 0.5722222222222222 0.7614583333333333 0.5333333333333333 0.759375 0.5222222222222223 0.7557291666666667 0.5148148148148148 0.7432291666666667 0.5166666666666667 0.740625 0.5111111111111111 0.7359375 0.5203703703703704 0.7359375 0.5101851851851852 0.7338541666666667 0.5092592592592593 0.7338541666666667 0.5018518518518519 0.734375 0.49444444444444446 0.7369791666666666 0.4935185185185185 0.7375 0.4842592592592593 0.7567708333333333 0.487962962962963 0.7572916666666667 0.5027777777777778 0.7703125 0.5064814814814815 0.7942708333333334 0.5064814814814815 0.8520833333333333 0.5157407407407407 0.8864583333333333 0.5175925925925926 0.8828125 0.6305555555555555 0.88125 0.6342592592592593 
1 0.07552083333333333 0.49722222222222223 0.075 0.4898148148148148 0.07552083333333333 0.49722222222222223 
1 0.9651041666666667 0.6833333333333333 0.9578125 0.6796296296296296 0.9546875 0.675 0.9572916666666667 0.6564814814814814 0.95625 0.6527777777777778 0.9541666666666667 0.6703703703703704 0.95 0.6703703703703704 0.95 0.649074074074074 0.9463541666666667 0.65 0.9458333333333333 0.6648148148148149 0.9416666666666667 0.6657407407407407 0.9421875 0.6472222222222223 0.9395833333333333 0.65 0.9385416666666667 0.6620370370370371 0.9348958333333334 0.6620370370370371 0.934375 0.6435185185185185 0.9317708333333333 0.6592592592592592 0.9265625 0.6583333333333333 0.9270833333333334 0.6407407407407407 0.925 0.6564814814814814 0.9203125 0.6537037037037037 0.9203125 0.6361111111111111 0.9182291666666667 0.649074074074074 0.9130208333333333 0.6472222222222223 0.9145833333333333 0.6342592592592593 0.9125 0.6351851851851852 0.9114583333333334 0.6444444444444445 0.9088541666666666 0.6287037037037037 0.9083333333333333 0.5962962962962963 0.909375 0.5703703703703704 0.9140625 0.5472222222222223 0.9161458333333333 0.55 0.9161458333333333 0.5712962962962963 0.9197916666666667 0.55 0.9223958333333333 0.5509259259259259 0.9229166666666667 0.5731481481481482 0.9244791666666666 0.5731481481481482 0.9255208333333333 0.5527777777777778 0.9286458333333333 0.5527777777777778 0.9296875 0.575925925925926 0.93125 0.575925925925926 0.9322916666666666 0.5574074074074075 0.9359375 0.5537037037037037 0.9369791666666667 0.5787037037037037 0.9385416666666667 0.5768518518518518 0.940625 0.5564814814814815 0.9432291666666667 0.5564814814814815 0.94375 0.5814814814814815 0.9463541666666667 0.5814814814814815 0.9484375 0.5583333333333333 0.9510416666666667 0.5601851851851852 0.9520833333333333 0.5824074074074074 0.9536458333333333 0.5805555555555556 0.9552083333333333 0.562037037037037 0.9588541666666667 0.562037037037037 0.9588541666666667 0.5851851851851851 0.9614583333333333 0.5833333333333334 0.9630208333333333 0.562962962962963 0.965625 0.562962962962963 0.9661458333333334 0.5731481481481482 0.9692708333333333 0.5787037037037037 0.9703125 0.5935185185185186 0.9651041666666667 0.6833333333333333 
5 0.5921875 0.5064814814814815 0.5552083333333333 0.49907407407407406 0.5583333333333333 0.49537037037037035 0.5916666666666667 0.5018518518518519 0.5921875 0.5064814814814815 
5 0.6395833333333333 0.575925925925926 0.6104166666666667 0.549074074074074 0.6151041666666667 0.5425925925925926 0.6427083333333333 0.5648148148148148 0.6395833333333333 0.575925925925926 
5 0.0 0.8287037037037037 0.0 0.7962962962962963 0.09635416666666667 0.7027777777777777 0.08958333333333333 0.7425925925925926 0.0 0.8287037037037037 
5 0.9817708333333334 0.8740740740740741 0.9036458333333334 0.8074074074074075 0.8354166666666667 0.7444444444444445 0.8390625 0.7305555555555555 0.8380208333333333 0.712037037037037 0.9104166666666667 0.774074074074074 0.9994791666666667 0.8574074074074074 0.9994791666666667 0.8722222222222222 0.9817708333333334 0.8740740740740741 
