0 0.6780133928571429 0.5042735042735043 0.66796875 0.5042735042735043 0.6936383928571429 0.500801282051282 0.6932663690476191 0.5021367521367521 0.6912202380952381 0.5026709401709402 0.6800595238095238 0.5026709401709402 0.6780133928571429 0.5042735042735043 
0 0.6538318452380952 0.5088141025641025 0.58203125 0.5088141025641025 0.5576636904761905 0.5074786324786325 0.5574776785714286 0.5061431623931624 0.5846354166666666 0.5058760683760684 0.6065848214285714 0.5074786324786325 0.6225818452380952 0.5074786324786325 0.6452752976190477 0.5058760683760684 0.6586681547619048 0.5058760683760684 0.6668526785714286 0.5045405982905983 0.6640625 0.5074786324786325 0.6538318452380952 0.5088141025641025 
0 0.5431547619047619 0.5074786324786325 0.4806547619047619 0.5074786324786325 0.48046875 0.5064102564102564 0.5431547619047619 0.5058760683760684 0.5431547619047619 0.5074786324786325 
0 0.5559895833333334 0.5074786324786325 0.5520833333333334 0.5074786324786325 0.5518973214285714 0.5061431623931624 0.5558035714285714 0.5058760683760684 0.5559895833333334 0.5074786324786325 
0 0.4773065476190476 0.5077457264957265 0.47265625 0.5077457264957265 0.4773065476190476 0.5066773504273504 0.4773065476190476 0.5077457264957265 
0 0.6824776785714286 0.5088141025641025 0.6817336309523809 0.5088141025641025 0.6824776785714286 0.5088141025641025 
0 0.6806175595238095 0.5093482905982906 0.6796875 0.5093482905982906 0.6815476190476191 0.5090811965811965 0.6806175595238095 0.5093482905982906 
0 0.6796875 0.5096153846153846 0.6791294642857143 0.5096153846153846 0.6796875 0.5096153846153846 
0 0.48139880952380953 0.5264423076923077 0.48046875 0.5264423076923077 0.4806547619047619 0.5229700854700855 0.5141369047619048 0.5181623931623932 0.5680803571428571 0.5138888888888888 0.5745907738095238 0.5122863247863247 0.5747767857142857 0.5112179487179487 0.5758928571428571 0.5114850427350427 0.5775669642857143 0.5136217948717948 0.5753348214285714 0.5152243589743589 0.5658482142857143 0.5173611111111112 0.5031622023809523 0.5229700854700855 0.48139880952380953 0.5264423076923077 
0 0.9998139880952381 0.6402243589743589 0.9741443452380952 0.6338141025641025 0.8696056547619048 0.6038995726495726 0.6752232142857143 0.5472756410256411 0.6573660714285714 0.5400641025641025 0.6493675595238095 0.5352564102564102 0.6443452380952381 0.530715811965812 0.6443452380952381 0.5275106837606838 0.6450892857142857 0.5253739316239316 0.6473214285714286 0.5229700854700855 0.6514136904761905 0.5194978632478633 0.6536458333333334 0.5186965811965812 0.6508556547619048 0.5232371794871795 0.6508556547619048 0.5264423076923077 0.6525297619047619 0.5280448717948718 0.6529017857142857 0.5293803418803419 0.6573660714285714 0.5325854700854701 0.6703869047619048 0.5387286324786325 0.6921502976190477 0.5440705128205128 0.7085193452380952 0.5491452991452992 0.8061755952380952 0.5715811965811965 0.8545386904761905 0.5838675213675214 0.9263392857142857 0.6041666666666666 0.9996279761904762 0.6196581196581197 0.9998139880952381 0.6402243589743589 
0 0.59765625 0.999732905982906 0.49888392857142855 0.5705128205128205 0.49572172619047616 0.5667735042735043 0.4869791666666667 0.5667735042735043 0.47805059523809523 0.5651709401709402 0.47935267857142855 0.5462072649572649 0.49646577380952384 0.5435363247863247 0.49888392857142855 0.5384615384615384 0.5053943452380952 0.5323183760683761 0.5282738095238095 0.5235042735042735 0.5262276785714286 0.5229700854700855 0.5318080357142857 0.5224358974358975 0.5347842261904762 0.5267094017094017 0.5091145833333334 0.5384615384615384 0.5052083333333334 0.5411324786324786 0.5026041666666666 0.5451388888888888 0.5022321428571429 0.5475427350427351 0.49032738095238093 0.5502136752136753 0.49125744047619047 0.563301282051282 0.5031622023809523 0.5667735042735043 0.5085565476190477 0.5713141025641025 0.5161830357142857 0.5889423076923077 0.5543154761904762 0.686965811965812 0.5863095238095238 0.7769764957264957 0.6233258928571429 0.8733974358974359 0.6731770833333334 0.999198717948718 0.59765625 0.999732905982906 
0 0.48084077380952384 0.530448717948718 0.4806547619047619 0.5291132478632479 0.49125744047619047 0.5277777777777778 0.5033482142857143 0.5245726495726496 0.5133928571428571 0.5232371794871795 0.5258556547619048 0.5235042735042735 0.5098586309523809 0.5245726495726496 0.48084077380952384 0.530448717948718 
0 0.4646577380952381 0.5291132478632479 0.46391369047619047 0.5291132478632479 0.4642857142857143 0.5248397435897436 0.4771205357142857 0.5237713675213675 0.47693452380952384 0.5269764957264957 0.4763764880952381 0.5272435897435898 0.4646577380952381 0.5291132478632479 
0 0.45535714285714285 0.530448717948718 0.45349702380952384 0.530448717948718 0.45405505952380953 0.5259081196581197 0.4614955357142857 0.5253739316239316 0.4607514880952381 0.5296474358974359 0.45535714285714285 0.530448717948718 
0 0.44959077380952384 0.53125 0.44884672619047616 0.53125 0.44828869047619047 0.5267094017094017 0.45145089285714285 0.5261752136752137 0.45107886904761907 0.530982905982906 0.44959077380952384 0.53125 
0 0.4440104166666667 0.532051282051282 0.44382440476190477 0.5275106837606838 0.4460565476190476 0.5269764957264957 0.4466145833333333 0.531517094017094 0.4440104166666667 0.532051282051282 
0 0.40011160714285715 0.5373931623931624 0.3991815476190476 0.5373931623931624 0.39936755952380953 0.5333867521367521 0.4421502976190476 0.5277777777777778 0.44140625 0.5323183760683761 0.41964285714285715 0.5344551282051282 0.40011160714285715 0.5373931623931624 
0 0.46447172619047616 0.5339209401709402 0.46372767857142855 0.5339209401709402 0.46391369047619047 0.5328525641025641 0.47693452380952384 0.5301816239316239 0.47693452380952384 0.53125 0.46447172619047616 0.5339209401709402 
0 0.3919270833333333 0.5384615384615384 0.3904389880952381 0.5384615384615384 0.390625 0.5339209401709402 0.39248511904761907 0.5341880341880342 0.39248511904761907 0.5381944444444444 0.3919270833333333 0.5384615384615384 
0 0.4538690476190476 0.5368589743589743 0.4533110119047619 0.5368589743589743 0.45349702380952384 0.5355235042735043 0.45982142857142855 0.5341880341880342 0.45944940476190477 0.5352564102564102 0.4538690476190476 0.5368589743589743 
0 0.45033482142857145 0.5379273504273504 0.44959077380952384 0.5376602564102564 0.44959077380952384 0.5365918803418803 0.45089285714285715 0.5360576923076923 0.45033482142857145 0.5379273504273504 
0 0.44382440476190477 0.5397970085470085 0.44326636904761907 0.5397970085470085 0.44363839285714285 0.5373931623931624 0.44735863095238093 0.5371260683760684 0.44754464285714285 0.5387286324786325 0.44382440476190477 0.5397970085470085 
0 0.39955357142857145 0.5534188034188035 0.3991815476190476 0.5504807692307693 0.3997395833333333 0.5499465811965812 0.44047619047619047 0.5387286324786325 0.4401041666666667 0.5408653846153846 0.42094494047619047 0.5462072649572649 0.39955357142857145 0.5534188034188035 
0 0.390625 0.5560897435897436 0.39025297619047616 0.5542200854700855 0.39248511904761907 0.5528846153846154 0.39248511904761907 0.5552884615384616 0.390625 0.5560897435897436 
1 0.7827380952380952 0.4946581196581197 0.7788318452380952 0.4933226495726496 0.7540922619047619 0.4933226495726496 0.7777157738095238 0.49198717948717946 0.7777157738095238 0.4906517094017094 0.7765997023809523 0.48878205128205127 0.7667410714285714 0.48878205128205127 0.7646949404761905 0.48717948717948717 0.7505580357142857 0.48717948717948717 0.7503720238095238 0.49038461538461536 0.7464657738095238 0.49038461538461536 0.7462797619047619 0.4780982905982906 0.7453497023809523 0.4778311965811966 0.7455357142857143 0.4596688034188034 0.7593005952380952 0.45913461538461536 0.7593005952380952 0.483974358974359 0.7764136904761905 0.483974358974359 0.7764136904761905 0.4858440170940171 0.7788318452380952 0.49198717948717946 0.7842261904761905 0.49198717948717946 0.7873883928571429 0.4874465811965812 0.7875744047619048 0.483974358974359 0.8227306547619048 0.484241452991453 0.8227306547619048 0.48878205128205127 0.8184523809523809 0.49038461538461536 0.8134300595238095 0.49038461538461536 0.8125 0.49172008547008544 0.8093377976190477 0.49172008547008544 0.7983630952380952 0.49038461538461536 0.7972470238095238 0.48878205128205127 0.7885044642857143 0.48878205128205127 0.7845982142857143 0.49439102564102566 0.7827380952380952 0.4946581196581197 
1 0.7300967261904762 0.46607905982905984 0.7286086309523809 0.46607905982905984 0.7286086309523809 0.46020299145299143 0.7319568452380952 0.4596688034188034 0.7319568452380952 0.4658119658119658 0.7300967261904762 0.46607905982905984 
1 0.7459077380952381 0.49385683760683763 0.7418154761904762 0.49385683760683763 0.7420014880952381 0.4596688034188034 0.7442336309523809 0.4599358974358974 0.7440476190476191 0.4778311965811966 0.7427455357142857 0.4780982905982906 0.7427455357142857 0.4935897435897436 0.7459077380952381 0.49385683760683763 
1 0.7090773809523809 0.4946581196581197 0.7072172619047619 0.4946581196581197 0.70703125 0.49145299145299143 0.70703125 0.46047008547008544 0.7276785714285714 0.4599358974358974 0.7276785714285714 0.46607905982905984 0.7116815476190477 0.4668803418803419 0.7114955357142857 0.4652777777777778 0.7090773809523809 0.4655448717948718 0.7090773809523809 0.4946581196581197 
1 0.5556175595238095 0.499732905982906 0.5517113095238095 0.499732905982906 0.5511532738095238 0.46287393162393164 0.6229538690476191 0.4623397435897436 0.7047991071428571 0.46047008547008544 0.7040550595238095 0.4946581196581197 0.7025669642857143 0.4946581196581197 0.6995907738095238 0.49038461538461536 0.6925223214285714 0.4933226495726496 0.6828497023809523 0.4933226495726496 0.6789434523809523 0.49172008547008544 0.6683407738095238 0.4933226495726496 0.6525297619047619 0.4933226495726496 0.6497395833333334 0.49172008547008544 0.6421130952380952 0.49172008547008544 0.6419270833333334 0.4949252136752137 0.6192336309523809 0.4949252136752137 0.6129092261904762 0.4965277777777778 0.6116071428571429 0.4965277777777778 0.6084449404761905 0.4933226495726496 0.6032366071428571 0.49946581196581197 0.5965401785714286 0.4965277777777778 0.5857514880952381 0.4949252136752137 0.5784970238095238 0.4981303418803419 0.5660342261904762 0.4981303418803419 0.5619419642857143 0.4951923076923077 0.5617559523809523 0.4933226495726496 0.5576636904761905 0.4933226495726496 0.5576636904761905 0.4911858974358974 0.5606398809523809 0.4911858974358974 0.5608258928571429 0.4780982905982906 0.5576636904761905 0.4778311965811966 0.5608258928571429 0.47489316239316237 0.5608258928571429 0.46875 0.55859375 0.4652777777777778 0.5552455357142857 0.4652777777777778 0.5518973214285714 0.4703525641025641 0.5518973214285714 0.47489316239316237 0.5539434523809523 0.4778311965811966 0.5518973214285714 0.4780982905982906 0.5518973214285714 0.4911858974358974 0.5554315476190477 0.49172008547008544 0.5556175595238095 0.499732905982906 
1 0.5431547619047619 0.499732905982906 0.5344122023809523 0.499732905982906 0.5314360119047619 0.4981303418803419 0.5178571428571429 0.4981303418803419 0.5130208333333334 0.4981303418803419 0.5093005952380952 0.499732905982906 0.4806547619047619 0.499732905982906 0.48046875 0.48985042735042733 0.48474702380952384 0.4906517094017094 0.48474702380952384 0.4791666666666667 0.4838169642857143 0.47275641025641024 0.4836309523809524 0.4716880341880342 0.48084077380952384 0.4716880341880342 0.4806547619047619 0.47115384615384615 0.48251488095238093 0.4652777777777778 0.5347842261904762 0.4634081196581197 0.5422247023809523 0.4639423076923077 0.5424107142857143 0.46314102564102566 0.5442708333333334 0.46314102564102566 0.5431547619047619 0.483974358974359 0.5431547619047619 0.499732905982906 
1 0.4068080357142857 0.4954594017094017 0.4068080357142857 0.4935897435897436 0.41108630952380953 0.4935897435897436 0.41238839285714285 0.4858440170940171 0.41629464285714285 0.48717948717948717 0.41648065476190477 0.4906517094017094 0.421875 0.4906517094017094 0.42410714285714285 0.4949252136752137 0.4068080357142857 0.4954594017094017 
1 0.4773065476190476 0.499732905982906 0.46912202380952384 0.499732905982906 0.47079613095238093 0.4874465811965812 0.47433035714285715 0.4874465811965812 0.47749255952380953 0.4893162393162393 0.4773065476190476 0.499732905982906 
1 0.45554315476190477 0.5010683760683761 0.4458705357142857 0.500801282051282 0.44568452380952384 0.4893162393162393 0.45424107142857145 0.4890491452991453 0.45554315476190477 0.5010683760683761 
1 0.4583333333333333 0.5010683760683761 0.45665922619047616 0.5010683760683761 0.4557291666666667 0.4906517094017094 0.4575892857142857 0.49198717948717946 0.4583333333333333 0.5010683760683761 
1 0.4596354166666667 0.500801282051282 0.45870535714285715 0.49278846153846156 0.4596354166666667 0.4909188034188034 0.4596354166666667 0.500801282051282 
1 0.4187127976190476 0.5178952991452992 0.41759672619047616 0.5138888888888888 0.4187127976190476 0.5122863247863247 0.4153645833333333 0.5088141025641025 0.41127232142857145 0.5120192307692307 0.40457589285714285 0.5120192307692307 0.4025297619047619 0.5136217948717948 0.39936755952380953 0.5136217948717948 0.39955357142857145 0.5069444444444444 0.40029761904761907 0.5058760683760684 0.43154761904761907 0.5 0.43154761904761907 0.4983974358974359 0.43247767857142855 0.4981303418803419 0.43266369047619047 0.4967948717948718 0.43117559523809523 0.4962606837606838 0.43452380952380953 0.49225427350427353 0.4412202380952381 0.49225427350427353 0.4412202380952381 0.5013354700854701 0.44177827380952384 0.5045405982905983 0.44140625 0.5122863247863247 0.4187127976190476 0.5178952991452992 
1 0.7526041666666666 0.4935897435897436 0.7494419642857143 0.4935897435897436 0.7526041666666666 0.4935897435897436 
1 0.15476190476190477 0.4949252136752137 0.15234375 0.49385683760683763 0.15476190476190477 0.4935897435897436 0.15476190476190477 0.4949252136752137 
1 0.46261160714285715 0.5010683760683761 0.46205357142857145 0.5010683760683761 0.4622395833333333 0.4935897435897436 0.46298363095238093 0.49385683760683763 0.46261160714285715 0.5010683760683761 
1 0.0 0.9123931623931624 0.0 0.5413995726495726 0.13132440476190477 0.5261752136752137 0.13169642857142858 0.5202991452991453 0.13374255952380953 0.5160256410256411 0.13913690476190477 0.5152243589743589 0.14192708333333334 0.5168269230769231 0.14192708333333334 0.5245726495726496 0.19363839285714285 0.5194978632478633 0.19196428571428573 0.5168269230769231 0.1871279761904762 0.5168269230769231 0.18433779761904762 0.5152243589743589 0.17485119047619047 0.5152243589743589 0.17689732142857142 0.5098824786324786 0.17894345238095238 0.4967948717948718 0.17261904761904762 0.4951923076923077 0.17261904761904762 0.49385683760683763 0.3484002976190476 0.49759615384615385 0.36160714285714285 0.49759615384615385 0.37072172619047616 0.4965277777777778 0.3763020833333333 0.5029380341880342 0.38058035714285715 0.49572649572649574 0.3908110119047619 0.4949252136752137 0.390625 0.5074786324786325 0.39155505952380953 0.5077457264957265 0.39211309523809523 0.5168269230769231 0.390625 0.5170940170940171 0.3900669642857143 0.5737179487179487 0.39267113095238093 0.5742521367521367 0.39304315476190477 0.5862713675213675 0.0 0.9123931623931624 
1 0.7269345238095238 0.4949252136752137 0.7256324404761905 0.4949252136752137 0.7269345238095238 0.4949252136752137 
1 0.5297619047619048 0.5016025641025641 0.5228794642857143 0.5016025641025641 0.5297619047619048 0.5016025641025641 
1 0.5206473214285714 0.5018696581196581 0.5184151785714286 0.5018696581196581 0.5206473214285714 0.5018696581196581 
2 0.9618675595238095 0.4874465811965812 0.9600074404761905 0.4874465811965812 0.9601934523809523 0.4829059829059829 0.9618675595238095 0.4831730769230769 0.9618675595238095 0.4874465811965812 
2 0.9587053571428571 0.4874465811965812 0.9490327380952381 0.4874465811965812 0.9477306547619048 0.4858440170940171 0.9477306547619048 0.484241452991453 0.9587053571428571 0.4831730769230769 0.9587053571428571 0.4874465811965812 
2 0.9309895833333334 0.4906517094017094 0.9252232142857143 0.4906517094017094 0.9250372023809523 0.484241452991453 0.9293154761904762 0.483974358974359 0.9293154761904762 0.4890491452991453 0.9306175595238095 0.4890491452991453 0.9306175595238095 0.484241452991453 0.9315476190476191 0.483974358974359 0.9315476190476191 0.4877136752136752 0.9309895833333334 0.4906517094017094 
2 0.9404761904761905 0.4890491452991453 0.9393601190476191 0.4890491452991453 0.9395461309523809 0.483974358974359 0.94140625 0.483974358974359 0.9425223214285714 0.4858440170940171 0.9425223214285714 0.4874465811965812 0.9404761904761905 0.4890491452991453 
2 0.9654017857142857 0.4874465811965812 0.9642857142857143 0.4874465811965812 0.9654017857142857 0.4874465811965812 
