0 0.8900122549019608 0.6323529411764706 0.8884803921568627 0.6323529411764706 0.8881740196078431 0.6270424836601307 0.9341299019607843 0.6143790849673203 0.9344362745098039 0.6160130718954249 0.9420955882352942 0.6180555555555556 0.9476102941176471 0.6176470588235294 0.9469975490196079 0.6196895424836601 0.8900122549019608 0.6323529411764706 
0 0.7478553921568627 0.6593137254901961 0.7457107843137255 0.6593137254901961 0.7450980392156863 0.6568627450980392 0.8685661764705882 0.630718954248366 0.8700980392156863 0.6311274509803921 0.8707107843137255 0.6356209150326797 0.8694852941176471 0.6368464052287581 0.7478553921568627 0.6593137254901961 
0 0.6326593137254902 0.6797385620915033 0.6289828431372549 0.676062091503268 0.7386642156862745 0.6584967320261438 0.7380514705882353 0.6609477124183006 0.7181372549019608 0.6642156862745098 0.7095588235294118 0.6642156862745098 0.6951593137254902 0.6683006535947712 0.6326593137254902 0.6797385620915033 
0 0.3740808823529412 0.6915849673202614 0.3642769607843137 0.6899509803921569 0.37806372549019607 0.6895424836601307 0.42034313725490197 0.6785130718954249 0.42034313725490197 0.6801470588235294 0.3740808823529412 0.6915849673202614 
0 0.3918504901960784 0.681781045751634 0.3903186274509804 0.681781045751634 0.3918504901960784 0.681781045751634 
0 0.3753063725490196 0.6875 0.3707107843137255 0.6870915032679739 0.3700980392156863 0.6850490196078431 0.3903186274509804 0.6821895424836601 0.3762254901960784 0.6862745098039216 0.37714460784313725 0.6870915032679739 0.3753063725490196 0.6875 
0 0.31096813725490197 0.6887254901960784 0.30943627450980393 0.6879084967320261 0.31862745098039214 0.6854575163398693 0.3177083333333333 0.6866830065359477 0.31096813725490197 0.6887254901960784 
0 0.3440563725490196 0.6899509803921569 0.3425245098039216 0.6899509803921569 0.3434436274509804 0.6879084967320261 0.3627450980392157 0.6862745098039216 0.36182598039215685 0.6883169934640523 0.3440563725490196 0.6899509803921569 
0 0.37316176470588236 0.6879084967320261 0.3716299019607843 0.6879084967320261 0.37316176470588236 0.6879084967320261 
0 0.2962622549019608 0.693218954248366 0.28860294117647056 0.693218954248366 0.3069852941176471 0.6887254901960784 0.3069852941176471 0.6899509803921569 0.2962622549019608 0.693218954248366 
0 0.32659313725490197 0.6915849673202614 0.32659313725490197 0.6895424836601307 0.33731617647058826 0.6891339869281046 0.33731617647058826 0.690359477124183 0.32659313725490197 0.6915849673202614 
0 0.36825980392156865 0.6891339869281046 0.36672794117647056 0.6891339869281046 0.36825980392156865 0.6891339869281046 
0 0.9469975490196079 0.8631535947712419 0.9384191176470589 0.8553921568627451 0.9264705882352942 0.8586601307189542 0.8700980392156863 0.8345588235294118 0.8569240196078431 0.8321078431372549 0.8517156862745098 0.8202614379084967 0.8302696078431373 0.8202614379084967 0.8189338235294118 0.8100490196078431 0.8057598039215687 0.8149509803921569 0.727328431372549 0.7798202614379085 0.7184436274509803 0.7785947712418301 0.7095588235294118 0.7732843137254902 0.7086397058823529 0.7769607843137255 0.7077205882352942 0.7769607843137255 0.7009803921568627 0.7569444444444444 0.7049632352941176 0.7479575163398693 0.7107843137254902 0.7467320261437909 0.7162990196078431 0.7618464052287581 0.774203431372549 0.7826797385620915 0.9537377450980392 0.8513071895424836 0.9537377450980392 0.8525326797385621 0.9479166666666666 0.8574346405228758 0.9469975490196079 0.8631535947712419 
0 0.9996936274509803 0.8856209150326797 0.9739583333333334 0.8598856209150327 0.9996936274509803 0.8688725490196079 0.9996936274509803 0.8856209150326797 
1 0.8881740196078431 0.6156045751633987 0.8866421568627451 0.6156045751633987 0.8860294117647058 0.6143790849673203 0.8829656862745098 0.5886437908496732 0.9558823529411765 0.5735294117647058 0.9592524509803921 0.579248366013072 0.961703431372549 0.6029411764705882 0.9359681372549019 0.6058006535947712 0.8881740196078431 0.6156045751633987 
1 0.7460171568627451 0.6446078431372549 0.742953431372549 0.6437908496732027 0.7395833333333334 0.6176470588235294 0.8642769607843137 0.5923202614379085 0.8651960784313726 0.5939542483660131 0.8682598039215687 0.6172385620915033 0.8682598039215687 0.619281045751634 0.8673406862745098 0.6196895424836601 0.7460171568627451 0.6446078431372549 
1 0.9681372549019608 0.6021241830065359 0.9653799019607843 0.6021241830065359 0.9745710784313726 0.6000816993464052 0.9745710784313726 0.6013071895424836 0.9681372549019608 0.6021241830065359 
1 0.9647671568627451 0.6025326797385621 0.9638480392156863 0.6025326797385621 0.9647671568627451 0.6025326797385621 
5 0.9420955882352942 0.6180555555555556 0.9344362745098039 0.6160130718954249 0.9341299019607843 0.6143790849673203 0.9408700980392157 0.6123366013071896 0.9583333333333334 0.6127450980392157 0.9482230392156863 0.6139705882352942 0.9479166666666666 0.6172385620915033 0.9420955882352942 0.6180555555555556 
2 0.6204044117647058 0.6638071895424836 0.6188725490196079 0.6638071895424836 0.6053921568627451 0.6474673202614379 0.5928308823529411 0.6462418300653595 0.5912990196078431 0.6303104575163399 0.5912990196078431 0.6270424836601307 0.5928308823529411 0.6262254901960784 0.5928308823529411 0.6213235294117647 0.6341911764705882 0.6131535947712419 0.6357230392156863 0.6131535947712419 0.6354166666666666 0.6143790849673203 0.6807598039215687 0.6078431372549019 0.7107843137254902 0.6013071895424836 0.711703431372549 0.5996732026143791 0.7144607843137255 0.5992647058823529 0.7135416666666666 0.5906862745098039 0.7288602941176471 0.5878267973856209 0.7368259803921569 0.6470588235294118 0.7221200980392157 0.6511437908496732 0.7166053921568627 0.6511437908496732 0.7221200980392157 0.6495098039215687 0.7208946078431373 0.6462418300653595 0.7196691176470589 0.6458333333333334 0.663296568627451 0.6544117647058824 0.6464460784313726 0.6597222222222222 0.6204044117647058 0.6638071895424836 
2 0.7040441176470589 0.6013071895424836 0.703125 0.6013071895424836 0.7040441176470589 0.6013071895424836 
2 0.7025122549019608 0.6017156862745098 0.7009803921568627 0.6017156862745098 0.7025122549019608 0.6017156862745098 
2 0.6902573529411765 0.6041666666666666 0.6875 0.6041666666666666 0.7009803921568627 0.6021241830065359 0.6902573529411765 0.6041666666666666 
2 0.6875 0.6045751633986928 0.6853553921568627 0.6045751633986928 0.6875 0.6045751633986928 
2 0.6850490196078431 0.6049836601307189 0.6829044117647058 0.6049836601307189 0.6850490196078431 0.6049836601307189 
2 0.6822916666666666 0.6053921568627451 0.680453431372549 0.6053921568627451 0.6822916666666666 0.6053921568627451 
2 0.6798406862745098 0.6058006535947712 0.6780024509803921 0.6058006535947712 0.6798406862745098 0.6058006535947712 
2 0.6773897058823529 0.6062091503267973 0.6752450980392157 0.6062091503267973 0.6773897058823529 0.6062091503267973 
2 0.6746323529411765 0.6066176470588235 0.6727941176470589 0.6066176470588235 0.6746323529411765 0.6066176470588235 
2 0.6721813725490197 0.6070261437908496 0.6703431372549019 0.6070261437908496 0.6721813725490197 0.6070261437908496 
2 0.6694240196078431 0.6074346405228758 0.6678921568627451 0.6074346405228758 0.6694240196078431 0.6074346405228758 
2 0.647671568627451 0.6111111111111112 0.6464460784313726 0.6111111111111112 0.6507352941176471 0.6074346405228758 0.6565563725490197 0.6094771241830066 0.647671568627451 0.6111111111111112 
2 0.6669730392156863 0.6078431372549019 0.6654411764705882 0.6078431372549019 0.6669730392156863 0.6078431372549019 
2 0.6642156862745098 0.608251633986928 0.6629901960784313 0.608251633986928 0.6642156862745098 0.608251633986928 
2 0.6617647058823529 0.6086601307189542 0.6602328431372549 0.6086601307189542 0.6617647058823529 0.6086601307189542 
2 0.6590073529411765 0.6090686274509803 0.6577818627450981 0.6090686274509803 0.6590073529411765 0.6090686274509803 
2 0.5719975490196079 0.6470588235294118 0.5689338235294118 0.6470588235294118 0.5677083333333334 0.6327614379084967 0.5649509803921569 0.627859477124183 0.586703431372549 0.6225490196078431 0.5873161764705882 0.6270424836601307 0.5888480392156863 0.6290849673202614 0.5894607843137255 0.6462418300653595 0.5719975490196079 0.6470588235294118 
2 0.7074142156862745 0.6544117647058824 0.7028186274509803 0.6544117647058824 0.7239583333333334 0.6523692810457516 0.7074142156862745 0.6544117647058824 
2 0.7028186274509803 0.6548202614379085 0.6988357843137255 0.6548202614379085 0.7028186274509803 0.6548202614379085 
2 0.6985294117647058 0.6552287581699346 0.6951593137254902 0.6552287581699346 0.6985294117647058 0.6552287581699346 
2 0.6939338235294118 0.6556372549019608 0.6914828431372549 0.6556372549019608 0.6939338235294118 0.6556372549019608 
2 0.6896446078431373 0.6560457516339869 0.6878063725490197 0.6560457516339869 0.6896446078431373 0.6560457516339869 
2 0.6850490196078431 0.6564542483660131 0.6841299019607843 0.6564542483660131 0.6850490196078431 0.6564542483660131 
2 0.4650735294117647 0.6638071895424836 0.4638480392156863 0.6638071895424836 0.4650735294117647 0.6638071895424836 
2 0.4586397058823529 0.6658496732026143 0.4583333333333333 0.6642156862745098 0.4635416666666667 0.6642156862745098 0.4586397058823529 0.6658496732026143 
2 0.4583333333333333 0.6781045751633987 0.4568014705882353 0.6781045751633987 0.4580269607843137 0.6662581699346405 0.47640931372549017 0.6654411764705882 0.4721200980392157 0.6748366013071896 0.4684436274509804 0.6748366013071896 0.4583333333333333 0.6781045751633987 
