1 0.2591145833333333 0.23981481481481481 0.25703125 0.2388888888888889 0.2565104166666667 0.23657407407407408 0.25390625 0.19212962962962962 0.2552083333333333 0.18333333333333332 0.25755208333333335 0.18055555555555555 0.2674479166666667 0.18055555555555555 0.27005208333333336 0.1884259259259259 0.26979166666666665 0.19768518518518519 0.26875 0.19768518518518519 0.2674479166666667 0.19212962962962962 0.26536458333333335 0.19537037037037036 0.26536458333333335 0.2 0.26979166666666665 0.2050925925925926 0.2713541666666667 0.2101851851851852 0.27057291666666666 0.2351851851851852 0.26901041666666664 0.22870370370370371 0.2591145833333333 0.22824074074074074 0.2591145833333333 0.23981481481481481 
1 0.3846354166666667 0.23055555555555557 0.3846354166666667 0.22916666666666666 0.3846354166666667 0.23055555555555557 
1 0.37838541666666664 0.28703703703703703 0.3765625 0.2773148148148148 0.3763020833333333 0.2611111111111111 0.37734375 0.2569444444444444 0.3765625 0.25092592592592594 0.3807291666666667 0.25046296296296294 0.3828125 0.24768518518518517 0.38385416666666666 0.2439814814814815 0.3848958333333333 0.23055555555555557 0.3924479166666667 0.25416666666666665 0.38177083333333334 0.2740740740740741 0.37838541666666664 0.28703703703703703 
1 0.4278645833333333 0.25972222222222224 0.42161458333333335 0.2550925925925926 0.4192708333333333 0.2550925925925926 0.41692708333333334 0.24768518518518517 0.4153645833333333 0.23287037037037037 0.4203125 0.23333333333333334 0.4244791666666667 0.2375 0.428125 0.24953703703703703 0.4278645833333333 0.25972222222222224 
1 0.27369791666666665 0.3226851851851852 0.2708333333333333 0.32175925925925924 0.26796875 0.2587962962962963 0.26796875 0.25555555555555554 0.27109375 0.24444444444444444 0.27786458333333336 0.23796296296296296 0.30182291666666666 0.23333333333333334 0.30364583333333334 0.23425925925925925 0.30546875 0.24074074074074073 0.3078125 0.24027777777777778 0.31276041666666665 0.23796296296296296 0.3143229166666667 0.2337962962962963 0.31484375 0.23657407407407408 0.31171875 0.24259259259259258 0.3104166666666667 0.25 0.3106770833333333 0.2671296296296296 0.3078125 0.30092592592592593 0.30026041666666664 0.3023148148148148 0.29661458333333335 0.29814814814814816 0.28932291666666665 0.29814814814814816 0.2875 0.30092592592592593 0.27682291666666664 0.3 0.27734375 0.3060185185185185 0.27447916666666666 0.3023148148148148 0.27291666666666664 0.30648148148148147 0.27421875 0.3106481481481482 0.27369791666666665 0.3226851851851852 
2 0.6200520833333333 0.28935185185185186 0.6192708333333333 0.28935185185185186 0.6192708333333333 0.28564814814814815 0.6203125 0.23564814814814813 0.6354166666666666 0.2337962962962963 0.6536458333333334 0.2337962962962963 0.6591145833333333 0.23148148148148148 0.68125 0.23148148148148148 0.6859375 0.22916666666666666 0.6895833333333333 0.22962962962962963 0.6903645833333333 0.25324074074074077 0.69296875 0.2810185185185185 0.6200520833333333 0.28935185185185186 
2 0.5205729166666667 0.28703703703703703 0.51796875 0.2777777777777778 0.5135416666666667 0.2777777777777778 0.5122395833333333 0.2337962962962963 0.515625 0.23333333333333334 0.5213541666666667 0.2361111111111111 0.5205729166666667 0.28703703703703703 
2 0.5916666666666667 0.29305555555555557 0.5885416666666666 0.29305555555555557 0.5885416666666666 0.28935185185185186 0.5841145833333333 0.2722222222222222 0.5723958333333333 0.2625 0.56640625 0.2625 0.5552083333333333 0.2810185185185185 0.55390625 0.27824074074074073 0.55859375 0.2708333333333333 0.5528645833333333 0.2601851851851852 0.5552083333333333 0.25787037037037036 0.5557291666666667 0.2412037037037037 0.5591145833333333 0.2388888888888889 0.5684895833333333 0.23796296296296296 0.58515625 0.23796296296296296 0.58984375 0.24074074074074073 0.5932291666666667 0.2361111111111111 0.6067708333333334 0.2361111111111111 0.60625 0.29074074074074074 0.5916666666666667 0.29305555555555557 
2 0.5078125 0.2777777777777778 0.5067708333333333 0.2777777777777778 0.503125 0.2708333333333333 0.5036458333333333 0.2523148148148148 0.5091145833333334 0.25277777777777777 0.5098958333333333 0.2773148148148148 0.5078125 0.2777777777777778 
2 0.55234375 0.3013888888888889 0.5510416666666667 0.3013888888888889 0.5463541666666667 0.29305555555555557 0.5455729166666666 0.2902777777777778 0.5463541666666667 0.2810185185185185 0.5484375 0.2861111111111111 0.5518229166666667 0.29074074074074074 0.5515625 0.2986111111111111 0.55234375 0.3013888888888889 
2 0.5291666666666667 0.29814814814814816 0.5263020833333333 0.2972222222222222 0.5283854166666667 0.28425925925925927 0.5291666666666667 0.29814814814814816 
