0 0.7125 0.48703703703703705 0.6994791666666667 0.48518518518518516 0.7020833333333333 0.4824074074074074 0.7125 0.48703703703703705 
0 0.8640625 0.5148148148148148 0.7145833333333333 0.48703703703703705 0.7505208333333333 0.49166666666666664 0.7630208333333334 0.49074074074074076 0.8119791666666667 0.5037037037037037 0.8635416666666667 0.5074074074074074 0.8640625 0.5148148148148148 
0 0.6598958333333333 0.5361111111111111 0.6536458333333334 0.5305555555555556 0.653125 0.5268518518518519 0.6614583333333334 0.5092592592592593 0.6609375 0.4962962962962963 0.6640625 0.49537037037037035 0.6671875 0.5092592592592593 0.665625 0.5203703703703704 0.6598958333333333 0.5361111111111111 
0 0.9604166666666667 0.5370370370370371 0.9333333333333333 0.5314814814814814 0.9421875 0.5268518518518519 0.940625 0.525 0.9567708333333333 0.5231481481481481 0.9635416666666666 0.5342592592592592 0.9604166666666667 0.5370370370370371 
0 0.17447916666666666 0.5592592592592592 0.17135416666666667 0.5592592592592592 0.1703125 0.5546296296296296 0.1734375 0.5546296296296296 0.17447916666666666 0.5592592592592592 
0 0.3807291666666667 0.6037037037037037 0.3411458333333333 0.6 0.2864583333333333 0.5888888888888889 0.17864583333333334 0.5611111111111111 0.1765625 0.5555555555555556 0.3385416666666667 0.5907407407407408 0.38229166666666664 0.5962962962962963 0.3807291666666667 0.6037037037037037 
1 0.10677083333333333 0.5648148148148148 0.103125 0.5648148148148148 0.10208333333333333 0.5611111111111111 0.0921875 0.5601851851851852 0.08072916666666667 0.5518518518518518 0.0828125 0.5444444444444444 0.08020833333333334 0.524074074074074 0.0796875 0.47314814814814815 0.103125 0.4685185185185185 0.10416666666666667 0.42592592592592593 0.10729166666666666 0.42407407407407405 0.10677083333333333 0.4685185185185185 0.13802083333333334 0.4638888888888889 0.14010416666666667 0.46574074074074073 0.140625 0.5120370370370371 0.1375 0.5194444444444445 0.13229166666666667 0.5518518518518518 0.10885416666666667 0.5509259259259259 0.10677083333333333 0.5648148148148148 
1 0.33541666666666664 0.5416666666666666 0.32083333333333336 0.5416666666666666 0.31927083333333334 0.5046296296296297 0.32083333333333336 0.43703703703703706 0.31979166666666664 0.425 0.3619791666666667 0.425 0.3640625 0.42777777777777776 0.35885416666666664 0.4287037037037037 0.359375 0.537962962962963 0.35260416666666666 0.5407407407407407 0.33541666666666664 0.5416666666666666 
1 0.796875 0.49722222222222223 0.7916666666666666 0.4861111111111111 0.7848958333333333 0.4861111111111111 0.7791666666666667 0.49537037037037035 0.778125 0.4759259259259259 0.8015625 0.475 0.8015625 0.4962962962962963 0.796875 0.49722222222222223 
1 0.8921875 0.5027777777777778 0.8822916666666667 0.5018518518518519 0.8822916666666667 0.48333333333333334 0.878125 0.4842592592592593 0.8786458333333333 0.5018518518518519 0.86875 0.5009259259259259 0.8682291666666667 0.48333333333333334 0.8651041666666667 0.4842592592592593 0.8651041666666667 0.5 0.8609375 0.5 0.8614583333333333 0.48518518518518516 0.8635416666666667 0.47962962962962963 0.8692708333333333 0.4759259259259259 0.8885416666666667 0.47685185185185186 0.890625 0.48055555555555557 0.8921875 0.5027777777777778 
1 0.8463541666666666 0.4981481481481482 0.8421875 0.49722222222222223 0.8421875 0.48333333333333334 0.8385416666666666 0.4842592592592593 0.8385416666666666 0.49722222222222223 0.8208333333333333 0.4962962962962963 0.8203125 0.4777777777777778 0.8458333333333333 0.47685185185185186 0.8463541666666666 0.4981481481481482 
1 0.14010416666666667 0.5342592592592592 0.140625 0.5259259259259259 0.14010416666666667 0.5342592592592592 
1 0.1375 0.5453703703703704 0.13802083333333334 0.5398148148148149 0.1375 0.5453703703703704 
5 0.9333333333333333 0.5324074074074074 0.8645833333333334 0.5148148148148148 0.8640625 0.5083333333333333 0.8697916666666666 0.5083333333333333 0.878125 0.5148148148148148 0.9421875 0.5268518518518519 0.934375 0.5287037037037037 0.9333333333333333 0.5324074074074074 
5 0.515625 0.6046296296296296 0.3932291666666667 0.6046296296296296 0.4046875 0.5972222222222222 0.5057291666666667 0.5990740740740741 0.55625 0.5962962962962963 0.6140625 0.5824074074074074 0.6234375 0.5740740740740741 0.6505208333333333 0.5370370370370371 0.653125 0.5296296296296297 0.659375 0.5361111111111111 0.6260416666666667 0.5861111111111111 0.5635416666666667 0.5990740740740741 0.515625 0.6046296296296296 
5 0.9994791666666667 0.549074074074074 0.9645833333333333 0.5407407407407407 0.9598958333333333 0.537962962962963 0.9625 0.5342592592592592 0.9677083333333333 0.5333333333333333 0.971875 0.5370370370370371 0.9994791666666667 0.5444444444444444 0.9994791666666667 0.549074074074074 
2 0.022916666666666665 0.5101851851851852 0.00625 0.5101851851851852 0.005729166666666666 0.49907407407407406 0.0036458333333333334 0.4981481481481482 0.0046875 0.4537037037037037 0.036458333333333336 0.4546296296296296 0.0375 0.4981481481481482 0.034895833333333334 0.49907407407407406 0.0296875 0.48148148148148145 0.024479166666666666 0.48148148148148145 0.021354166666666667 0.4861111111111111 0.020833333333333332 0.4925925925925926 0.022916666666666665 0.5101851851851852 
2 0.035416666666666666 0.5101851851851852 0.03333333333333333 0.5101851851851852 0.034895833333333334 0.5046296296296297 0.035416666666666666 0.5101851851851852 
