0 0.44869791666666664 0.3912037037037037 0.446875 0.3902777777777778 0.4471354166666667 0.38796296296296295 0.44895833333333335 0.3888888888888889 0.44869791666666664 0.3912037037037037 
0 0.4078125 0.41759259259259257 0.40677083333333336 0.41759259259259257 0.4083333333333333 0.4111111111111111 0.4044270833333333 0.40925925925925927 0.45677083333333335 0.39305555555555555 0.4505208333333333 0.39166666666666666 0.45078125 0.3888888888888889 0.4596354166666667 0.3907407407407407 0.46119791666666665 0.3939814814814815 0.46119791666666665 0.3958333333333333 0.45989583333333334 0.39814814814814814 0.4078125 0.41759259259259257 
0 0.7059895833333333 0.44675925925925924 0.65078125 0.4361111111111111 0.6127604166666667 0.42268518518518516 0.6127604166666667 0.41944444444444445 0.6171875 0.41805555555555557 0.6166666666666667 0.41712962962962963 0.56640625 0.4046296296296296 0.5890625 0.4074074074074074 0.6213541666666667 0.4152777777777778 0.6221354166666667 0.4185185185185185 0.6153645833333333 0.41944444444444445 0.6388020833333333 0.42777777777777776 0.6690104166666667 0.4356481481481482 0.6791666666666667 0.4375 0.6825520833333333 0.43657407407407406 0.7052083333333333 0.4412037037037037 0.7065104166666667 0.44212962962962965 0.7059895833333333 0.44675925925925924 
0 0.0 0.5694444444444444 0.0 0.5314814814814814 0.10104166666666667 0.49953703703703706 0.10703125 0.49907407407407406 0.10833333333333334 0.49722222222222223 0.15260416666666668 0.48333333333333334 0.30182291666666666 0.44027777777777777 0.3072916666666667 0.4412037037037037 0.31588541666666664 0.4398148148148148 0.3171875 0.4356481481481482 0.37838541666666664 0.41712962962962963 0.38307291666666665 0.41805555555555557 0.38776041666666666 0.42592592592592593 0.35572916666666665 0.4398148148148148 0.3546875 0.4388888888888889 0.3541666666666667 0.4287037037037037 0.3299479166666667 0.43657407407407406 0.33151041666666664 0.449537037037037 0.32578125 0.45231481481481484 0.11927083333333334 0.525 0.0 0.5694444444444444 
0 0.82734375 0.46111111111111114 0.8265625 0.46111111111111114 0.82734375 0.46111111111111114 
0 0.8307291666666666 0.4615740740740741 0.8294270833333334 0.4615740740740741 0.8307291666666666 0.4615740740740741 
0 0.8513020833333333 0.4685185185185185 0.8317708333333333 0.4666666666666667 0.8315104166666667 0.46574074074074073 0.8322916666666667 0.4615740740740741 0.8494791666666667 0.46296296296296297 0.8518229166666667 0.4638888888888889 0.8513020833333333 0.4685185185185185 
0 0.9997395833333333 0.5962962962962963 0.78984375 0.49537037037037035 0.77734375 0.48657407407407405 0.77734375 0.4787037037037037 0.7783854166666667 0.4759259259259259 0.7815104166666667 0.47314814814814815 0.7890625 0.4699074074074074 0.8239583333333333 0.4708333333333333 0.8510416666666667 0.4736111111111111 0.8510416666666667 0.475 0.8473958333333333 0.475 0.7911458333333333 0.47175925925925927 0.7861979166666667 0.4740740740740741 0.7848958333333333 0.47824074074074074 0.80078125 0.487962962962963 0.9997395833333333 0.5703703703703704 0.9997395833333333 0.5962962962962963 
1 0.8692708333333333 0.5037037037037037 0.8497395833333333 0.49444444444444446 0.853125 0.44027777777777777 0.8549479166666667 0.4324074074074074 0.85703125 0.4300925925925926 0.8697916666666666 0.43148148148148147 0.8721354166666667 0.4351851851851852 0.8739583333333333 0.4439814814814815 0.8692708333333333 0.5037037037037037 
1 0.9229166666666667 0.5226851851851851 0.9002604166666667 0.5157407407407407 0.9049479166666666 0.4527777777777778 0.9072916666666667 0.44351851851851853 0.9091145833333333 0.4412037037037037 0.92734375 0.44537037037037036 0.9229166666666667 0.5226851851851851 
5 0.3880208333333333 0.42592592592592593 0.38307291666666665 0.41805555555555557 0.3796875 0.41712962962962963 0.4036458333333333 0.40925925925925927 0.4083333333333333 0.4111111111111111 0.4078125 0.4152777777777778 0.40651041666666665 0.41805555555555557 0.3880208333333333 0.42592592592592593 
5 0.83125 0.4671296296296296 0.7236979166666667 0.45092592592592595 0.70625 0.44722222222222224 0.7059895833333333 0.4462962962962963 0.7067708333333333 0.4412037037037037 0.7356770833333334 0.4449074074074074 0.83203125 0.4615740740740741 0.83125 0.4671296296296296 
2 0.9026041666666667 0.4837962962962963 0.87734375 0.4777777777777778 0.871875 0.47453703703703703 0.8736979166666666 0.44675925925925924 0.90546875 0.45 0.9026041666666667 0.4837962962962963 
