0 0.28790160642570284 0.31659973226238286 0.23870481927710843 0.3109103078982597 0.2382028112449799 0.30455153949129854 0.28263052208835343 0.30890227576974566 0.3057228915662651 0.3015394912985274 0.31099397590361444 0.3032128514056225 0.3107429718875502 0.30522088353413657 0.29518072289156627 0.3115796519410977 0.28790160642570284 0.31659973226238286 
0 0.5906124497991968 0.32630522088353414 0.5780622489959839 0.32630522088353414 0.5755522088353414 0.32028112449799195 0.5783132530120482 0.31827309236947793 0.5901104417670683 0.3192771084337349 0.5906124497991968 0.32630522088353414 
0 0.9073795180722891 0.4307228915662651 0.8097389558232931 0.3885542168674699 0.8092369477911646 0.38788487282463185 0.8125 0.3811914323962517 0.8132530120481928 0.37248995983935745 0.9126506024096386 0.4126506024096386 0.9073795180722891 0.4307228915662651 
1 0.2914156626506024 0.2680722891566265 0.29191767068273095 0.15729585006693442 0.29292168674698793 0.15796519410977242 0.29392570281124497 0.19210174029451138 0.29869477911646586 0.1934404283801874 0.2989457831325301 0.19511378848728247 0.2989457831325301 0.2677376171352075 0.2914156626506024 0.2680722891566265 
1 0.36395582329317266 0.2710843373493976 0.357429718875502 0.2697456492637216 0.35642570281124497 0.26673360107095045 0.3529116465863454 0.26539491298527446 0.32354417670682734 0.26271753681392235 0.31149598393574296 0.2640562248995984 0.3092369477911647 0.26539491298527446 0.3089859437751004 0.2674029451137885 0.30396586345381527 0.2674029451137885 0.3042168674698795 0.1961178045515395 0.3200301204819277 0.20113788487282463 0.3253012048192771 0.20414993306559573 0.3481425702811245 0.21084337349397592 0.3621987951807229 0.22556894243641232 0.3627008032128514 0.24832663989290496 0.3642068273092369 0.24866131191432397 0.36395582329317266 0.2710843373493976 
1 0.37399598393574296 0.23293172690763053 0.36521084337349397 0.23293172690763053 0.3634538152610442 0.22958500669344042 0.3729919678714859 0.22991967871485944 0.37399598393574296 0.23293172690763053 
1 0.4585843373493976 0.2751004016064257 0.42444779116465864 0.2710843373493976 0.4246987951807229 0.25167336010709507 0.4598393574297189 0.25502008032128515 0.4585843373493976 0.2751004016064257 
1 0.49372489959839355 0.27878179384203483 0.4636044176706827 0.2761044176706827 0.46460843373493976 0.2566934404283802 0.4866967871485944 0.2583668005354752 0.4866967871485944 0.26271753681392235 0.4934738955823293 0.2617135207496653 0.49422690763052207 0.26472556894243643 0.49372489959839355 0.27878179384203483 
1 0.5050200803212851 0.27878179384203483 0.49447791164658633 0.27878179384203483 0.4952309236947791 0.2643908969210174 0.4982429718875502 0.2620481927710843 0.5 0.26506024096385544 0.5017570281124498 0.26506024096385544 0.5022590361445783 0.2637215528781794 0.5042670682730924 0.26305220883534136 0.5057730923694779 0.2657295850066934 0.5082831325301205 0.26639892904953144 0.5050200803212851 0.27878179384203483 
5 0.2896586345381526 0.285475234270415 0.28865461847389556 0.285475234270415 0.2889056224899598 0.2814591700133869 0.3132530120481928 0.2757697456492637 0.3654618473895582 0.2714190093708166 0.36395582329317266 0.27041499330655955 0.36395582329317266 0.26941097724230256 0.3729919678714859 0.2720883534136546 0.3604417670682731 0.2744310575635877 0.31551204819277107 0.2777777777777778 0.2896586345381526 0.285475234270415 
5 0.5758032128514057 0.32061579651941097 0.5707831325301205 0.31659973226238286 0.5677710843373494 0.3132530120481928 0.5667670682730924 0.31057563587684067 0.5690261044176707 0.3075635876840696 0.5735441767068273 0.30522088353413657 0.588855421686747 0.30220883534136544 0.5883534136546185 0.3042168674698795 0.5788152610441767 0.30589022757697454 0.5745481927710844 0.3078982597054886 0.5742971887550201 0.3109103078982597 0.5813253012048193 0.31626506024096385 0.5823293172690763 0.31860776439089694 0.5783132530120482 0.31827309236947793 0.5758032128514057 0.32061579651941097 
2 0.3709839357429719 0.2359437751004016 0.366214859437751 0.2352744310575636 0.36521084337349397 0.23259705488621152 0.3755020080321285 0.23326639892904952 0.3709839357429719 0.2359437751004016 
2 0.2748493975903614 0.3055555555555556 0.23870481927710843 0.30254350736278446 0.23920682730923695 0.28346720214190096 0.2389558232931727 0.27710843373493976 0.23770080321285142 0.2740963855421687 0.26656626506024095 0.2757697456492637 0.2720883534136546 0.2757697456492637 0.28062248995983935 0.27342704149933067 0.28865461847389556 0.2740963855421687 0.2889056224899598 0.30254350736278446 0.2748493975903614 0.3055555555555556 
2 0.5886044176706827 0.3142570281124498 0.5893574297188755 0.2891566265060241 0.5923694779116466 0.2891566265060241 0.5903614457831325 0.3139223560910308 0.5886044176706827 0.3142570281124498 
