0 0.5006127450980392 0.5935457516339869 0.49172794117647056 0.5927287581699346 0.49050245098039214 0.5923202614379085 0.49050245098039214 0.5902777777777778 0.5030637254901961 0.5915032679738562 0.5030637254901961 0.5927287581699346 0.5006127450980392 0.5935457516339869 
0 0.5597426470588235 0.5988562091503268 0.5275735294117647 0.5959967320261438 0.5217524509803921 0.5943627450980392 0.5082720588235294 0.5939542483660131 0.5055147058823529 0.5919117647058824 0.5588235294117647 0.5964052287581699 0.5597426470588235 0.5988562091503268 
0 0.7622549019607843 0.6172385620915033 0.6556372549019608 0.6086601307189542 0.5808823529411765 0.6008986928104575 0.5827205882352942 0.5984477124183006 0.585171568627451 0.5984477124183006 0.7582720588235294 0.613562091503268 0.7619485294117647 0.6139705882352942 0.7622549019607843 0.6172385620915033 
0 0.00030637254901960784 0.8513071895424836 0.0 0.7724673202614379 0.3115808823529412 0.6433823529411765 0.35324754901960786 0.625 0.3746936274509804 0.613562091503268 0.38143382352941174 0.6078431372549019 0.38235294117647056 0.5992647058823529 0.3851102941176471 0.6041666666666666 0.3851102941176471 0.6131535947712419 0.3802083333333333 0.6200980392156863 0.3716299019607843 0.6274509803921569 0.33455882352941174 0.6527777777777778 0.26378676470588236 0.6944444444444444 0.21476715686274508 0.7250816993464052 0.04963235294117647 0.821078431372549 0.00030637254901960784 0.8513071895424836 
0 0.9993872549019608 0.6384803921568627 0.8532475490196079 0.6266339869281046 0.8293504901960784 0.6241830065359477 0.8290441176470589 0.6217320261437909 0.8296568627450981 0.6184640522875817 0.8314950980392157 0.6184640522875817 0.9996936274509803 0.6282679738562091 0.9993872549019608 0.6384803921568627 
0 0.8183210784313726 0.6229575163398693 0.8088235294117647 0.622140522875817 0.8180147058823529 0.6217320261437909 0.8183210784313726 0.6229575163398693 
1 0.005821078431372549 0.6139705882352942 0.0 0.6139705882352942 0.0 0.20016339869281047 0.016237745098039217 0.2107843137254902 0.018075980392156864 0.2222222222222222 0.11917892156862746 0.3137254901960784 0.22549019607843138 0.4056372549019608 0.36243872549019607 0.5273692810457516 0.38112745098039214 0.5535130718954249 0.38265931372549017 0.5575980392156863 0.38204656862745096 0.5923202614379085 0.3716299019607843 0.5939542483660131 0.2925857843137255 0.6000816993464052 0.10202205882352941 0.6070261437908496 0.005821078431372549 0.6139705882352942 
1 0.9996936274509803 0.5972222222222222 0.9730392156862745 0.5972222222222222 0.9718137254901961 0.5592320261437909 0.9996936274509803 0.5580065359477124 0.9996936274509803 0.5972222222222222 
1 0.9341299019607843 0.5972222222222222 0.9166666666666666 0.5964052287581699 0.9105392156862745 0.5886437908496732 0.8918504901960784 0.5870098039215687 0.8737745098039216 0.5878267973856209 0.8716299019607843 0.5906862745098039 0.8713235294117647 0.5947712418300654 0.8308823529411765 0.5947712418300654 0.8287377450980392 0.5833333333333334 0.8256740196078431 0.576797385620915 0.8226102941176471 0.5751633986928104 0.819546568627451 0.576797385620915 0.8149509803921569 0.576797385620915 0.8149509803921569 0.5665849673202614 0.9350490196078431 0.5608660130718954 0.9341299019607843 0.5972222222222222 
1 0.7696078431372549 0.5923202614379085 0.7359068627450981 0.5923202614379085 0.7310049019607843 0.5894607843137255 0.7291666666666666 0.5816993464052288 0.7276348039215687 0.5812908496732027 0.7270220588235294 0.5784313725490197 0.7245710784313726 0.5755718954248366 0.7126225490196079 0.5747549019607843 0.7052696078431373 0.5772058823529411 0.7022058823529411 0.5812908496732027 0.7012867647058824 0.5906862745098039 0.6881127450980392 0.5906862745098039 0.6822916666666666 0.5841503267973857 0.6681985294117647 0.5845588235294118 0.6660539215686274 0.5874183006535948 0.664828431372549 0.5861928104575164 0.6498161764705882 0.5857843137254902 0.6479779411764706 0.5886437908496732 0.6341911764705882 0.5882352941176471 0.6311274509803921 0.5845588235294118 0.6295955882352942 0.5845588235294118 0.6295955882352942 0.5735294117647058 0.7052696078431373 0.5714869281045751 0.8121936274509803 0.5665849673202614 0.8118872549019608 0.576797385620915 0.8005514705882353 0.576797385620915 0.7996323529411765 0.5747549019607843 0.7962622549019608 0.5751633986928104 0.7956495098039216 0.576797385620915 0.7852328431372549 0.5763888888888888 0.7781862745098039 0.5808823529411765 0.7745098039215687 0.5894607843137255 0.7702205882352942 0.5882352941176471 0.7696078431372549 0.5923202614379085 
1 0.616421568627451 0.5878267973856209 0.5900735294117647 0.5870098039215687 0.5876225490196079 0.5841503267973857 0.5811887254901961 0.5845588235294118 0.5799632352941176 0.5812908496732027 0.5716911764705882 0.5808823529411765 0.5646446078431373 0.5825163398692811 0.5487132352941176 0.5812908496732027 0.5465686274509803 0.5845588235294118 0.5465686274509803 0.5743464052287581 0.6280637254901961 0.5735294117647058 0.6277573529411765 0.5845588235294118 0.6182598039215687 0.5845588235294118 0.616421568627451 0.5878267973856209 
1 0.5447303921568627 0.5845588235294118 0.5217524509803921 0.5837418300653595 0.5211397058823529 0.5747549019607843 0.5453431372549019 0.573937908496732 0.5447303921568627 0.5845588235294118 
1 0.49417892156862747 0.5833333333333334 0.49080882352941174 0.5833333333333334 0.4898897058823529 0.5812908496732027 0.4846813725490196 0.5812908496732027 0.4840686274509804 0.5796568627450981 0.47763480392156865 0.579248366013072 0.47763480392156865 0.5833333333333334 0.4724264705882353 0.5833333333333334 0.47089460784313725 0.5816993464052288 0.46660539215686275 0.5808823529411765 0.4632352941176471 0.5816993464052288 0.46170343137254904 0.5796568627450981 0.4586397058823529 0.5796568627450981 0.4583333333333333 0.5776143790849673 0.45894607843137253 0.5751633986928104 0.49387254901960786 0.5747549019607843 0.49417892156862747 0.5833333333333334 
1 0.4534313725490196 0.5821078431372549 0.45098039215686275 0.5821078431372549 0.45159313725490197 0.5751633986928104 0.4534313725490196 0.5755718954248366 0.4534313725490196 0.5821078431372549 
1 0.45496323529411764 0.5808823529411765 0.45465686274509803 0.5755718954248366 0.4577205882352941 0.5751633986928104 0.4574142156862745 0.5796568627450981 0.45526960784313725 0.579248366013072 0.45496323529411764 0.5808823529411765 
4 0.46047794117647056 0.5874183006535948 0.4571078431372549 0.5870098039215687 0.45557598039215685 0.5833333333333334 0.46170343137254904 0.5833333333333334 0.46047794117647056 0.5874183006535948 
4 0.47763480392156865 0.5894607843137255 0.4730392156862745 0.5886437908496732 0.4724264705882353 0.5845588235294118 0.4788602941176471 0.5845588235294118 0.4791666666666667 0.5857843137254902 0.47763480392156865 0.5894607843137255 
4 0.5030637254901961 0.5910947712418301 0.49080882352941174 0.5898692810457516 0.4895833333333333 0.5857843137254902 0.5033700980392157 0.5853758169934641 0.5030637254901961 0.5910947712418301 
4 0.5588235294117647 0.5964052287581699 0.5058210784313726 0.5915032679738562 0.5055147058823529 0.5857843137254902 0.5309436274509803 0.5878267973856209 0.5612745098039216 0.5886437908496732 0.5588235294117647 0.5923202614379085 0.5588235294117647 0.5964052287581699 
4 0.7616421568627451 0.6139705882352942 0.7604166666666666 0.6139705882352942 0.7604166666666666 0.6041666666666666 0.7573529411764706 0.6033496732026143 0.7515318627450981 0.6029411764705882 0.7509191176470589 0.6131535947712419 0.7484681372549019 0.6131535947712419 0.7478553921568627 0.6029411764705882 0.7398897058823529 0.6029411764705882 0.7395833333333334 0.6123366013071896 0.7380514705882353 0.6123366013071896 0.7365196078431373 0.6119281045751634 0.7365196078431373 0.6025326797385621 0.7288602941176471 0.6021241830065359 0.7288602941176471 0.6115196078431373 0.7279411764705882 0.6115196078431373 0.7254901960784313 0.6111111111111112 0.7254901960784313 0.6017156862745098 0.7190563725490197 0.6017156862745098 0.7184436274509803 0.610702614379085 0.7175245098039216 0.610702614379085 0.7153799019607843 0.6102941176470589 0.7153799019607843 0.6013071895424836 0.7092524509803921 0.6013071895424836 0.7089460784313726 0.6098856209150327 0.7074142156862745 0.6098856209150327 0.7061887254901961 0.6094771241830066 0.7061887254901961 0.6017156862745098 0.7043504901960784 0.6008986928104575 0.7025122549019608 0.6013071895424836 0.7025122549019608 0.6090686274509803 0.6979166666666666 0.6090686274509803 0.5827205882352942 0.5984477124183006 0.5824142156862745 0.5906862745098039 0.7665441176470589 0.5959967320261438 0.7619485294117647 0.6025326797385621 0.7616421568627451 0.6139705882352942 
4 0.9846813725490197 0.6274509803921569 0.9785539215686274 0.6270424836601307 0.9785539215686274 0.6143790849673203 0.953125 0.613562091503268 0.9534313725490197 0.625 0.9488357843137255 0.625 0.9485294117647058 0.6127450980392157 0.9344362745098039 0.6115196078431373 0.9301470588235294 0.6119281045751634 0.930453431372549 0.6237745098039216 0.9261642156862745 0.6237745098039216 0.9255514705882353 0.610702614379085 0.9096200980392157 0.6102941176470589 0.9096200980392157 0.6229575163398693 0.9053308823529411 0.6229575163398693 0.9044117647058824 0.6225490196078431 0.9041053921568627 0.6098856209150327 0.8841911764705882 0.6098856209150327 0.8841911764705882 0.6217320261437909 0.882046568627451 0.6217320261437909 0.8808210784313726 0.6205065359477124 0.8805147058823529 0.608251633986928 0.8624387254901961 0.608251633986928 0.8624387254901961 0.6205065359477124 0.8587622549019608 0.6205065359477124 0.8578431372549019 0.608251633986928 0.8425245098039216 0.6078431372549019 0.8422181372549019 0.619281045751634 0.8388480392156863 0.619281045751634 0.8385416666666666 0.6078431372549019 0.8327205882352942 0.6074346405228758 0.8311887254901961 0.5972222222222222 0.9996936274509803 0.5980392156862745 0.9996936274509803 0.6143790849673203 0.9846813725490197 0.6143790849673203 0.9846813725490197 0.6274509803921569 
3 0.47763480392156865 0.5845588235294118 0.4730392156862745 0.5845588235294118 0.4724264705882353 0.5837418300653595 0.47763480392156865 0.5833333333333334 0.47763480392156865 0.5845588235294118 
3 0.49417892156862747 0.5853758169934641 0.49111519607843135 0.5853758169934641 0.49050245098039214 0.5837418300653595 0.49417892156862747 0.5833333333333334 0.49417892156862747 0.5853758169934641 
3 0.5447303921568627 0.5878267973856209 0.5220588235294118 0.5870098039215687 0.5214460784313726 0.5841503267973857 0.5447303921568627 0.5845588235294118 0.5447303921568627 0.5878267973856209 
3 0.5465686274509803 0.5878267973856209 0.5462622549019608 0.5849673202614379 0.5471813725490197 0.5845588235294118 0.5465686274509803 0.5878267973856209 
3 0.6151960784313726 0.5915032679738562 0.5919117647058824 0.5906862745098039 0.5909926470588235 0.5874183006535948 0.6161151960784313 0.5878267973856209 0.6151960784313726 0.5915032679738562 
3 0.6464460784313726 0.5927287581699346 0.6366421568627451 0.5923202614379085 0.6360294117647058 0.5890522875816994 0.6341911764705882 0.5886437908496732 0.647671568627451 0.5886437908496732 0.6464460784313726 0.5927287581699346 
3 0.453125 0.5919117647058824 0.45098039215686275 0.5919117647058824 0.45067401960784315 0.5894607843137255 0.453125 0.5894607843137255 0.453125 0.5919117647058824 
3 0.5045955882352942 0.608251633986928 0.4586397058823529 0.5988562091503268 0.4574142156862745 0.5923202614379085 0.45496323529411764 0.5919117647058824 0.45465686274509803 0.5898692810457516 0.4960171568627451 0.5939542483660131 0.5079656862745098 0.5927287581699346 0.5045955882352942 0.5964052287581699 0.5045955882352942 0.608251633986928 
3 0.7009803921568627 0.5943627450980392 0.6896446078431373 0.5943627450980392 0.6884191176470589 0.5910947712418301 0.7012867647058824 0.5906862745098039 0.7009803921568627 0.5943627450980392 
3 0.0006127450980392157 0.7724673202614379 0.0 0.7724673202614379 0.0 0.6139705882352942 0.10202205882352941 0.6070261437908496 0.2925857843137255 0.6000816993464052 0.36887254901960786 0.5943627450980392 0.38235294117647056 0.5919117647058824 0.38265931372549017 0.5931372549019608 0.38143382352941174 0.6078431372549019 0.3746936274509804 0.613562091503268 0.35324754901960786 0.625 0.3115808823529412 0.6433823529411765 0.0006127450980392157 0.7724673202614379 
3 0.7674632352941176 0.5959967320261438 0.7371323529411765 0.5951797385620915 0.7362132352941176 0.5927287581699346 0.7696078431372549 0.5923202614379085 0.7714460784313726 0.5935457516339869 0.7674632352941176 0.5959967320261438 
3 0.8713235294117647 0.5968137254901961 0.8311887254901961 0.5968137254901961 0.8308823529411765 0.5951797385620915 0.8713235294117647 0.5947712418300654 0.8713235294117647 0.5968137254901961 
3 0.9341299019607843 0.5976307189542484 0.9166666666666666 0.5968137254901961 0.9341299019607843 0.5976307189542484 
3 0.9996936274509803 0.5980392156862745 0.9730392156862745 0.5976307189542484 0.9996936274509803 0.5980392156862745 
3 0.7539828431372549 0.6033496732026143 0.7512254901960784 0.6033496732026143 0.7539828431372549 0.6033496732026143 
