0 0.08725961538461538 0.7211538461538461 0.0 0.7083333333333334 0.0 0.7025641025641025 0.08798076923076924 0.7147435897435898 0.08725961538461538 0.7211538461538461 
0 0.26466346153846154 0.7426282051282052 0.17764423076923078 0.7323717948717948 0.11875 0.7237179487179487 0.10913461538461539 0.7246794871794872 0.09447115384615384 0.7224358974358974 0.09423076923076923 0.7217948717948718 0.09519230769230769 0.716025641025641 0.10865384615384616 0.717948717948718 0.11778846153846154 0.7173076923076923 0.1264423076923077 0.719551282051282 0.25721153846153844 0.7355769230769231 0.2641826923076923 0.7355769230769231 0.26514423076923077 0.7362179487179488 0.26466346153846154 0.7426282051282052 
0 0.9997596153846153 0.8083333333333333 0.790625 0.8003205128205129 0.6112980769230769 0.7852564102564102 0.5014423076923077 0.7746794871794872 0.5009615384615385 0.7657051282051283 0.6591346153846154 0.7833333333333333 0.7302884615384615 0.7897435897435897 0.8211538461538461 0.7961538461538461 0.9216346153846153 0.8009615384615385 0.9997596153846153 0.8022435897435898 0.9997596153846153 0.8083333333333333 
1 0.14735576923076923 0.7080128205128206 0.12067307692307692 0.7060897435897436 0.12115384615384615 0.6977564102564102 0.15240384615384617 0.6990384615384615 0.14735576923076923 0.7080128205128206 
1 0.5413461538461538 0.7108974358974359 0.5377403846153846 0.7108974358974359 0.5375 0.7051282051282052 0.5399038461538461 0.7003205128205128 0.5415865384615385 0.6987179487179487 0.541826923076923 0.705448717948718 0.5413461538461538 0.7108974358974359 
1 0.1685096153846154 0.7092948717948718 0.15096153846153845 0.7080128205128206 0.15625 0.6993589743589743 0.16971153846153847 0.6993589743589743 0.1685096153846154 0.7092948717948718 
1 0.5300480769230769 0.7112179487179487 0.5274038461538462 0.7112179487179487 0.5295673076923076 0.7003205128205128 0.5300480769230769 0.7112179487179487 
1 0.19615384615384615 0.7115384615384616 0.18629807692307693 0.7102564102564103 0.19110576923076922 0.7022435897435897 0.19615384615384615 0.7115384615384616 
1 0.2569711538461538 0.7163461538461539 0.2387019230769231 0.7150641025641026 0.24423076923076922 0.7032051282051283 0.25817307692307695 0.7038461538461539 0.2569711538461538 0.7163461538461539 
1 0.2692307692307692 0.7176282051282051 0.2658653846153846 0.7173076923076923 0.26634615384615384 0.7064102564102565 0.2742788461538462 0.7070512820512821 0.2706730769230769 0.7131410256410257 0.2692307692307692 0.7176282051282051 
1 0.07932692307692307 0.8493589743589743 0.053125 0.8477564102564102 0.046153846153846156 0.8442307692307692 0.046153846153846156 0.8342948717948718 0.05961538461538462 0.8269230769230769 0.027884615384615386 0.8102564102564103 0.0 0.8112179487179487 0.0 0.8035256410256411 0.009615384615384616 0.7977564102564103 0.011538461538461539 0.7939102564102564 0.014423076923076924 0.7916666666666666 0.0 0.7868589743589743 0.0 0.7246794871794872 0.026442307692307692 0.7291666666666666 0.03028846153846154 0.7336538461538461 0.05480769230769231 0.739423076923077 0.07956730769230769 0.7451923076923077 0.09639423076923077 0.7474358974358974 0.08846153846153847 0.826602564102564 0.09735576923076923 0.833974358974359 0.09711538461538462 0.8455128205128205 0.07932692307692307 0.8493589743589743 
