0 0.5901104417670683 0.5742971887550201 0.5853413654618473 0.5742971887550201 0.5717871485943775 0.5676037483266398 0.5587349397590361 0.5575635876840697 0.5587349397590361 0.5552208835341366 0.5622489959839357 0.5481927710843374 0.5464357429718876 0.5411646586345381 0.5617469879518072 0.5451807228915663 0.5652610441767069 0.5471887550200804 0.5627510040160643 0.5508701472556894 0.5617469879518072 0.5558902275769746 0.5710341365461847 0.5622489959839357 0.589859437751004 0.572289156626506 0.5901104417670683 0.5729585006693441 0.588855421686747 0.5736278447121821 0.5901104417670683 0.5742971887550201 
0 0.9437751004016064 0.5662650602409639 0.9417670682730924 0.5662650602409639 0.9412650602409639 0.5635876840696118 0.9743975903614458 0.5625836680053548 0.9997489959839357 0.5609103078982597 0.9997489959839357 0.5625836680053548 0.9620983935742972 0.5659303882195449 0.9437751004016064 0.5662650602409639 
0 0.9239457831325302 0.5665997322623829 0.9139056224899599 0.5665997322623829 0.9134036144578314 0.5642570281124498 0.9236947791164659 0.5635876840696118 0.9239457831325302 0.5665997322623829 
0 0.820281124497992 0.5692771084337349 0.8117469879518072 0.5692771084337349 0.8112449799196787 0.5652610441767069 0.8451305220883534 0.5639223560910308 0.8451305220883534 0.5676037483266398 0.8463855421686747 0.5679384203480589 0.820281124497992 0.5692771084337349 
0 0.8604417670682731 0.5679384203480589 0.8534136546184738 0.5679384203480589 0.8531626506024096 0.5642570281124498 0.9011044176706827 0.5642570281124498 0.9011044176706827 0.5669344042838019 0.8604417670682731 0.5679384203480589 
0 0.7896586345381527 0.5699464524765729 0.7863955823293173 0.5699464524765729 0.7866465863453815 0.5655957161981259 0.8042168674698795 0.5652610441767069 0.8039658634538153 0.5696117804551539 0.7896586345381527 0.5699464524765729 
0 0.8072289156626506 0.5686077643908969 0.8072289156626506 0.5649263721552878 0.8072289156626506 0.5686077643908969 
0 0.758785140562249 0.570615796519411 0.7474899598393574 0.570615796519411 0.7469879518072289 0.5669344042838019 0.7748493975903614 0.5659303882195449 0.7753514056224899 0.5699464524765729 0.758785140562249 0.570615796519411 
0 0.7349397590361446 0.571285140562249 0.7339357429718876 0.571285140562249 0.7339357429718876 0.5669344042838019 0.7442269076305221 0.5669344042838019 0.7442269076305221 0.570615796519411 0.7349397590361446 0.571285140562249 
0 0.7181224899598394 0.571954484605087 0.7173694779116466 0.571954484605087 0.7173694779116466 0.5672690763052208 0.7309236947791165 0.5672690763052208 0.7311746987951807 0.571285140562249 0.7181224899598394 0.571954484605087 
0 0.7075803212851406 0.572289156626506 0.7065763052208835 0.572289156626506 0.7065763052208835 0.5676037483266398 0.7075803212851406 0.5679384203480589 0.7075803212851406 0.572289156626506 
0 0.6443273092369478 0.5789825970548862 0.6400602409638554 0.5789825970548862 0.6398092369477911 0.5783132530120482 0.641566265060241 0.5763052208835341 0.6729417670682731 0.5739625167336011 0.6192269076305221 0.5742971887550201 0.616214859437751 0.572289156626506 0.6139558232931727 0.572623828647925 0.6167168674698795 0.570615796519411 0.6576305220883534 0.570615796519411 0.6982931726907631 0.5686077643908969 0.6985441767068273 0.572623828647925 0.6734437751004017 0.5736278447121821 0.6746987951807228 0.5766398929049531 0.6443273092369478 0.5789825970548862 
0 0.6026606425702812 0.5806559571619813 0.5993975903614458 0.5793172690763052 0.5993975903614458 0.5773092369477911 0.6139558232931727 0.5779785809906292 0.615210843373494 0.5799866131191432 0.6026606425702812 0.5806559571619813 
0 0.6398092369477911 0.5793172690763052 0.633785140562249 0.5793172690763052 0.6398092369477911 0.5793172690763052 
0 0.6317771084337349 0.5796519410977242 0.6275100401606426 0.5796519410977242 0.6317771084337349 0.5796519410977242 
0 0.6696787148594378 0.5873493975903614 0.6674196787148594 0.5850066934404283 0.6917670682730924 0.5806559571619813 0.6922690763052208 0.5793172690763052 0.6945281124497992 0.5796519410977242 0.696285140562249 0.5826639892904953 0.6945281124497992 0.5836680053547524 0.6822289156626506 0.5860107095046854 0.6696787148594378 0.5873493975903614 
0 0.241214859437751 0.6000669344042838 0.23970883534136547 0.5973895582329317 0.2354417670682731 0.5970548862115127 0.2976907630522088 0.5796519410977242 0.30070281124497994 0.5806559571619813 0.294929718875502 0.5843373493975904 0.241214859437751 0.6000669344042838 
0 0.623995983935743 0.5799866131191432 0.6214859437751004 0.5799866131191432 0.623995983935743 0.5799866131191432 
0 0.6410642570281124 0.5903614457831325 0.6234939759036144 0.5900267737617135 0.6212349397590361 0.5893574297188755 0.6192269076305221 0.5873493975903614 0.6187248995983936 0.5850066934404283 0.6209839357429718 0.5833333333333334 0.6285140562248996 0.5866800535475234 0.6383032128514057 0.5870147255689424 0.6405622489959839 0.5876840696117804 0.6410642570281124 0.5903614457831325 
0 0.7306726907630522 0.6214859437751004 0.6518574297188755 0.6000669344042838 0.6493473895582329 0.5983935742971888 0.6495983935742972 0.5957161981258366 0.6501004016064257 0.5943775100401606 0.7256526104417671 0.6144578313253012 0.7341867469879518 0.6208165997322623 0.7296686746987951 0.6211512717536813 0.7306726907630522 0.6214859437751004 
0 0.17896586345381527 0.6127844712182061 0.17670682730923695 0.6127844712182061 0.1769578313253012 0.608433734939759 0.20833333333333334 0.6044176706827309 0.22213855421686746 0.6010709504685409 0.22414658634538154 0.6040829986613119 0.1910140562248996 0.6111111111111112 0.17896586345381527 0.6127844712182061 
0 0.803714859437751 0.6151271753681392 0.7976907630522089 0.6124497991967871 0.803714859437751 0.6124497991967871 0.803714859437751 0.6151271753681392 
0 0.8428714859437751 0.6211512717536813 0.8353413654618473 0.6211512717536813 0.829066265060241 0.6194779116465864 0.8253012048192772 0.6211512717536813 0.8205321285140562 0.6204819277108434 0.8195281124497992 0.6151271753681392 0.8403614457831325 0.6178045515394913 0.8428714859437751 0.6211512717536813 
0 0.0 0.6345381526104418 0.0 0.6291834002677377 0.04743975903614458 0.6261713520749665 0.07555220883534136 0.6228246318607764 0.07555220883534136 0.6271753681392236 0.07404618473895583 0.6278447121820616 0.0 0.6345381526104418 
0 0.8642068273092369 0.6412315930388219 0.8353413654618473 0.6412315930388219 0.8014558232931727 0.6378848728246319 0.7575301204819277 0.6311914323962516 0.7442269076305221 0.6244979919678715 0.7494979919678715 0.6231593038821954 0.7479919678714859 0.6224899598393574 0.758785140562249 0.6224899598393574 0.766566265060241 0.6244979919678715 0.8177710843373494 0.6308567603748326 0.8416164658634538 0.6325301204819277 0.8438755020080321 0.6328647925033467 0.8441265060240963 0.6345381526104418 0.8549196787148594 0.6345381526104418 0.8642068273092369 0.6362115127175368 0.8644578313253012 0.6348728246318608 0.8667168674698795 0.6362115127175368 0.8642068273092369 0.6412315930388219 
0 0.0 0.6666666666666666 0.0 0.6586345381526104 0.03438755020080321 0.6509370816599732 0.04066265060240964 0.6562918340026773 0.0 0.6666666666666666 
1 0.33960843373493976 0.5491967871485943 0.33308232931726905 0.5475234270414994 0.33308232931726905 0.5441767068273092 0.3393574297188755 0.5438420348058902 0.33960843373493976 0.5491967871485943 
1 0.3453815261044177 0.5491967871485943 0.34236947791164657 0.5491967871485943 0.34262048192771083 0.5438420348058902 0.3453815261044177 0.5491967871485943 
5 0.5916164658634538 0.5749665327978581 0.588855421686747 0.5736278447121821 0.5903614457831325 0.572623828647925 0.616214859437751 0.572289156626506 0.6177208835341366 0.5736278447121821 0.6139558232931727 0.5746318607764391 0.5916164658634538 0.5749665327978581 
5 0.7417168674698795 0.6251673360107095 0.7296686746987951 0.6211512717536813 0.7394578313253012 0.6208165997322623 0.7494979919678715 0.6231593038821954 0.7417168674698795 0.6251673360107095 
2 0.9194277108433735 0.5391566265060241 0.9123995983935743 0.5391566265060241 0.9113955823293173 0.5143908969210174 0.9131526104417671 0.5137215528781793 0.9179216867469879 0.5153949129852744 0.9181726907630522 0.5120481927710844 0.920933734939759 0.5120481927710844 0.9221887550200804 0.535140562248996 0.9194277108433735 0.535809906291834 0.9194277108433735 0.5391566265060241 
2 0.9003514056224899 0.5394912985274432 0.8993473895582329 0.5394912985274432 0.8993473895582329 0.5304551539491299 0.8845381526104418 0.5304551539491299 0.8805220883534136 0.5187416331994645 0.8727409638554217 0.5190763052208835 0.8727409638554217 0.5324631860776439 0.8519076305220884 0.5338018741633199 0.8516566265060241 0.5311244979919679 0.8579317269076305 0.5307898259705489 0.8576807228915663 0.5150602409638554 0.8993473895582329 0.5140562248995983 0.9003514056224899 0.5394912985274432 
2 0.7766064257028112 0.5341365461847389 0.7502510040160643 0.5341365461847389 0.7487449799196787 0.5157295850066934 0.7768574297188755 0.5153949129852744 0.7766064257028112 0.5341365461847389 
2 0.8059738955823293 0.5341365461847389 0.7866465863453815 0.5341365461847389 0.7863955823293173 0.5157295850066934 0.8052208835341366 0.5153949129852744 0.8059738955823293 0.5341365461847389 
2 0.8333333333333334 0.535475234270415 0.829066265060241 0.5341365461847389 0.8107429718875502 0.5341365461847389 0.8099899598393574 0.5157295850066934 0.8426204819277109 0.5153949129852744 0.8426204819277109 0.5307898259705489 0.8473895582329317 0.5307898259705489 0.8471385542168675 0.5341365461847389 0.8333333333333334 0.535475234270415 
2 0.9387550200803213 0.5334672021419009 0.9369979919678715 0.5157295850066934 0.9764056224899599 0.5307898259705489 0.9387550200803213 0.5334672021419009 
2 0.9882028112449799 0.5297858099062919 0.9861947791164659 0.5294511378848729 0.9882028112449799 0.5297858099062919 
2 0.9841867469879518 0.5301204819277109 0.9811746987951807 0.5301204819277109 0.9841867469879518 0.5301204819277109 
2 0.9809236947791165 0.5304551539491299 0.9791666666666666 0.5304551539491299 0.9809236947791165 0.5304551539491299 
2 0.27836345381526106 0.5689424364123159 0.276355421686747 0.5689424364123159 0.2751004016064257 0.5672690763052208 0.2693273092369478 0.5682730923694779 0.2688253012048193 0.5495314591700133 0.2733433734939759 0.5491967871485943 0.27384538152610444 0.5508701472556894 0.27660642570281124 0.5488621151271754 0.28940763052208834 0.5481927710843374 0.2924196787148594 0.5508701472556894 0.286144578313253 0.5558902275769746 0.2848895582329317 0.5659303882195449 0.27836345381526106 0.5689424364123159 
2 0.2620481927710843 0.5696117804551539 0.25978915662650603 0.5696117804551539 0.2607931726907631 0.5508701472556894 0.26380522088353414 0.5495314591700133 0.26430722891566266 0.5689424364123159 0.2620481927710843 0.5696117804551539 
2 0.2512550200803213 0.571285140562249 0.24548192771084337 0.5682730923694779 0.2359437751004016 0.5686077643908969 0.23468875502008033 0.5655957161981259 0.23217871485943775 0.5645917001338688 0.23217871485943775 0.5515394912985274 0.2600401606425703 0.5498661311914324 0.25853413654618473 0.5696117804551539 0.2512550200803213 0.571285140562249 
2 0.21184738955823293 0.5769745649263721 0.21109437751004015 0.5729585006693441 0.21234939759036145 0.572289156626506 0.21586345381526104 0.5642570281124498 0.21711847389558234 0.5525435073627845 0.2289156626506024 0.5515394912985274 0.22916666666666666 0.5639223560910308 0.2271586345381526 0.5635876840696118 0.22640562248995985 0.5562248995983936 0.22113453815261044 0.5572289156626506 0.22188755020080322 0.5662650602409639 0.21937751004016065 0.5676037483266398 0.21686746987951808 0.5742971887550201 0.2178714859437751 0.5746318607764391 0.21686746987951808 0.5763052208835341 0.21184738955823293 0.5769745649263721 
4 0.9696285140562249 0.6613119143239625 0.9608433734939759 0.6613119143239625 0.9605923694779116 0.6492637215528781 0.929718875502008 0.6445783132530121 0.9282128514056225 0.6512717536813922 0.9219377510040161 0.6512717536813922 0.9216867469879518 0.642570281124498 0.8970883534136547 0.6378848728246319 0.8955823293172691 0.6382195448460509 0.8955823293172691 0.6462516733601071 0.8893072289156626 0.6445783132530121 0.8878012048192772 0.6345381526104418 0.8765060240963856 0.6362115127175368 0.8752510040160643 0.6285140562248996 0.8765060240963856 0.6275100401606426 0.8765060240963856 0.6248326639892905 0.8752510040160643 0.6241633199464525 0.8777610441767069 0.6111111111111112 0.8795180722891566 0.6161311914323963 0.8835341365461847 0.6168005354752343 0.918925702811245 0.6224899598393574 0.9206827309236948 0.6224899598393574 0.9219377510040161 0.6191432396251674 0.9294678714859438 0.6191432396251674 0.9309738955823293 0.6244979919678715 0.9503012048192772 0.6258366800535475 0.9545682730923695 0.6241633199464525 0.9658634538152611 0.6241633199464525 0.9686244979919679 0.6295180722891566 0.9997489959839357 0.6311914323962516 0.9997489959839357 0.6579651941097724 0.9698795180722891 0.6512717536813922 0.9696285140562249 0.6613119143239625 
