1 0.20925245098039216 0.627859477124183 0.11182598039215687 0.6205065359477124 0.11580882352941177 0.5759803921568627 0.20802696078431374 0.5841503267973857 0.20863970588235295 0.5902777777777778 0.20802696078431374 0.6062091503267973 0.21017156862745098 0.6070261437908496 0.21017156862745098 0.6139705882352942 0.21691176470588236 0.6139705882352942 0.21783088235294118 0.6115196078431373 0.22181372549019607 0.6115196078431373 0.22242647058823528 0.6156045751633987 0.2512254901960784 0.6184640522875817 0.2496936274509804 0.619281045751634 0.2493872549019608 0.6254084967320261 0.24846813725490197 0.6262254901960784 0.20955882352941177 0.6233660130718954 0.20925245098039216 0.627859477124183 
1 0.15042892156862744 0.6151960784313726 0.15104166666666666 0.6045751633986928 0.1210171568627451 0.6029411764705882 0.12040441176470588 0.6131535947712419 0.15042892156862744 0.6151960784313726 
1 0.2034313725490196 0.6180555555555556 0.2034313725490196 0.608251633986928 0.17310049019607843 0.6062091503267973 0.17279411764705882 0.616421568627451 0.2034313725490196 0.6180555555555556 
1 0.3118872549019608 0.6180555555555556 0.3112745098039216 0.6168300653594772 0.30514705882352944 0.6156045751633987 0.29993872549019607 0.6160130718954249 0.29871323529411764 0.6172385620915033 0.29871323529411764 0.610702614379085 0.3121936274509804 0.610702614379085 0.3118872549019608 0.6180555555555556 
1 0.31954656862745096 0.6205065359477124 0.31862745098039214 0.6205065359477124 0.31893382352941174 0.616421568627451 0.31985294117647056 0.6168300653594772 0.31954656862745096 0.6205065359477124 
1 0.3275122549019608 0.6303104575163399 0.3229166666666667 0.6299019607843137 0.3229166666666667 0.6262254901960784 0.32169117647058826 0.625 0.32077205882352944 0.6209150326797386 0.32107843137254904 0.616421568627451 0.35294117647058826 0.6172385620915033 0.3489583333333333 0.6229575163398693 0.34650735294117646 0.622140522875817 0.3446691176470588 0.6237745098039216 0.34191176470588236 0.6237745098039216 0.33425245098039214 0.6205065359477124 0.33088235294117646 0.6213235294117647 0.3272058823529412 0.627859477124183 0.3275122549019608 0.6303104575163399 
1 0.2545955882352941 0.6184640522875817 0.25153186274509803 0.6184640522875817 0.2545955882352941 0.6184640522875817 
2 0.6991421568627451 0.6397058823529411 0.6418504901960784 0.6384803921568627 0.6348039215686274 0.6290849673202614 0.616421568627451 0.6262254901960784 0.6155024509803921 0.6225490196078431 0.6115196078431373 0.6225490196078431 0.6081495098039216 0.6258169934640523 0.5934436274509803 0.6258169934640523 0.5891544117647058 0.6274509803921569 0.5821078431372549 0.6360294117647058 0.5579044117647058 0.6352124183006536 0.5582107843137255 0.5955882352941176 0.6112132352941176 0.5919117647058824 0.6979166666666666 0.5837418300653595 0.7025122549019608 0.5845588235294118 0.7058823529411765 0.5898692810457516 0.7058823529411765 0.5943627450980392 0.7037377450980392 0.6000816993464052 0.7000612745098039 0.6004901960784313 0.6994485294117647 0.6021241830065359 0.6997549019607843 0.6029411764705882 0.7025122549019608 0.6029411764705882 0.7025122549019608 0.6049836601307189 0.7018995098039216 0.610702614379085 0.6997549019607843 0.610702614379085 0.6991421568627451 0.6397058823529411 
2 0.5533088235294118 0.6327614379084967 0.5508578431372549 0.6290849673202614 0.5428921568627451 0.6290849673202614 0.5431985294117647 0.608251633986928 0.5395220588235294 0.6070261437908496 0.5386029411764706 0.6286764705882353 0.5266544117647058 0.6274509803921569 0.5211397058823529 0.6290849673202614 0.5196078431372549 0.6311274509803921 0.47702205882352944 0.6303104575163399 0.4736519607843137 0.6299019607843137 0.47120098039215685 0.6266339869281046 0.4528186274509804 0.6254084967320261 0.4488357843137255 0.6290849673202614 0.43075980392156865 0.6286764705882353 0.42800245098039214 0.6237745098039216 0.42493872549019607 0.6237745098039216 0.4255514705882353 0.6090686274509803 0.4482230392156863 0.6049836601307189 0.5523897058823529 0.5951797385620915 0.5551470588235294 0.5968137254901961 0.5533088235294118 0.6327614379084967 
2 0.42340686274509803 0.6233660130718954 0.41329656862745096 0.6225490196078431 0.4117647058823529 0.6160130718954249 0.40931372549019607 0.6119281045751634 0.42401960784313725 0.6086601307189542 0.42401960784313725 0.610702614379085 0.4227941176470588 0.610702614379085 0.4227941176470588 0.6176470588235294 0.42371323529411764 0.6180555555555556 0.42340686274509803 0.6233660130718954 
3 0.9996936274509803 0.7663398692810458 0.6020220588235294 0.6838235294117647 0.42034313725490197 0.6523692810457516 0.41881127450980393 0.6519607843137255 0.41911764705882354 0.6474673202614379 0.4175857843137255 0.6433823529411765 0.4163602941176471 0.6286764705882353 0.5386029411764706 0.6315359477124183 0.5395220588235294 0.6070261437908496 0.5431985294117647 0.608251633986928 0.5431985294117647 0.6348039215686274 0.6884191176470589 0.6397058823529411 0.7040441176470589 0.6397058823529411 0.7104779411764706 0.6348039215686274 0.7144607843137255 0.6348039215686274 0.7144607843137255 0.6401143790849673 0.7159926470588235 0.6405228758169934 0.7230392156862745 0.636437908496732 0.7261029411764706 0.636437908496732 0.7276348039215687 0.6409313725490197 0.9996936274509803 0.6462418300653595 0.9996936274509803 0.7663398692810458 
3 0.00980392156862745 0.9305555555555556 0.0 0.9305555555555556 0.0 0.6629901960784313 0.11672794117647059 0.6531862745098039 0.1173406862745098 0.6437908496732027 0.12162990196078431 0.6441993464052288 0.12254901960784313 0.6519607843137255 0.14583333333333334 0.6519607843137255 0.19056372549019607 0.6478758169934641 0.19178921568627452 0.639297385620915 0.1948529411764706 0.6401143790849673 0.1948529411764706 0.6462418300653595 0.23253676470588236 0.6421568627450981 0.23314950980392157 0.636437908496732 0.2340686274509804 0.6372549019607843 0.2349877450980392 0.641748366013072 0.25306372549019607 0.6397058823529411 0.25153186274509803 0.6388888888888888 0.24908088235294118 0.6331699346405228 0.2496936274509804 0.619281045751634 0.25153186274509803 0.6180555555555556 0.26715686274509803 0.619281045751634 0.2665441176470588 0.6380718954248366 0.26838235294117646 0.6380718954248366 0.2696078431372549 0.619281045751634 0.2803308823529412 0.6209150326797386 0.27971813725490197 0.636437908496732 0.28400735294117646 0.6360294117647058 0.2852328431372549 0.6209150326797386 0.2925857843137255 0.6213235294117647 0.29993872549019607 0.6258169934640523 0.30300245098039214 0.6315359477124183 0.30269607843137253 0.6503267973856209 0.30667892156862747 0.6597222222222222 0.3091299019607843 0.6727941176470589 0.3085171568627451 0.6793300653594772 0.29840686274509803 0.7022058823529411 0.28278186274509803 0.7263071895424836 0.24019607843137256 0.7741013071895425 0.12071078431372549 0.8815359477124183 0.0661764705882353 0.9276960784313726 0.00980392156862745 0.9305555555555556 
3 0.3428308823529412 0.641748366013072 0.33026960784313725 0.6397058823529411 0.33057598039215685 0.636437908496732 0.3327205882352941 0.636437908496732 0.3327205882352941 0.6315359477124183 0.33394607843137253 0.6311274509803921 0.33455882352941174 0.6237745098039216 0.3446691176470588 0.6237745098039216 0.34650735294117646 0.6262254901960784 0.3431372549019608 0.6327614379084967 0.3428308823529412 0.641748366013072 
