0 0.571078431372549 0.5506535947712419 0.5566789215686274 0.5424836601307189 0.5502450980392157 0.5404411764705882 0.5508578431372549 0.5388071895424836 0.5536151960784313 0.5388071895424836 0.5459558823529411 0.5371732026143791 0.5431985294117647 0.5351307189542484 0.5416666666666666 0.5322712418300654 0.5438112745098039 0.5322712418300654 0.5481004901960784 0.5355392156862745 0.5579044117647058 0.5363562091503268 0.5597426470588235 0.5379901960784313 0.5597426470588235 0.5392156862745098 0.5575980392156863 0.5404411764705882 0.5707720588235294 0.5477941176470589 0.5716911764705882 0.5494281045751634 0.571078431372549 0.5506535947712419 
0 0.44362745098039214 0.5571895424836601 0.4424019607843137 0.556781045751634 0.4420955882352941 0.5535130718954249 0.46599264705882354 0.5449346405228758 0.4675245098039216 0.5477941176470589 0.44362745098039214 0.5571895424836601 
0 0.6155024509803921 0.5808823529411765 0.5790441176470589 0.5580065359477124 0.5796568627450981 0.5547385620915033 0.5818014705882353 0.553921568627451 0.616421568627451 0.573937908496732 0.616421568627451 0.5788398692810458 0.6155024509803921 0.5808823529411765 
0 0.3710171568627451 0.5870098039215687 0.3697916666666667 0.5816993464052288 0.37224264705882354 0.5796568627450981 0.43474264705882354 0.5559640522875817 0.4378063725490196 0.5559640522875817 0.4387254901960784 0.5584150326797386 0.3710171568627451 0.5870098039215687 
0 0.9996936274509803 0.8218954248366013 0.6338848039215687 0.5927287581699346 0.6317401960784313 0.5915032679738562 0.6326593137254902 0.5861928104575164 0.6351102941176471 0.5833333333333334 0.6360294117647058 0.5837418300653595 0.8008578431372549 0.6703431372549019 0.9990808823529411 0.7834967320261438 0.9996936274509803 0.7843137254901961 0.9996936274509803 0.8218954248366013 
0 0.3324142156862745 0.6017156862745098 0.3318014705882353 0.5951797385620915 0.3547794117647059 0.5874183006535948 0.3550857843137255 0.5886437908496732 0.3556985294117647 0.5919117647058824 0.3547794117647059 0.5951797385620915 0.3324142156862745 0.6017156862745098 
0 0.23805147058823528 0.6348039215686274 0.23774509803921567 0.6282679738562091 0.24816176470588236 0.6258169934640523 0.2778799019607843 0.6127450980392157 0.31004901960784315 0.6021241830065359 0.3118872549019608 0.6029411764705882 0.31403186274509803 0.6074346405228758 0.3137254901960784 0.6094771241830066 0.29503676470588236 0.6172385620915033 0.26868872549019607 0.6233660130718954 0.23805147058823528 0.6348039215686274 
0 0.11090686274509803 0.6911764705882353 0.10876225490196079 0.678921568627451 0.11090686274509803 0.673202614379085 0.15992647058823528 0.6560457516339869 0.16544117647058823 0.6560457516339869 0.16819852941176472 0.6584967320261438 0.17095588235294118 0.6674836601307189 0.11090686274509803 0.6911764705882353 
1 0.7925857843137255 0.4513888888888889 0.7895220588235294 0.4411764705882353 0.7907475490196079 0.4383169934640523 0.7987132352941176 0.4366830065359477 0.8051470588235294 0.43218954248366015 0.8223039215686274 0.4305555555555556 0.8391544117647058 0.41911764705882354 0.8538602941176471 0.41217320261437906 0.8651960784313726 0.40318627450980393 0.8869485294117647 0.39133986928104575 0.9996936274509803 0.3570261437908497 0.9996936274509803 0.3901143790849673 0.8587622549019608 0.42810457516339867 0.8556985294117647 0.4293300653594771 0.8556985294117647 0.43423202614379086 0.7925857843137255 0.4513888888888889 
5 0.5790441176470589 0.556781045751634 0.5716911764705882 0.551062091503268 0.5713848039215687 0.5498366013071896 0.5802696078431373 0.553921568627451 0.5790441176470589 0.556781045751634 
5 0.43903186274509803 0.5584150326797386 0.4378063725490196 0.5559640522875817 0.43535539215686275 0.5555555555555556 0.4430147058823529 0.5526960784313726 0.4417892156862745 0.553921568627451 0.4424019607843137 0.5571895424836601 0.43903186274509803 0.5584150326797386 
5 0.632046568627451 0.5906862745098039 0.6161151960784313 0.5808823529411765 0.616421568627451 0.5747549019607843 0.6344975490196079 0.5837418300653595 0.6326593137254902 0.5861928104575164 0.632046568627451 0.5906862745098039 
5 0.3553921568627451 0.5947712418300654 0.3556985294117647 0.5878267973856209 0.3697916666666667 0.5816993464052288 0.3707107843137255 0.5874183006535948 0.3553921568627451 0.5947712418300654 
5 0.31403186274509803 0.6094771241830066 0.3131127450980392 0.6049836601307189 0.31096813725490197 0.6029411764705882 0.3118872549019608 0.6021241830065359 0.3318014705882353 0.5959967320261438 0.3321078431372549 0.6017156862745098 0.33425245098039214 0.6013071895424836 0.31403186274509803 0.6094771241830066 
5 0.171875 0.6670751633986928 0.17064950980392157 0.6670751633986928 0.16819852941176472 0.6589052287581699 0.16605392156862744 0.6560457516339869 0.23713235294117646 0.6294934640522876 0.23774509803921567 0.6348039215686274 0.24050245098039216 0.6348039215686274 0.20986519607843138 0.6515522875816994 0.171875 0.6670751633986928 
5 0.0 0.7389705882352942 0.0 0.7226307189542484 0.0009191176470588235 0.7218137254901961 0.10814950980392157 0.6785130718954249 0.1090686274509804 0.6793300653594772 0.11090686274509803 0.6911764705882353 0.11642156862745098 0.6891339869281046 0.0 0.7389705882352942 
