0 0.4429347826086957 0.6072463768115942 0.43668478260869564 0.6057971014492753 0.4394021739130435 0.6007246376811595 0.4703804347826087 0.5873188405797102 0.4703804347826087 0.5887681159420289 0.46847826086956523 0.5902173913043478 0.4470108695652174 0.6054347826086957 0.4429347826086957 0.6072463768115942 
0 0.5535326086956521 0.6039855072463768 0.5413043478260869 0.6007246376811595 0.5413043478260869 0.5971014492753624 0.5505434782608696 0.5981884057971014 0.5532608695652174 0.6007246376811595 0.5535326086956521 0.6039855072463768 
0 0.38831521739130437 0.6365942028985507 0.38804347826086955 0.619927536231884 0.4125 0.6115942028985507 0.41331521739130433 0.6141304347826086 0.41358695652173916 0.6086956521739131 0.42581521739130435 0.6028985507246377 0.43043478260869567 0.6086956521739131 0.4309782608695652 0.6152173913043478 0.4154891304347826 0.6206521739130435 0.41494565217391305 0.6221014492753624 0.38831521739130437 0.6365942028985507 
0 0.9997282608695652 0.7202898550724638 0.866304347826087 0.688768115942029 0.8728260869565218 0.6778985507246377 0.877445652173913 0.6764492753623188 0.8798913043478261 0.6583333333333333 0.9997282608695652 0.6800724637681159 0.9997282608695652 0.7202898550724638 
1 0.26956521739130435 0.6155797101449275 0.22309782608695652 0.6105072463768116 0.17717391304347826 0.6010869565217392 0.18070652173913043 0.5996376811594203 0.17554347826086958 0.5920289855072464 0.15896739130434784 0.5902173913043478 0.15489130434782608 0.5760869565217391 0.14619565217391303 0.5771739130434783 0.14320652173913043 0.5942028985507246 0.12771739130434784 0.591304347826087 0.12554347826086956 0.5822463768115942 0.12010869565217391 0.5757246376811594 0.11440217391304348 0.5648550724637681 0.11304347826086956 0.5507246376811594 0.10733695652173914 0.547463768115942 0.09320652173913044 0.5467391304347826 0.08342391304347826 0.5442028985507247 0.07527173913043478 0.5398550724637681 0.07309782608695652 0.5449275362318841 0.05679347826086956 0.547463768115942 0.049728260869565215 0.5514492753623188 0.05 0.561231884057971 0.04565217391304348 0.563768115942029 0.03967391304347826 0.5644927536231884 0.03831521739130435 0.5659420289855073 0.034239130434782605 0.5721014492753623 0.03260869565217391 0.572463768115942 0.03097826086956522 0.5818840579710145 0.00923913043478261 0.5800724637681159 0.00923913043478261 0.5710144927536231 0.010597826086956521 0.5735507246376812 0.01576086956521739 0.5644927536231884 0.019021739130434784 0.5539855072463769 0.01657608695652174 0.5394927536231884 0.0125 0.5289855072463768 0.01684782608695652 0.5268115942028986 0.01657608695652174 0.5228260869565218 0.016304347826086956 0.5206521739130435 0.006521739130434782 0.5170289855072464 0.0002717391304347826 0.5195652173913043 0.0 0.538768115942029 0.0 0.5097826086956522 0.1644021739130435 0.5297101449275362 0.1673913043478261 0.5427536231884058 0.17173913043478262 0.5431159420289855 0.16983695652173914 0.5438405797101449 0.17255434782608695 0.5503623188405797 0.17880434782608695 0.5528985507246377 0.18641304347826088 0.5514492753623188 0.18994565217391304 0.5452898550724637 0.19021739130434784 0.5402173913043479 0.18885869565217392 0.5394927536231884 0.18804347826086956 0.532608695652174 0.19728260869565217 0.533695652173913 0.1934782608695652 0.5365942028985508 0.1934782608695652 0.5452898550724637 0.19592391304347825 0.5467391304347826 0.1967391304347826 0.5510869565217391 0.20081521739130434 0.5579710144927537 0.20706521739130435 0.5594202898550724 0.21195652173913043 0.5590579710144927 0.21494565217391304 0.5528985507246377 0.21494565217391304 0.5427536231884058 0.21331521739130435 0.5358695652173913 0.2592391304347826 0.5413043478260869 0.2595108695652174 0.5576086956521739 0.26358695652173914 0.5576086956521739 0.26603260869565215 0.5420289855072464 0.2758152173913043 0.5427536231884058 0.26956521739130435 0.6155797101449275 
5 0.4315217391304348 0.6123188405797102 0.43070652173913043 0.6123188405797102 0.4296195652173913 0.6076086956521739 0.43043478260869567 0.6068840579710145 0.43668478260869564 0.6047101449275363 0.4369565217391304 0.6057971014492753 0.4407608695652174 0.6068840579710145 0.4315217391304348 0.6123188405797102 
2 0.27010869565217394 0.6492753623188405 0.2470108695652174 0.6474637681159421 0.2440217391304348 0.6463768115942029 0.24375 0.6445652173913043 0.2483695652173913 0.6130434782608696 0.26956521739130435 0.6155797101449275 0.2752717391304348 0.5547101449275362 0.36983695652173915 0.5659420289855073 0.3673913043478261 0.586231884057971 0.36766304347826084 0.5869565217391305 0.37119565217391304 0.5873188405797102 0.3690217391304348 0.6224637681159421 0.3605978260869565 0.6260869565217392 0.32418478260869565 0.6355072463768116 0.2733695652173913 0.6307971014492754 0.27010869565217394 0.6492753623188405 
2 0.38804347826086955 0.6144927536231884 0.38722826086956524 0.6134057971014493 0.38967391304347826 0.5688405797101449 0.3978260869565217 0.5695652173913044 0.39592391304347824 0.611231884057971 0.38804347826086955 0.6144927536231884 
2 0.03206521739130435 0.5782608695652174 0.03233695652173913 0.5731884057971014 0.034239130434782605 0.5721014492753623 0.03206521739130435 0.5782608695652174 
2 0.5752717391304348 0.6032608695652174 0.5608695652173913 0.6018115942028985 0.5551630434782608 0.5996376811594203 0.5551630434782608 0.5782608695652174 0.566304347826087 0.577536231884058 0.5692934782608695 0.5858695652173913 0.6103260869565217 0.586231884057971 0.6095108695652174 0.5905797101449275 0.6116847826086956 0.5942028985507246 0.6116847826086956 0.6010869565217392 0.5752717391304348 0.6032608695652174 
2 0.6358695652173914 0.5996376811594203 0.6334239130434782 0.5996376811594203 0.6334239130434782 0.5858695652173913 0.6380434782608696 0.586231884057971 0.6358695652173914 0.5996376811594203 
2 0.14130434782608695 0.6047101449275363 0.13016304347826088 0.5989130434782609 0.12744565217391304 0.5916666666666667 0.14293478260869566 0.5942028985507246 0.14130434782608695 0.6047101449275363 
2 0.6133152173913043 0.6010869565217392 0.6130434782608696 0.5945652173913043 0.6157608695652174 0.5945652173913043 0.616304347826087 0.5931159420289855 0.6160326086956521 0.6007246376811595 0.6133152173913043 0.6010869565217392 
2 0.20869565217391303 0.6213768115942029 0.20054347826086957 0.6210144927536232 0.19891304347826086 0.6152173913043478 0.19972826086956522 0.6083333333333333 0.1923913043478261 0.605072463768116 0.1858695652173913 0.6047101449275363 0.1842391304347826 0.6072463768115942 0.18396739130434783 0.6119565217391304 0.1815217391304348 0.611231884057971 0.17391304347826086 0.6021739130434782 0.17798913043478262 0.6010869565217392 0.22309782608695652 0.6105072463768116 0.23940217391304347 0.6123188405797102 0.2220108695652174 0.6108695652173913 0.2220108695652174 0.619927536231884 0.21304347826086956 0.618840579710145 0.20869565217391303 0.6213768115942029 
2 0.24266304347826087 0.6126811594202899 0.23940217391304347 0.6126811594202899 0.24266304347826087 0.6126811594202899 
2 0.24619565217391304 0.6130434782608696 0.24375 0.6130434782608696 0.24619565217391304 0.6130434782608696 
