0 0.5441176470588235 0.9995915032679739 0.5260416666666666 0.9995915032679739 0.5787377450980392 0.8672385620915033 0.6302083333333334 0.7238562091503268 0.6452205882352942 0.6593137254901961 0.6421568627450981 0.6119281045751634 0.6219362745098039 0.5723039215686274 0.6044730392156863 0.556781045751634 0.5735294117647058 0.5375816993464052 0.5278799019607843 0.5208333333333334 0.5232843137254902 0.5204248366013072 0.5272671568627451 0.5196078431372549 0.5631127450980392 0.5318627450980392 0.5974264705882353 0.5473856209150327 0.6130514705882353 0.5592320261437909 0.6271446078431373 0.5731209150326797 0.6446078431372549 0.6078431372549019 0.6473651960784313 0.6205065359477124 0.649203431372549 0.6580882352941176 0.6449142156862745 0.6928104575163399 0.6314338235294118 0.7483660130718954 0.609375 0.815359477124183 0.5441176470588235 0.9995915032679739 
0 0.4883578431372549 0.5253267973856209 0.4837622549019608 0.5220588235294118 0.4880514705882353 0.5241013071895425 0.4883578431372549 0.5253267973856209 
0 0.5045955882352942 0.548202614379085 0.5030637254901961 0.5428921568627451 0.49019607843137253 0.5273692810457516 0.49019607843137253 0.5257352941176471 0.5033700980392157 0.5404411764705882 0.5058210784313726 0.5469771241830066 0.5045955882352942 0.548202614379085 
0 0.0 0.7749183006535948 0.0 0.7598039215686274 0.20067401960784315 0.7034313725490197 0.2971813725490196 0.6744281045751634 0.3630514705882353 0.6531862745098039 0.4111519607843137 0.6315359477124183 0.4537377450980392 0.6151960784313726 0.484375 0.5906862745098039 0.49754901960784315 0.5751633986928104 0.49816176470588236 0.5808823529411765 0.4950980392156863 0.5866013071895425 0.4693627450980392 0.6094771241830066 0.4644607843137255 0.6127450980392157 0.4632352941176471 0.6090686274509803 0.4568014705882353 0.6131535947712419 0.4564950980392157 0.6180555555555556 0.45036764705882354 0.6225490196078431 0.35140931372549017 0.6642156862745098 0.26256127450980393 0.6944444444444444 0.09313725490196079 0.7491830065359477 0.0 0.7749183006535948 
1 0.8737745098039216 0.5093954248366013 0.8719362745098039 0.49060457516339867 0.8753063725490197 0.48080065359477125 0.9117647058823529 0.48080065359477125 0.9129901960784313 0.49060457516339867 0.9077818627450981 0.5081699346405228 0.8737745098039216 0.5093954248366013 
1 0.5272671568627451 0.5147058823529411 0.522671568627451 0.5138888888888888 0.522671568627451 0.5049019607843137 0.5346200980392157 0.5036764705882353 0.5346200980392157 0.514297385620915 0.5272671568627451 0.5147058823529411 
1 0.538296568627451 0.514297385620915 0.5355392156862745 0.514297385620915 0.5352328431372549 0.5040849673202614 0.5419730392156863 0.5036764705882353 0.5419730392156863 0.5089869281045751 0.538296568627451 0.514297385620915 
1 0.49816176470588236 0.5179738562091504 0.49019607843137253 0.5175653594771242 0.4898897058823529 0.516748366013072 0.5027573529411765 0.5053104575163399 0.5183823529411765 0.5049019607843137 0.5174632352941176 0.5147058823529411 0.5003063725490197 0.5155228758169934 0.49816176470588236 0.5179738562091504 
1 0.7974877450980392 0.6462418300653595 0.7944240196078431 0.6462418300653595 0.7953431372549019 0.6205065359477124 0.7931985294117647 0.6205065359477124 0.7922794117647058 0.6098856209150327 0.8174019607843137 0.5894607843137255 0.9102328431372549 0.5191993464052288 0.9145220588235294 0.5322712418300654 0.9172794117647058 0.5494281045751634 0.8645833333333334 0.5964052287581699 0.8618259803921569 0.6123366013071896 0.8443627450980392 0.6123366013071896 0.84375 0.6233660130718954 0.8299632352941176 0.6233660130718954 0.8296568627450981 0.6290849673202614 0.8226102941176471 0.6356209150326797 0.8066789215686274 0.6356209150326797 0.8069852941176471 0.6401143790849673 0.805453431372549 0.6401143790849673 0.7974877450980392 0.6462418300653595 
1 0.6299019607843137 0.5420751633986928 0.6286764705882353 0.5420751633986928 0.6289828431372549 0.5343137254901961 0.6363357843137255 0.5298202614379085 0.6375612745098039 0.5355392156862745 0.6369485294117647 0.5383986928104575 0.6338848039215687 0.5412581699346405 0.6299019607843137 0.5420751633986928 
1 0.6636029411764706 0.5563725490196079 0.6629901960784313 0.5424836601307189 0.6672794117647058 0.5388071895424836 0.6675857843137255 0.5412581699346405 0.6715686274509803 0.5412581699346405 0.671875 0.5494281045751634 0.6636029411764706 0.5563725490196079 
1 0.08639705882352941 0.5837418300653595 0.07598039215686274 0.5821078431372549 0.06709558823529412 0.5776143790849673 0.0545343137254902 0.5747549019607843 0.06525735294117647 0.5588235294117647 0.0704656862745098 0.5477941176470589 0.08057598039215687 0.5473856209150327 0.09466911764705882 0.5502450980392157 0.09497549019607843 0.5518790849673203 0.08639705882352941 0.5837418300653595 
1 0.7009803921568627 0.5821078431372549 0.6997549019607843 0.5641339869281046 0.7175245098039216 0.5490196078431373 0.71875 0.5674019607843137 0.7178308823529411 0.5678104575163399 0.7172181372549019 0.5731209150326797 0.7095588235294118 0.5727124183006536 0.7086397058823529 0.5784313725490197 0.7015931372549019 0.5784313725490197 0.7009803921568627 0.5821078431372549 
1 0.16176470588235295 0.5968137254901961 0.1565563725490196 0.5845588235294118 0.14430147058823528 0.5743464052287581 0.17738970588235295 0.5800653594771242 0.17800245098039216 0.5784313725490197 0.18045343137254902 0.5784313725490197 0.18995098039215685 0.5804738562091504 0.1868872549019608 0.5861928104575164 0.16176470588235295 0.5968137254901961 
1 0.20557598039215685 0.5849673202614379 0.20404411764705882 0.5849673202614379 0.20159313725490197 0.5829248366013072 0.20833333333333334 0.5841503267973857 0.20557598039215685 0.5849673202614379 
1 0.2766544117647059 0.6486928104575164 0.24111519607843138 0.641748366013072 0.2420343137254902 0.6401143790849673 0.23866421568627452 0.6311274509803921 0.23866421568627452 0.6172385620915033 0.23161764705882354 0.6119281045751634 0.22763480392156862 0.6021241830065359 0.2104779411764706 0.5906862745098039 0.20863970588235295 0.5845588235294118 0.2104779411764706 0.5841503267973857 0.21875 0.5951797385620915 0.27818627450980393 0.6066176470588235 0.2766544117647059 0.6486928104575164 
1 0.12193627450980392 0.6053921568627451 0.11917892156862746 0.6049836601307189 0.12193627450980392 0.6053921568627451 
1 0.9996936274509803 0.9330065359477124 0.9947916666666666 0.9293300653594772 0.9901960784313726 0.9158496732026143 0.9871323529411765 0.9109477124183006 0.9840686274509803 0.9146241830065359 0.9730392156862745 0.9048202614379085 0.9681372549019608 0.9048202614379085 0.9678308823529411 0.8974673202614379 0.9378063725490197 0.8615196078431373 0.9365808823529411 0.8529411764705882 0.9356617647058824 0.8578431372549019 0.9350490196078431 0.8574346405228758 0.9329044117647058 0.8500816993464052 0.930453431372549 0.8496732026143791 0.928921568627451 0.8464052287581699 0.9313725490196079 0.8447712418300654 0.930453431372549 0.8284313725490197 0.9267769607843137 0.8263888888888888 0.9249387254901961 0.8304738562091504 0.9231004901960784 0.8415032679738562 0.9172794117647058 0.8419117647058824 0.9120710784313726 0.6899509803921569 0.9194240196078431 0.6940359477124183 0.9139093137254902 0.7103758169934641 0.9139093137254902 0.7336601307189542 0.9151348039215687 0.7512254901960784 0.9224877450980392 0.761437908496732 0.9264705882352942 0.7622549019607843 0.9249387254901961 0.7479575163398693 0.9243259803921569 0.7218137254901961 0.9298406862745098 0.698937908496732 0.9362745098039216 0.7026143790849673 0.9390318627450981 0.7091503267973857 0.9473039215686274 0.7120098039215687 0.9525122549019608 0.7238562091503268 0.9684436274509803 0.7267156862745098 0.9779411764705882 0.7401960784313726 0.9675245098039216 0.761437908496732 0.9656862745098039 0.7765522875816994 0.9650735294117647 0.7920751633986928 0.960171568627451 0.8316993464052288 0.960171568627451 0.8451797385620915 0.9656862745098039 0.8598856209150327 0.9782475490196079 0.8745915032679739 0.9816176470588235 0.8700980392156863 0.9816176470588235 0.8680555555555556 0.9788602941176471 0.8504901960784313 0.9788602941176471 0.8329248366013072 0.9776348039215687 0.8169934640522876 0.9724264705882353 0.7834967320261438 0.9822303921568627 0.7426470588235294 0.9996936274509803 0.7422385620915033 0.9996936274509803 0.9330065359477124 
