0 0.7864583333333334 0.6925925925925925 0.7546875 0.6916666666666667 0.7880208333333333 0.6916666666666667 0.7864583333333334 0.6925925925925925 
0 0.7916666666666666 0.6925925925925925 0.7911458333333333 0.6907407407407408 0.7916666666666666 0.6925925925925925 
0 0.759375 0.700925925925926 0.7484375 0.700925925925926 0.7614583333333333 0.6981481481481482 0.759375 0.700925925925926 
0 0.7302083333333333 0.7027777777777777 0.7244791666666667 0.7027777777777777 0.7302083333333333 0.7027777777777777 
0 0.721875 0.7037037037037037 0.7125 0.7037037037037037 0.721875 0.7037037037037037 
0 0.6854166666666667 0.7074074074074074 0.68125 0.7064814814814815 0.7125 0.7046296296296296 0.6854166666666667 0.7074074074074074 
0 0.8307291666666666 0.7240740740740741 0.7927083333333333 0.7138888888888889 0.78125 0.7138888888888889 0.7791666666666667 0.7083333333333334 0.7807291666666667 0.7055555555555556 0.7927083333333333 0.7046296296296296 0.7932291666666667 0.7064814814814815 0.7807291666666667 0.7092592592592593 0.8307291666666666 0.7212962962962963 0.8307291666666666 0.7240740740740741 
0 0.6729166666666667 0.7083333333333334 0.6697916666666667 0.7074074074074074 0.6729166666666667 0.7083333333333334 
0 0.678125 0.7074074074074074 0.6765625 0.7074074074074074 0.678125 0.7074074074074074 
0 0.6541666666666667 0.7092592592592593 0.6510416666666666 0.7083333333333334 0.6541666666666667 0.7092592592592593 
0 0.6385416666666667 0.7101851851851851 0.628125 0.7092592592592593 0.6385416666666667 0.7101851851851851 
0 0.12604166666666666 0.7379629629629629 0.09895833333333333 0.7379629629629629 0.1 0.7333333333333333 0.10677083333333333 0.7333333333333333 0.1265625 0.7351851851851852 0.12604166666666666 0.7379629629629629 
0 0.2578125 0.7425925925925926 0.2453125 0.7416666666666667 0.24479166666666666 0.7398148148148148 0.2578125 0.737037037037037 0.2578125 0.7425925925925926 
0 0.4875 0.7481481481481481 0.46510416666666665 0.7481481481481481 0.46458333333333335 0.7444444444444445 0.6354166666666666 0.7379629629629629 0.6380208333333334 0.7407407407407407 0.6369791666666667 0.7435185185185185 0.4875 0.7481481481481481 
5 0.6385416666666667 0.7416666666666667 0.6364583333333333 0.7398148148148148 0.6536458333333334 0.7166666666666667 0.6520833333333333 0.7222222222222222 0.6385416666666667 0.7416666666666667 
5 0.9994791666666667 0.7388888888888889 0.8770833333333333 0.7342592592592593 0.8307291666666666 0.7222222222222222 0.878125 0.7314814814814815 0.9994791666666667 0.7351851851851852 0.9994791666666667 0.7388888888888889 
