0 0.4275678294573643 0.5891472868217055 0.4265988372093023 0.5891472868217055 0.4265988372093023 0.5872093023255814 0.42805232558139533 0.5862403100775194 0.47795542635658916 0.5736434108527132 0.47722868217054265 0.5752583979328165 0.4738372093023256 0.5765503875968992 0.4275678294573643 0.5891472868217055 
0 0.3236434108527132 0.6124031007751938 0.3236434108527132 0.6091731266149871 0.3340600775193798 0.6062661498708011 0.4132751937984496 0.5907622739018088 0.4130329457364341 0.5923772609819121 0.3236434108527132 0.6124031007751938 
0 0.27955426356589147 0.623062015503876 0.27882751937984496 0.6227390180878553 0.279796511627907 0.6204780361757106 0.2928779069767442 0.6198320413436692 0.27955426356589147 0.623062015503876 
0 0.0 0.6950904392764858 0.0 0.6886304909560723 0.0024224806201550387 0.6876614987080103 0.15382751937984496 0.6489018087855297 0.25218023255813954 0.6266149870801033 0.25314922480620156 0.626937984496124 0.25363372093023256 0.6291989664082688 0.0 0.6950904392764858 
1 0.21875 0.5965762273901809 0.21778100775193798 0.5965762273901809 0.2180232558139535 0.5843023255813954 0.22747093023255813 0.5823643410852714 0.24127906976744187 0.582687338501292 0.24127906976744187 0.5933462532299741 0.2371608527131783 0.5939922480620154 0.2369186046511628 0.5891472868217055 0.23570736434108527 0.5888242894056848 0.23425387596899225 0.5936692506459949 0.23473837209302326 0.5943152454780362 0.21875 0.5965762273901809 
1 0.2439437984496124 0.5930232558139535 0.24224806201550386 0.5930232558139535 0.24200581395348839 0.582687338501292 0.24636627906976744 0.5823643410852714 0.24733527131782945 0.5923772609819121 0.2439437984496124 0.5930232558139535 
1 0.2063953488372093 0.5985142118863049 0.2054263565891473 0.5985142118863049 0.2051841085271318 0.5868863049095607 0.21656976744186046 0.584625322997416 0.21656976744186046 0.5968992248062015 0.2063953488372093 0.5985142118863049 
1 0.08309108527131782 0.6075581395348837 0.0811531007751938 0.6075581395348837 0.0811531007751938 0.6036821705426356 0.1124031007751938 0.5998062015503876 0.14074612403100775 0.5985142118863049 0.20397286821705427 0.5872093023255814 0.20397286821705427 0.5988372093023255 0.19670542635658914 0.5998062015503876 0.19646317829457363 0.5981912144702842 0.19428294573643412 0.5981912144702842 0.1928294573643411 0.6017441860465116 0.17199612403100775 0.6030361757105943 0.17175387596899225 0.5998062015503876 0.1693313953488372 0.5981912144702842 0.1683624031007752 0.6007751937984496 0.16690891472868216 0.5965762273901809 0.16424418604651161 0.5985142118863049 0.16424418604651161 0.603359173126615 0.11603682170542635 0.6046511627906976 0.08309108527131782 0.6075581395348837 
1 0.07388565891472869 0.6085271317829457 0.07218992248062016 0.6085271317829457 0.07097868217054264 0.6065891472868217 0.07122093023255814 0.604328165374677 0.07751937984496124 0.604328165374677 0.07751937984496124 0.6078811369509044 0.07388565891472869 0.6085271317829457 
1 0.027374031007751938 0.6130490956072352 0.027131782945736434 0.6046511627906976 0.05377906976744186 0.6049741602067183 0.05402131782945736 0.6104651162790697 0.027374031007751938 0.6130490956072352 
1 0.06153100775193798 0.6098191214470284 0.058381782945736434 0.6098191214470284 0.058381782945736434 0.6046511627906976 0.0690406976744186 0.6049741602067183 0.06734496124031007 0.6091731266149871 0.06153100775193798 0.6098191214470284 
3 0.4270833333333333 0.5862403100775194 0.4261143410852713 0.584625322997416 0.4263565891472868 0.5823643410852714 0.4251453488372093 0.5823643410852714 0.42393410852713176 0.5801033591731266 0.437984496124031 0.5781653746770026 0.44549418604651164 0.5746124031007752 0.46535852713178294 0.5700904392764858 0.4796511627906977 0.564922480620155 0.48594961240310075 0.5642764857881137 0.48570736434108525 0.5668604651162791 0.4811046511627907 0.5675064599483204 0.47819767441860467 0.5723514211886305 0.4270833333333333 0.5862403100775194 
3 0.39098837209302323 0.5933462532299741 0.39001937984496127 0.5933462532299741 0.38953488372093026 0.5920542635658915 0.38977713178294576 0.585594315245478 0.3943798449612403 0.5839793281653747 0.40794573643410853 0.5839793281653747 0.41424418604651164 0.5830103359173127 0.4132751937984496 0.5891472868217055 0.39098837209302323 0.5933462532299741 
3 0.3687015503875969 0.5972222222222222 0.36724806201550386 0.5972222222222222 0.36724806201550386 0.588501291989664 0.3684593023255814 0.585594315245478 0.3703972868217054 0.5872093023255814 0.3810562015503876 0.5872093023255814 0.38808139534883723 0.5862403100775194 0.38832364341085274 0.5936692506459949 0.3687015503875969 0.5972222222222222 
3 0.3241279069767442 0.6062661498708011 0.3234011627906977 0.6062661498708011 0.3231589147286822 0.5923772609819121 0.3246124031007752 0.5920542635658915 0.32582364341085274 0.5888242894056848 0.32679263565891475 0.5904392764857881 0.33527131782945735 0.5904392764857881 0.33648255813953487 0.5888242894056848 0.3374515503875969 0.5904392764857881 0.33987403100775193 0.5904392764857881 0.34108527131782945 0.5872093023255814 0.3425387596899225 0.5904392764857881 0.344718992248062 0.5888242894056848 0.3478682170542636 0.5888242894056848 0.3481104651162791 0.5872093023255814 0.3493217054263566 0.5888242894056848 0.35973837209302323 0.5888242894056848 0.35998062015503873 0.5872093023255814 0.36216085271317827 0.5891472868217055 0.3640988372093023 0.5975452196382429 0.3624031007751938 0.5985142118863049 0.3241279069767442 0.6062661498708011 
3 0.062257751937984496 0.6602067183462532 0.061046511627906974 0.6595607235142119 0.05886627906976744 0.6098191214470284 0.11603682170542635 0.6046511627906976 0.13565891472868216 0.6046511627906976 0.1928294573643411 0.6017441860465116 0.19428294573643412 0.5981912144702842 0.19646317829457363 0.5981912144702842 0.19670542635658914 0.5998062015503876 0.19815891472868216 0.5998062015503876 0.24781976744186046 0.5927002583979328 0.24733527131782945 0.6056201550387597 0.2497577519379845 0.622093023255814 0.17635658914728683 0.6363049095607235 0.062257751937984496 0.6602067183462532 
3 0.0014534883720930232 0.6724806201550387 0.0 0.6724806201550387 0.0 0.6156330749354005 0.0055717054263565895 0.6156330749354005 0.007025193798449613 0.6078811369509044 0.011627906976744186 0.6091731266149871 0.014050387596899225 0.6140180878552972 0.05402131782945736 0.6107881136950905 0.0562015503875969 0.6611757105943152 0.0014534883720930232 0.6724806201550387 
3 0.251453488372093 0.6217700258397932 0.25218023255813954 0.6214470284237726 0.251453488372093 0.6217700258397932 
