0 0.3541666666666667 0.7295751633986928 0.2818627450980392 0.7291666666666666 0.2264093137254902 0.7242647058823529 0.20006127450980393 0.7205882352941176 0.17555147058823528 0.7152777777777778 0.16115196078431374 0.7099673202614379 0.15839460784313725 0.704248366013072 0.16145833333333334 0.6981209150326797 0.1639093137254902 0.6981209150326797 0.16145833333333334 0.7034313725490197 0.16881127450980393 0.7091503267973857 0.18995098039215685 0.7148692810457516 0.21629901960784315 0.7189542483660131 0.2542892156862745 0.7214052287581699 0.2539828431372549 0.7242647058823529 0.25582107843137253 0.7250816993464052 0.25796568627450983 0.7218137254901961 0.29871323529411764 0.7242647058823529 0.34987745098039214 0.7246732026143791 0.3541666666666667 0.7250816993464052 0.3541666666666667 0.7295751633986928 
0 0.5358455882352942 0.7348856209150327 0.5294117647058824 0.7344771241830066 0.5294117647058824 0.7287581699346405 0.578125 0.7275326797385621 0.5747549019607843 0.7201797385620915 0.5704656862745098 0.7169117647058824 0.5735294117647058 0.7156862745098039 0.5796568627450981 0.7185457516339869 0.5830269607843137 0.7250816993464052 0.5839460784313726 0.7295751633986928 0.5808823529411765 0.7336601307189542 0.5358455882352942 0.7348856209150327 
0 0.7316176470588235 0.7291666666666666 0.703125 0.7222222222222222 0.6976102941176471 0.7222222222222222 0.6979166666666666 0.7173202614379085 0.7138480392156863 0.7177287581699346 0.7227328431372549 0.7201797385620915 0.7325367647058824 0.7263071895424836 0.7316176470588235 0.7291666666666666 
0 0.9010416666666666 0.744281045751634 0.8756127450980392 0.7434640522875817 0.7901348039215687 0.7336601307189542 0.7702205882352942 0.733251633986928 0.7699142156862745 0.7316176470588235 0.7705269607843137 0.7291666666666666 0.7895220588235294 0.7279411764705882 0.8345588235294118 0.7340686274509803 0.8985906862745098 0.7397875816993464 0.9007352941176471 0.7406045751633987 0.9010416666666666 0.744281045751634 
0 0.0 0.7761437908496732 0.0 0.7659313725490197 0.03799019607843137 0.7598039215686274 0.1323529411764706 0.741421568627451 0.14338235294117646 0.7381535947712419 0.14613970588235295 0.7336601307189542 0.14583333333333334 0.7312091503267973 0.14981617647058823 0.7312091503267973 0.15287990196078433 0.7340686274509803 0.15134803921568626 0.7438725490196079 0.13143382352941177 0.7495915032679739 0.09252450980392157 0.758578431372549 0.0070465686274509805 0.7732843137254902 0.0 0.7761437908496732 
1 0.0055147058823529415 0.7177287581699346 0.0 0.7177287581699346 0.0 0.6352124183006536 0.03155637254901961 0.6372549019607843 0.0744485294117647 0.6458333333333334 0.0741421568627451 0.6572712418300654 0.0778186274509804 0.6597222222222222 0.07659313725490197 0.6597222222222222 0.07628676470588236 0.6638071895424836 0.0744485294117647 0.7169117647058824 0.0704656862745098 0.7136437908496732 0.06004901960784314 0.7136437908496732 0.0055147058823529415 0.7177287581699346 
1 0.3290441176470588 0.6985294117647058 0.3177083333333333 0.6981209150326797 0.3180147058823529 0.6838235294117647 0.32046568627450983 0.6601307189542484 0.3293504901960784 0.6593137254901961 0.32996323529411764 0.6531862745098039 0.33057598039215685 0.6535947712418301 0.33088235294117646 0.6593137254901961 0.3321078431372549 0.6589052287581699 0.3327205882352941 0.6568627450980392 0.3336397058823529 0.6589052287581699 0.33578431372549017 0.6593137254901961 0.33762254901960786 0.6593137254901961 0.3388480392156863 0.6576797385620915 0.3394607843137255 0.6593137254901961 0.3474264705882353 0.6584967320261438 0.3474264705882353 0.6633986928104575 0.34528186274509803 0.6662581699346405 0.34160539215686275 0.6785130718954249 0.34191176470588236 0.6809640522875817 0.3471200980392157 0.6809640522875817 0.34681372549019607 0.6964869281045751 0.3400735294117647 0.696078431372549 0.3290441176470588 0.6985294117647058 
1 0.7365196078431373 0.7030228758169934 0.7248774509803921 0.7030228758169934 0.7205882352941176 0.701797385620915 0.7181372549019608 0.6593137254901961 0.7450980392156863 0.6560457516339869 0.7567401960784313 0.6564542483660131 0.7558210784313726 0.698937908496732 0.7506127450980392 0.6981209150326797 0.7365196078431373 0.7030228758169934 
1 0.3587622549019608 0.698937908496732 0.35232843137254904 0.6977124183006536 0.35263480392156865 0.6785130718954249 0.35692401960784315 0.6719771241830066 0.3550857843137255 0.6633986928104575 0.35294117647058826 0.6625816993464052 0.35355392156862747 0.6580882352941176 0.4028799019607843 0.6593137254901961 0.4028799019607843 0.6617647058823529 0.3789828431372549 0.6666666666666666 0.36151960784313725 0.6662581699346405 0.36243872549019607 0.6801470588235294 0.3642769607843137 0.6797385620915033 0.3645833333333333 0.6756535947712419 0.36917892156862747 0.676062091503268 0.36550245098039214 0.6801470588235294 0.359375 0.6911764705882353 0.3587622549019608 0.698937908496732 
1 0.4574142156862745 0.6625816993464052 0.42463235294117646 0.6601307189542484 0.4059436274509804 0.6617647058823529 0.4056372549019608 0.6593137254901961 0.4574142156862745 0.6580882352941176 0.4574142156862745 0.6625816993464052 
1 0.5079656862745098 0.6968954248366013 0.49754901960784315 0.6915849673202614 0.49693627450980393 0.6842320261437909 0.49172794117647056 0.6850490196078431 0.4880514705882353 0.6821895424836601 0.5030637254901961 0.6809640522875817 0.5030637254901961 0.6752450980392157 0.5052083333333334 0.6805555555555556 0.5082720588235294 0.6797385620915033 0.5042892156862745 0.6740196078431373 0.5073529411764706 0.6670751633986928 0.5055147058823529 0.6670751633986928 0.5027573529411765 0.6711601307189542 0.5021446078431373 0.6670751633986928 0.4996936274509804 0.6670751633986928 0.5 0.6805555555555556 0.49693627450980393 0.6805555555555556 0.4963235294117647 0.6797385620915033 0.4950980392156863 0.6752450980392157 0.4963235294117647 0.6715686274509803 0.4954044117647059 0.6683006535947712 0.4898897058823529 0.6670751633986928 0.4892769607843137 0.6805555555555556 0.48713235294117646 0.6805555555555556 0.4837622549019608 0.6670751633986928 0.4810049019607843 0.6674836601307189 0.4791666666666667 0.6740196078431373 0.47640931372549017 0.6670751633986928 0.4693627450980392 0.6670751633986928 0.4647671568627451 0.6646241830065359 0.4641544117647059 0.6589052287581699 0.5223651960784313 0.6597222222222222 0.524203431372549 0.6919934640522876 0.5189950980392157 0.6948529411764706 0.5113357843137255 0.6936274509803921 0.5079656862745098 0.6956699346405228 0.5079656862745098 0.6968954248366013 
1 0.30300245098039214 0.6973039215686274 0.3002450980392157 0.6973039215686274 0.3017769607843137 0.6593137254901961 0.30392156862745096 0.6601307189542484 0.30300245098039214 0.6973039215686274 
1 0.7184436274509803 0.7013888888888888 0.7104779411764706 0.7001633986928104 0.7095588235294118 0.6597222222222222 0.7162990196078431 0.6597222222222222 0.7184436274509803 0.7013888888888888 
1 0.0784313725490196 0.6711601307189542 0.0784313725490196 0.6699346405228758 0.0784313725490196 0.6711601307189542 
1 0.07965686274509803 0.7009803921568627 0.07689950980392157 0.6997549019607843 0.0784313725490196 0.6752450980392157 0.11366421568627451 0.6768790849673203 0.11213235294117647 0.6993464052287581 0.07996323529411764 0.6985294117647058 0.07965686274509803 0.7009803921568627 
1 0.14920343137254902 0.7034313725490197 0.14644607843137256 0.7030228758169934 0.14705882352941177 0.6781045751633987 0.15502450980392157 0.6776960784313726 0.15318627450980393 0.6973039215686274 0.15012254901960784 0.698937908496732 0.14920343137254902 0.7034313725490197 
5 0.7699142156862745 0.7328431372549019 0.7313112745098039 0.7295751633986928 0.7328431372549019 0.7263071895424836 0.7362132352941176 0.7283496732026143 0.7441789215686274 0.7295751633986928 0.7647058823529411 0.7303921568627451 0.7702205882352942 0.7291666666666666 0.7699142156862745 0.7328431372549019 
2 0.9025735294117647 0.7312091503267973 0.8146446078431373 0.7238562091503268 0.7925857843137255 0.7238562091503268 0.7892156862745098 0.7214052287581699 0.7487745098039216 0.7103758169934641 0.710171568627451 0.7120098039215687 0.7071078431372549 0.7062908496732027 0.7083333333333334 0.6997549019607843 0.7248774509803921 0.7030228758169934 0.7365196078431373 0.7030228758169934 0.7506127450980392 0.6981209150326797 0.757046568627451 0.698937908496732 0.7601102941176471 0.6997549019607843 0.7613357843137255 0.7062908496732027 0.7855392156862745 0.7111928104575164 0.7889093137254902 0.7111928104575164 0.7956495098039216 0.7083333333333334 0.8051470588235294 0.7079248366013072 0.8091299019607843 0.7095588235294118 0.8112745098039216 0.7132352941176471 0.9019607843137255 0.7189542483660131 0.9025735294117647 0.7312091503267973 
2 0.0 0.752859477124183 0.0 0.7177287581699346 0.0704656862745098 0.7136437908496732 0.07475490196078431 0.7181372549019608 0.07567401960784313 0.7312091503267973 0.0744485294117647 0.735702614379085 0.07107843137254902 0.7397875816993464 0.0 0.752859477124183 
