0 0.628968253968254 0.546957671957672 0.6282242063492064 0.546957671957672 0.6312003968253969 0.5426587301587301 0.6312003968253969 0.5443121693121693 0.628968253968254 0.546957671957672 
0 0.6225198412698413 0.5545634920634921 0.6272321428571429 0.5486111111111112 0.6262400793650794 0.5509259259259259 0.6225198412698413 0.5545634920634921 
0 0.6143353174603174 0.5611772486772487 0.6138392857142857 0.560515873015873 0.6148313492063492 0.5595238095238095 0.6190476190476191 0.558531746031746 0.6222718253968254 0.5562169312169312 0.6225198412698413 0.5548941798941799 0.6232638888888888 0.5558862433862434 0.6195436507936508 0.5588624338624338 0.6155753968253969 0.5598544973544973 0.6143353174603174 0.5611772486772487 
0 0.7160218253968254 0.5687830687830688 0.7083333333333334 0.5638227513227513 0.7080853174603174 0.5628306878306878 0.7160218253968254 0.5671296296296297 0.7160218253968254 0.5687830687830688 
0 0.9997519841269841 0.5892857142857143 0.9322916666666666 0.5859788359788359 0.8814484126984127 0.5853174603174603 0.8442460317460317 0.5830026455026455 0.8447420634920635 0.580026455026455 0.8467261904761905 0.5796957671957672 0.8578869047619048 0.5810185185185185 0.8973214285714286 0.5823412698412699 0.9997519841269841 0.5833333333333334 0.9997519841269841 0.5892857142857143 
0 0.28273809523809523 0.6802248677248677 0.2805059523809524 0.6802248677248677 0.28100198412698413 0.6712962962962963 0.30481150793650796 0.667989417989418 0.3132440476190476 0.667989417989418 0.32514880952380953 0.6653439153439153 0.35119047619047616 0.6620370370370371 0.37549603174603174 0.66005291005291 0.37549603174603174 0.6646825396825397 0.37450396825396826 0.6650132275132276 0.28273809523809523 0.6802248677248677 
0 0.019097222222222224 0.7199074074074074 0.014136904761904762 0.7199074074074074 0.019593253968253968 0.7086640211640212 0.025793650793650792 0.7073412698412699 0.06374007936507936 0.703042328042328 0.14087301587301587 0.691468253968254 0.15500992063492064 0.6937830687830688 0.1552579365079365 0.6960978835978836 0.1552579365079365 0.6977513227513228 0.1515376984126984 0.7000661375661376 0.019097222222222224 0.7199074074074074 
0 0.6636904761904762 0.7457010582010583 0.6416170634920635 0.7457010582010583 0.6195436507936508 0.7420634920634921 0.6098710317460317 0.7351190476190477 0.6081349206349206 0.7142857142857143 0.6155753968253969 0.7037037037037037 0.6173115079365079 0.7126322751322751 0.6284722222222222 0.7156084656084656 0.6493055555555556 0.716931216931217 0.6845238095238095 0.716931216931217 0.7008928571428571 0.7146164021164021 0.7202380952380952 0.7046957671957672 0.7276785714285714 0.7288359788359788 0.7130456349206349 0.7397486772486772 0.6636904761904762 0.7457010582010583 
0 0.0 0.7847222222222222 0.0 0.7698412698412699 0.001488095238095238 0.7691798941798942 0.03447420634920635 0.7622354497354498 0.09945436507936507 0.7526455026455027 0.19642857142857142 0.7430555555555556 0.24751984126984128 0.7400793650793651 0.2802579365079365 0.7440476190476191 0.28869047619047616 0.7569444444444444 0.2884424603174603 0.7642195767195767 0.23288690476190477 0.7691798941798942 0.1783234126984127 0.7691798941798942 0.0 0.7847222222222222 
1 0.6388888888888888 0.6683201058201058 0.6351686507936508 0.6663359788359788 0.6284722222222222 0.6590608465608465 0.6158234126984127 0.6507936507936508 0.6140873015873016 0.5611772486772487 0.6324404761904762 0.5598544973544973 0.6374007936507936 0.5582010582010583 0.6381448412698413 0.5611772486772487 0.6391369047619048 0.5654761904761905 0.6378968253968254 0.580026455026455 0.6388888888888888 0.6683201058201058 
1 0.3757440476190476 0.685515873015873 0.3757440476190476 0.6312830687830688 0.34598214285714285 0.6362433862433863 0.31646825396825395 0.6455026455026455 0.2874503968253968 0.658068783068783 0.2864583333333333 0.6554232804232805 0.28125 0.656415343915344 0.28125 0.5998677248677249 0.29737103174603174 0.5998677248677249 0.31200396825396826 0.5985449735449735 0.3125 0.58994708994709 0.3742559523809524 0.5869708994708994 0.3767361111111111 0.580026455026455 0.4595734126984127 0.5757275132275133 0.5927579365079365 0.5634920634920635 0.5954861111111112 0.5641534391534392 0.5967261904761905 0.5803571428571429 0.5974702380952381 0.6474867724867724 0.5992063492063492 0.6484788359788359 0.5939980158730159 0.6484788359788359 0.3757440476190476 0.685515873015873 
5 0.15228174603174602 0.7000661375661376 0.1552579365079365 0.6977513227513228 0.1552579365079365 0.6937830687830688 0.16939484126984128 0.6937830687830688 0.25471230158730157 0.6812169312169312 0.2638888888888889 0.6759259259259259 0.2638888888888889 0.6828703703703703 0.2562003968253968 0.6848544973544973 0.18353174603174602 0.6964285714285714 0.15228174603174602 0.7000661375661376 
