0 0.32965686274509803 0.6870915032679739 0.2849264705882353 0.6862745098039216 0.28400735294117646 0.6842320261437909 0.3272058823529412 0.684640522875817 0.32965686274509803 0.6870915032679739 
0 0.37193627450980393 0.6879084967320261 0.34160539215686275 0.6875 0.3403799019607843 0.6870915032679739 0.3403799019607843 0.6854575163398693 0.3694852941176471 0.6854575163398693 0.37193627450980393 0.6858660130718954 0.37193627450980393 0.6879084967320261 
0 0.3863357843137255 0.6883169934640523 0.375 0.6879084967320261 0.3746936274509804 0.6862745098039216 0.3863357843137255 0.6858660130718954 0.3863357843137255 0.6883169934640523 
0 0.44485294117647056 0.6895424836601307 0.39828431372549017 0.6887254901960784 0.4007352941176471 0.6862745098039216 0.40379901960784315 0.6862745098039216 0.44485294117647056 0.6875 0.44485294117647056 0.6895424836601307 
0 0.7435661764705882 0.6907679738562091 0.7236519607843137 0.6875 0.7435661764705882 0.6870915032679739 0.7435661764705882 0.6907679738562091 
0 0.7506127450980392 0.6919934640522876 0.7450980392156863 0.6911764705882353 0.7454044117647058 0.6875 0.7503063725490197 0.6870915032679739 0.7506127450980392 0.6919934640522876 
0 0.7738970588235294 0.7054738562091504 0.7542892156862745 0.7050653594771242 0.7539828431372549 0.698937908496732 0.7781862745098039 0.6985294117647058 0.7901348039215687 0.6977124183006536 0.7901348039215687 0.6968954248366013 0.7879901960784313 0.6952614379084967 0.7542892156862745 0.6924019607843137 0.7536764705882353 0.6879084967320261 0.7579656862745098 0.6883169934640523 0.7582720588235294 0.6915849673202614 0.7601102941176471 0.6919934640522876 0.7604166666666666 0.6887254901960784 0.7720588235294118 0.690359477124183 0.7852328431372549 0.690359477124183 0.7864583333333334 0.6919934640522876 0.789828431372549 0.6919934640522876 0.7901348039215687 0.6940359477124183 0.7935049019607843 0.6944444444444444 0.7938112745098039 0.6924019607843137 0.8023897058823529 0.693218954248366 0.8045343137254902 0.6968954248366013 0.7941176470588235 0.696078431372549 0.7974877450980392 0.698937908496732 0.7974877450980392 0.7005718954248366 0.7959558823529411 0.7022058823529411 0.7738970588235294 0.7054738562091504 
0 0.3903186274509804 0.6883169934640523 0.3893995098039216 0.6883169934640523 0.3903186274509804 0.6883169934640523 
0 0.7071078431372549 0.7030228758169934 0.5511642156862745 0.696078431372549 0.5232843137254902 0.6936274509803921 0.522671568627451 0.6891339869281046 0.5248161764705882 0.6879084967320261 0.5361519607843137 0.6879084967320261 0.5263480392156863 0.6895424836601307 0.5272671568627451 0.6907679738562091 0.5768995098039216 0.6940359477124183 0.7071078431372549 0.6977124183006536 0.7071078431372549 0.7030228758169934 
0 0.8771446078431373 0.7026143790849673 0.8183210784313726 0.6981209150326797 0.821078431372549 0.6944444444444444 0.8609068627450981 0.6964869281045751 0.8639705882352942 0.6968954248366013 0.8670343137254902 0.7013888888888888 0.8771446078431373 0.7026143790849673 
0 0.7509191176470589 0.7046568627450981 0.7107843137254902 0.7034313725490197 0.7104779411764706 0.6981209150326797 0.7509191176470589 0.6981209150326797 0.7509191176470589 0.7046568627450981 
0 0.9996936274509803 0.7062908496732027 0.9295343137254902 0.704248366013072 0.9255514705882353 0.7038398692810458 0.9243259803921569 0.7022058823529411 0.9993872549019608 0.7038398692810458 0.9996936274509803 0.7062908496732027 
0 0.9996936274509803 0.8574346405228758 0.9715073529411765 0.8537581699346405 0.9286151960784313 0.8521241830065359 0.9154411764705882 0.8480392156862745 0.8354779411764706 0.8100490196078431 0.6780024509803921 0.741421568627451 0.6758578431372549 0.7381535947712419 0.6764705882352942 0.7344771241830066 0.6795343137254902 0.7336601307189542 0.6825980392156863 0.7295751633986928 0.6568627450980392 0.7303921568627451 0.6400122549019608 0.7214052287581699 0.6397058823529411 0.7177287581699346 0.6488970588235294 0.7111928104575164 0.6587009803921569 0.7124183006535948 0.6571691176470589 0.7140522875816994 0.6691176470588235 0.7189542483660131 0.7074142156862745 0.7205882352941176 0.7074142156862745 0.7291666666666666 0.6954656862745098 0.7291666666666666 0.742953431372549 0.7475490196078431 0.835171568627451 0.7802287581699346 0.9185049019607843 0.8145424836601307 0.9479166666666666 0.8227124183006536 0.9877450980392157 0.823937908496732 0.9862132352941176 0.821078431372549 0.9264705882352942 0.7977941176470589 0.9065563725490197 0.7888071895424836 0.9056372549019608 0.7883986928104575 0.9056372549019608 0.7851307189542484 0.9068627450980392 0.7847222222222222 0.9975490196078431 0.8235294117647058 0.9996936274509803 0.8259803921568627 0.9996936274509803 0.8574346405228758 
0 0.7515318627450981 0.7316176470588235 0.7104779411764706 0.7295751633986928 0.710171568627451 0.7209967320261438 0.75 0.7226307189542484 0.7469362745098039 0.7209967320261438 0.7512254901960784 0.7205882352941176 0.7515318627450981 0.7316176470588235 
0 0.7668504901960784 0.7328431372549019 0.7549019607843137 0.7320261437908496 0.7542892156862745 0.7222222222222222 0.7674632352941176 0.7308006535947712 0.7668504901960784 0.7328431372549019 
0 0.0 0.9084967320261438 0.0 0.8786764705882353 0.2267156862745098 0.7965686274509803 0.3474264705882353 0.7483660130718954 0.3909313725490196 0.735702614379085 0.39920343137254904 0.7263071895424836 0.4013480392156863 0.7250816993464052 0.4016544117647059 0.7263071895424836 0.4022671568627451 0.7291666666666666 0.39889705882352944 0.735702614379085 0.37683823529411764 0.7475490196078431 0.22242647058823528 0.8157679738562091 0.0 0.9084967320261438 
0 0.7536764705882353 0.7320261437908496 0.7521446078431373 0.7320261437908496 0.7536764705882353 0.7320261437908496 
0 0.8982843137254902 0.7847222222222222 0.8244485294117647 0.7553104575163399 0.7745098039215687 0.7336601307189542 0.7769607843137255 0.7324346405228758 0.7791053921568627 0.733251633986928 0.8979779411764706 0.7810457516339869 0.8982843137254902 0.7847222222222222 
1 0.05821078431372549 0.7291666666666666 0.050551470588235295 0.7291666666666666 0.05024509803921569 0.7246732026143791 0.012867647058823529 0.7287581699346405 0.025735294117647058 0.5853758169934641 0.037377450980392156 0.5825163398692811 0.03860294117647059 0.579248366013072 0.03462009803921569 0.5441176470588235 0.06556372549019608 0.5486111111111112 0.06801470588235294 0.556781045751634 0.07230392156862746 0.5633169934640523 0.07230392156862746 0.5727124183006536 0.06678921568627451 0.6237745098039216 0.06740196078431372 0.639297385620915 0.06985294117647059 0.6462418300653595 0.07689950980392157 0.6401143790849673 0.08026960784313726 0.6237745098039216 0.08946078431372549 0.6156045751633987 0.09283088235294118 0.625 0.10110294117647059 0.633578431372549 0.10784313725490197 0.6482843137254902 0.11151960784313726 0.6511437908496732 0.11917892156862746 0.6499183006535948 0.11887254901960784 0.6188725490196079 0.125 0.613562091503268 0.1332720588235294 0.6119281045751634 0.13602941176470587 0.6025326797385621 0.13633578431372548 0.5898692810457516 0.14246323529411764 0.5857843137254902 0.1488970588235294 0.5857843137254902 0.15226715686274508 0.5959967320261438 0.14522058823529413 0.7165032679738562 0.14154411764705882 0.7169117647058824 0.1412377450980392 0.7136437908496732 0.13786764705882354 0.7136437908496732 0.05974264705882353 0.7214052287581699 0.05821078431372549 0.7291666666666666 
1 0.789828431372549 0.6919934640522876 0.7864583333333334 0.6919934640522876 0.7852328431372549 0.690359477124183 0.7720588235294118 0.690359477124183 0.7604166666666666 0.6887254901960784 0.7594975490196079 0.6752450980392157 0.7567401960784313 0.6699346405228758 0.7450980392156863 0.670751633986928 0.7441789215686274 0.6727941176470589 0.7169117647058824 0.6703431372549019 0.7132352941176471 0.6723856209150327 0.7083333333333334 0.6785130718954249 0.7071078431372549 0.6862745098039216 0.7028186274509803 0.6862745098039216 0.7015931372549019 0.6854575163398693 0.7015931372549019 0.6744281045751634 0.7080269607843137 0.6740196078431373 0.7080269607843137 0.6711601307189542 0.6767769607843137 0.6691176470588235 0.6780024509803921 0.6683006535947712 0.6780024509803921 0.6666666666666666 0.6764705882352942 0.6625816993464052 0.6807598039215687 0.6597222222222222 0.7083333333333334 0.6609477124183006 0.7089460784313726 0.6544117647058824 0.7230392156862745 0.6535947712418301 0.7300857843137255 0.6548202614379085 0.7303921568627451 0.6662581699346405 0.772671568627451 0.6687091503267973 0.7760416666666666 0.6683006535947712 0.7766544117647058 0.6662581699346405 0.7791053921568627 0.6658496732026143 0.7806372549019608 0.6821895424836601 0.7889093137254902 0.6825980392156863 0.789828431372549 0.6862745098039216 0.789828431372549 0.6919934640522876 
1 0.7579656862745098 0.6883169934640523 0.7539828431372549 0.6875 0.7527573529411765 0.6809640522875817 0.7457107843137255 0.673202614379085 0.7564338235294118 0.673202614379085 0.7573529411764706 0.6756535947712419 0.7579656862745098 0.6883169934640523 
1 0.7435661764705882 0.6870915032679739 0.7107843137254902 0.6866830065359477 0.7104779411764706 0.6842320261437909 0.7129289215686274 0.678921568627451 0.7175245098039216 0.6756535947712419 0.741421568627451 0.6756535947712419 0.7432598039215687 0.6768790849673203 0.7435661764705882 0.6870915032679739 
1 0.7503063725490197 0.6870915032679739 0.7450980392156863 0.6866830065359477 0.7450980392156863 0.6772875816993464 0.7493872549019608 0.6838235294117647 0.7503063725490197 0.6870915032679739 
1 0.8020833333333334 0.693218954248366 0.7938112745098039 0.6924019607843137 0.7935049019607843 0.6866830065359477 0.8005514705882353 0.6883169934640523 0.8020833333333334 0.693218954248366 
1 0.8639705882352942 0.6968954248366013 0.821078431372549 0.6944444444444444 0.8241421568627451 0.6911764705882353 0.8621323529411765 0.6928104575163399 0.8639705882352942 0.6968954248366013 
2 0.5177696078431373 0.6683006535947712 0.5162377450980392 0.6678921568627451 0.5165441176470589 0.6633986928104575 0.5143995098039216 0.6609477124183006 0.5147058823529411 0.6425653594771242 0.5174632352941176 0.6433823529411765 0.5168504901960784 0.6552287581699346 0.5214460784313726 0.6556372549019608 0.5217524509803921 0.6576797385620915 0.5217524509803921 0.6666666666666666 0.5177696078431373 0.6683006535947712 
2 0.23927696078431374 0.7201797385620915 0.23805147058823528 0.7136437908496732 0.2423406862745098 0.7034313725490197 0.24693627450980393 0.6968954248366013 0.2705269607843137 0.6956699346405228 0.2702205882352941 0.7030228758169934 0.26838235294117646 0.7120098039215687 0.23927696078431374 0.7201797385620915 
2 0.01011029411764706 0.7622549019607843 0.012254901960784314 0.733251633986928 0.013480392156862746 0.7316176470588235 0.05024509803921569 0.7271241830065359 0.050551470588235295 0.7291666666666666 0.05821078431372549 0.7291666666666666 0.0585171568627451 0.7267156862745098 0.06004901960784314 0.7258986928104575 0.1403186274509804 0.7160947712418301 0.14522058823529413 0.7165032679738562 0.15042892156862744 0.7148692810457516 0.15839460784313725 0.7246732026143791 0.16666666666666666 0.7246732026143791 0.16911764705882354 0.7275326797385621 0.16942401960784315 0.7299836601307189 0.16942401960784315 0.733251633986928 0.16758578431372548 0.7336601307189542 0.07720588235294118 0.7463235294117647 0.03553921568627451 0.7549019607843137 0.01011029411764706 0.7622549019607843 
