0 0.7068014705882353 0.5821078431372549 0.7025122549019608 0.5821078431372549 0.7018995098039216 0.5800653594771242 0.7064950980392157 0.579248366013072 0.7068014705882353 0.5821078431372549 
0 0.6973039215686274 0.5874183006535948 0.694546568627451 0.5874183006535948 0.6957720588235294 0.5804738562091504 0.6969975490196079 0.5804738562091504 0.6973039215686274 0.5821078431372549 0.6973039215686274 0.5874183006535948 
0 0.680453431372549 0.5898692810457516 0.6780024509803921 0.5898692810457516 0.6780024509803921 0.5829248366013072 0.6801470588235294 0.5825163398692811 0.6807598039215687 0.5841503267973857 0.6819852941176471 0.5894607843137255 0.680453431372549 0.5898692810457516 
0 0.7138480392156863 0.5849673202614379 0.7123161764705882 0.5849673202614379 0.711703431372549 0.5833333333333334 0.7135416666666666 0.5829248366013072 0.7138480392156863 0.5849673202614379 
0 0.6583946078431373 0.5931372549019608 0.6574754901960784 0.5931372549019608 0.6574754901960784 0.5861928104575164 0.663296568627451 0.5849673202614379 0.6636029411764706 0.5923202614379085 0.6583946078431373 0.5931372549019608 
0 0.6415441176470589 0.5955882352941176 0.6400122549019608 0.5947712418300654 0.6400122549019608 0.5886437908496732 0.6464460784313726 0.5874183006535948 0.6467524509803921 0.5947712418300654 0.6415441176470589 0.5955882352941176 
0 0.6734068627450981 0.5906862745098039 0.6731004901960784 0.5878267973856209 0.6734068627450981 0.5906862745098039 
0 0.6305147058823529 0.5972222222222222 0.6299019607843137 0.5923202614379085 0.6308210784313726 0.5923202614379085 0.6308210784313726 0.5898692810457516 0.6360294117647058 0.5886437908496732 0.6363357843137255 0.5959967320261438 0.6305147058823529 0.5972222222222222 
0 0.5971200980392157 0.6021241830065359 0.5943627450980392 0.6021241830065359 0.5943627450980392 0.5943627450980392 0.6096813725490197 0.5927287581699346 0.6096813725490197 0.6000816993464052 0.5971200980392157 0.6021241830065359 
0 0.5802696078431373 0.6041666666666666 0.5778186274509803 0.6041666666666666 0.578125 0.5964052287581699 0.5857843137254902 0.5968137254901961 0.5860906862745098 0.5955882352941176 0.5882352941176471 0.5955882352941176 0.5885416666666666 0.6033496732026143 0.5802696078431373 0.6041666666666666 
0 0.5726102941176471 0.6045751633986928 0.5713848039215687 0.6045751633986928 0.5719975490196079 0.5972222222222222 0.5726102941176471 0.6045751633986928 
0 0.5566789215686274 0.6058006535947712 0.5557598039215687 0.6058006535947712 0.5560661764705882 0.5992647058823529 0.5655637254901961 0.5988562091503268 0.5658700980392157 0.6049836601307189 0.5566789215686274 0.6058006535947712 
0 0.5508578431372549 0.6062091503267973 0.546875 0.6062091503267973 0.5474877450980392 0.6000816993464052 0.5508578431372549 0.6004901960784313 0.5508578431372549 0.6062091503267973 
0 0.5214460784313726 0.608251633986928 0.5171568627450981 0.608251633986928 0.5174632352941176 0.6058006535947712 0.5140931372549019 0.6037581699346405 0.5404411764705882 0.6013071895424836 0.5404411764705882 0.6066176470588235 0.5214460784313726 0.608251633986928 
0 0.5039828431372549 0.6094771241830066 0.5012254901960784 0.6086601307189542 0.5012254901960784 0.6045751633986928 0.5098039215686274 0.6037581699346405 0.5122549019607843 0.6086601307189542 0.5039828431372549 0.6094771241830066 
0 0.2555147058823529 0.6290849673202614 0.24754901960784315 0.6290849673202614 0.24816176470588236 0.6262254901960784 0.25153186274509803 0.6270424836601307 0.25153186274509803 0.6233660130718954 0.2536764705882353 0.6225490196078431 0.28921568627450983 0.6213235294117647 0.28952205882352944 0.6237745098039216 0.2935049019607843 0.6233660130718954 0.29381127450980393 0.6209150326797386 0.3005514705882353 0.6205065359477124 0.3008578431372549 0.625 0.30361519607843135 0.6233660130718954 0.30422794117647056 0.6200980392156863 0.32506127450980393 0.6188725490196079 0.32536764705882354 0.6209150326797386 0.3290441176470588 0.6213235294117647 0.3293504901960784 0.6188725490196079 0.3314950980392157 0.6184640522875817 0.35202205882352944 0.6172385620915033 0.35324754901960786 0.6172385620915033 0.35355392156862747 0.6188725490196079 0.35753676470588236 0.619281045751634 0.35753676470588236 0.6176470588235294 0.3587622549019608 0.6168300653594772 0.3786764705882353 0.6156045751633987 0.3789828431372549 0.6172385620915033 0.38327205882352944 0.6168300653594772 0.38357843137254904 0.6151960784313726 0.3857230392156863 0.6147875816993464 0.40349264705882354 0.6147875816993464 0.4074754901960784 0.6131535947712419 0.44515931372549017 0.610702614379085 0.49264705882352944 0.6053921568627451 0.4960171568627451 0.6053921568627451 0.49754901960784315 0.6098856209150327 0.3391544117647059 0.6245915032679739 0.2555147058823529 0.6290849673202614 
0 0.6510416666666666 0.6188725490196079 0.6323529411764706 0.6180555555555556 0.6473651960784313 0.6127450980392157 0.647671568627451 0.6147875816993464 0.6510416666666666 0.6151960784313726 0.6510416666666666 0.6188725490196079 
0 0.6850490196078431 0.6205065359477124 0.680453431372549 0.6200980392156863 0.680453431372549 0.613562091503268 0.6847426470588235 0.6143790849673203 0.6850490196078431 0.6205065359477124 
0 0.6985294117647058 0.6213235294117647 0.6930147058823529 0.6209150326797386 0.6917892156862745 0.6143790849673203 0.6985294117647058 0.6143790849673203 0.6985294117647058 0.6213235294117647 
0 0.7653186274509803 0.6245915032679739 0.7092524509803921 0.6217320261437909 0.7089460784313726 0.6151960784313726 0.7643995098039216 0.6172385620915033 0.7653186274509803 0.6245915032679739 
0 0.8458946078431373 0.6286764705882353 0.7732843137254902 0.625 0.7720588235294118 0.6180555555555556 0.8198529411764706 0.6188725490196079 0.821078431372549 0.6241830065359477 0.8455882352941176 0.6245915032679739 0.8458946078431373 0.6286764705882353 
0 0.9338235294117647 0.6348039215686274 0.8903186274509803 0.630718954248366 0.8541666666666666 0.6290849673202614 0.8535539215686274 0.625 0.8566176470588235 0.625 0.8569240196078431 0.6213235294117647 0.8590686274509803 0.6209150326797386 0.9329044117647058 0.625 0.9338235294117647 0.6348039215686274 
0 0.17830882352941177 0.6323529411764706 0.17432598039215685 0.6323529411764706 0.17493872549019607 0.6258169934640523 0.18106617647058823 0.6254084967320261 0.18167892156862744 0.6282679738562091 0.18535539215686275 0.6274509803921569 0.18566176470588236 0.6254084967320261 0.19056372549019607 0.6266339869281046 0.19301470588235295 0.625 0.2034313725490196 0.625 0.2037377450980392 0.627859477124183 0.20772058823529413 0.6286764705882353 0.20802696078431374 0.6245915032679739 0.2337622549019608 0.6237745098039216 0.2340686274509804 0.627859477124183 0.2340686274509804 0.6299019607843137 0.17830882352941177 0.6323529411764706 
0 0.0821078431372549 0.636437908496732 0.07689950980392157 0.636437908496732 0.07965686274509803 0.6331699346405228 0.08363970588235294 0.6331699346405228 0.08425245098039216 0.630718954248366 0.08884803921568628 0.6270424836601307 0.0977328431372549 0.6270424836601307 0.10324754901960784 0.6294934640522876 0.10661764705882353 0.6270424836601307 0.10998774509803921 0.6270424836601307 0.11029411764705882 0.6294934640522876 0.1130514705882353 0.6294934640522876 0.11672794117647059 0.6266339869281046 0.12193627450980392 0.6266339869281046 0.12224264705882353 0.6311274509803921 0.1256127450980392 0.6311274509803921 0.12591911764705882 0.627859477124183 0.12714460784313725 0.6294934640522876 0.13970588235294118 0.6294934640522876 0.14460784313725492 0.6262254901960784 0.14675245098039216 0.6262254901960784 0.14736519607843138 0.6274509803921569 0.15134803921568626 0.6266339869281046 0.15502450980392157 0.6286764705882353 0.1565563725490196 0.6262254901960784 0.16207107843137256 0.6258169934640523 0.16237745098039216 0.6299019607843137 0.16636029411764705 0.6303104575163399 0.16636029411764705 0.6327614379084967 0.0821078431372549 0.636437908496732 
0 0.9996936274509803 0.6413398692810458 0.9430147058823529 0.6360294117647058 0.9420955882352942 0.6262254901960784 0.9996936274509803 0.6286764705882353 0.9996936274509803 0.6413398692810458 
0 0.24571078431372548 0.6294934640522876 0.2420343137254902 0.6294934640522876 0.2417279411764706 0.6274509803921569 0.24571078431372548 0.6294934640522876 
0 0.0 0.6368464052287581 0.0 0.6294934640522876 0.023284313725490197 0.6286764705882353 0.024816176470588234 0.6339869281045751 0.029105392156862746 0.6315359477124183 0.030637254901960783 0.6282679738562091 0.03431372549019608 0.6282679738562091 0.03462009803921569 0.6356209150326797 0.04044117647058824 0.6356209150326797 0.04013480392156863 0.6286764705882353 0.0428921568627451 0.627859477124183 0.04718137254901961 0.630718954248366 0.04993872549019608 0.6303104575163399 0.05177696078431373 0.627859477124183 0.06862745098039216 0.6274509803921569 0.06924019607843138 0.6339869281045751 0.07138480392156862 0.6352124183006536 0.07138480392156862 0.636437908496732 0.0 0.6368464052287581 
0 0.0 0.6568627450980392 0.0 0.6491013071895425 0.005208333333333333 0.6491013071895425 0.003982843137254902 0.6523692810457516 0.014705882352941176 0.6535947712418301 0.013480392156862746 0.6495098039215687 0.014705882352941176 0.6486928104575164 0.058823529411764705 0.6474673202614379 0.07138480392156862 0.6486928104575164 0.07107843137254902 0.6560457516339869 0.06770833333333333 0.6560457516339869 0.06525735294117647 0.6511437908496732 0.06219362745098039 0.6495098039215687 0.05514705882352941 0.6523692810457516 0.05330882352941176 0.6556372549019608 0.03002450980392157 0.6552287581699346 0.0 0.6568627450980392 
0 0.16666666666666666 0.6589052287581699 0.07996323529411764 0.6564542483660131 0.07475490196078431 0.6560457516339869 0.0744485294117647 0.6544117647058824 0.07506127450980392 0.6482843137254902 0.11121323529411764 0.6499183006535948 0.16666666666666666 0.6531862745098039 0.16666666666666666 0.6589052287581699 
0 0.22518382352941177 0.6670751633986928 0.20067401960784315 0.6646241830065359 0.17555147058823528 0.6597222222222222 0.17432598039215685 0.6593137254901961 0.17432598039215685 0.6544117647058824 0.1951593137254902 0.6548202614379085 0.23039215686274508 0.6597222222222222 0.22518382352941177 0.6670751633986928 
0 0.23590686274509803 0.6621732026143791 0.23284313725490197 0.6605392156862745 0.23590686274509803 0.6601307189542484 0.23590686274509803 0.6621732026143791 
0 0.24387254901960784 0.6629901960784313 0.24356617647058823 0.6613562091503268 0.24540441176470587 0.6621732026143791 0.24387254901960784 0.6629901960784313 
0 0.0 0.8361928104575164 0.0 0.8084150326797386 0.05269607843137255 0.7904411764705882 0.05759803921568627 0.7904411764705882 0.0661764705882353 0.7875816993464052 0.06709558823529412 0.7855392156862745 0.08088235294117647 0.7806372549019608 0.16299019607843138 0.7446895424836601 0.17616421568627452 0.7446895424836601 0.17769607843137256 0.7381535947712419 0.22212009803921567 0.7165032679738562 0.22947303921568626 0.7165032679738562 0.23253676470588236 0.7148692810457516 0.23314950980392157 0.7111928104575164 0.24295343137254902 0.7066993464052288 0.2545955882352941 0.6952614379084967 0.2604166666666667 0.693218954248366 0.25980392156862747 0.690359477124183 0.26409313725490197 0.6862745098039216 0.2607230392156863 0.6821895424836601 0.2665441176470588 0.6805555555555556 0.265625 0.6764705882352942 0.26317401960784315 0.673202614379085 0.25704656862745096 0.6699346405228758 0.25306372549019607 0.6719771241830066 0.25245098039215685 0.6715686274509803 0.2545955882352941 0.6674836601307189 0.2512254901960784 0.6621732026143791 0.28125 0.6699346405228758 0.28737745098039214 0.6813725490196079 0.2855392156862745 0.6948529411764706 0.25888480392156865 0.7140522875816994 0.16023284313725492 0.7683823529411765 0.0 0.8361928104575164 
