0 0.94609375 0.3880208333333333 0.943359375 0.3880208333333333 0.943359375 0.38385416666666666 0.999609375 0.371875 0.999609375 0.3776041666666667 0.94609375 0.3880208333333333 
0 0.937890625 0.38958333333333334 0.936328125 0.38958333333333334 0.937109375 0.3848958333333333 0.937890625 0.38958333333333334 
0 0.784375 0.4197916666666667 0.784375 0.4161458333333333 0.8078125 0.4078125 0.9265625 0.3875 0.926953125 0.39166666666666666 0.784375 0.4197916666666667 
0 0.999609375 0.4473958333333333 0.941015625 0.43385416666666665 0.892578125 0.42864583333333334 0.891015625 0.42552083333333335 0.892578125 0.42135416666666664 0.90546875 0.4244791666666667 0.93828125 0.4265625 0.999609375 0.4348958333333333 0.999609375 0.4473958333333333 
0 0.633984375 0.43802083333333336 0.62890625 0.43802083333333336 0.630859375 0.4348958333333333 0.644140625 0.42916666666666664 0.7265625 0.42552083333333335 0.726953125 0.4270833333333333 0.68359375 0.4348958333333333 0.633984375 0.43802083333333336 
0 0.3046875 0.4401041666666667 0.299609375 0.4395833333333333 0.3046875 0.4401041666666667 
0 0.316796875 0.44166666666666665 0.315234375 0.4401041666666667 0.30625 0.4395833333333333 0.315234375 0.4390625 0.316796875 0.44166666666666665 
0 0.32109375 0.44583333333333336 0.316796875 0.4421875 0.32109375 0.44583333333333336 
0 0.05078125 0.5265625 0.04765625 0.5265625 0.046484375 0.5177083333333333 0.12890625 0.5083333333333333 0.2125 0.5020833333333333 0.23125 0.49583333333333335 0.283984375 0.4864583333333333 0.315234375 0.4786458333333333 0.318359375 0.47604166666666664 0.320703125 0.46979166666666666 0.34296875 0.46197916666666666 0.349609375 0.45729166666666665 0.35078125 0.45364583333333336 0.35234375 0.4557291666666667 0.3515625 0.459375 0.32265625 0.4713541666666667 0.321484375 0.47708333333333336 0.316796875 0.48072916666666665 0.27890625 0.49114583333333334 0.197265625 0.5078125 0.1578125 0.5109375 0.067578125 0.5229166666666667 0.05078125 0.5265625 
0 0.0 0.6890625 0.0 0.65625 0.0359375 0.6328125 0.0734375 0.6130208333333333 0.119921875 0.5973958333333333 0.130078125 0.5911458333333334 0.130078125 0.58125 0.122265625 0.5765625 0.055078125 0.5786458333333333 0.04609375 0.5802083333333333 0.046484375 0.578125 0.105859375 0.5739583333333333 0.126171875 0.5744791666666667 0.1375 0.5791666666666667 0.143359375 0.5854166666666667 0.147265625 0.5958333333333333 0.137890625 0.6072916666666667 0.125390625 0.6125 0.0875 0.6348958333333333 0.0 0.6890625 
0 0.0 0.5869791666666667 0.0 0.584375 0.0359375 0.5791666666666667 0.040234375 0.5807291666666666 0.0 0.5869791666666667 
1 0.975 0.36614583333333334 0.972265625 0.32135416666666666 0.96953125 0.31875 0.98984375 0.3171875 0.98984375 0.31614583333333335 0.9859375 0.3067708333333333 0.97890625 0.30364583333333334 0.969140625 0.30364583333333334 0.968359375 0.2984375 0.980078125 0.296875 0.98125 0.30104166666666665 0.98671875 0.30104166666666665 0.99921875 0.3 0.999609375 0.29583333333333334 0.999609375 0.3614583333333333 0.975 0.36614583333333334 
1 0.93984375 0.31145833333333334 0.93828125 0.30104166666666665 0.940234375 0.2994791666666667 0.965234375 0.2989583333333333 0.965625 0.30416666666666664 0.944140625 0.3067708333333333 0.93984375 0.31145833333333334 
1 0.93359375 0.3104166666666667 0.923046875 0.30833333333333335 0.915625 0.3098958333333333 0.908984375 0.3078125 0.919921875 0.30364583333333334 0.933203125 0.3020833333333333 0.93359375 0.3104166666666667 
1 0.944921875 0.371875 0.9421875 0.371875 0.939453125 0.3203125 0.966015625 0.3182291666666667 0.965234375 0.3260416666666667 0.967578125 0.3671875 0.944921875 0.371875 
1 0.767578125 0.4036458333333333 0.76484375 0.4036458333333333 0.761328125 0.3489583333333333 0.791015625 0.33697916666666666 0.933984375 0.3203125 0.93671875 0.3734375 0.934765625 0.34010416666666665 0.93203125 0.3375 0.92890625 0.3375 0.925390625 0.340625 0.92578125 0.37552083333333336 0.767578125 0.4036458333333333 
1 0.705078125 0.41041666666666665 0.70078125 0.3619791666666667 0.740234375 0.3578125 0.75703125 0.3515625 0.760546875 0.4046875 0.7140625 0.409375 0.7125 0.3729166666666667 0.71171875 0.3697916666666667 0.7078125 0.3703125 0.70625 0.3734375 0.707421875 0.40989583333333335 0.705078125 0.41041666666666665 
1 0.67421875 0.41354166666666664 0.67265625 0.41354166666666664 0.671875 0.4114583333333333 0.668359375 0.3692708333333333 0.67109375 0.365625 0.69140625 0.36354166666666665 0.696875 0.4109375 0.67421875 0.41354166666666664 
1 0.6484375 0.4161458333333333 0.648046875 0.4083333333333333 0.645703125 0.39895833333333336 0.638671875 0.3932291666666667 0.62421875 0.3890625 0.591796875 0.38697916666666665 0.58046875 0.37916666666666665 0.616015625 0.3723958333333333 0.662109375 0.3671875 0.66328125 0.3723958333333333 0.665625 0.4140625 0.6484375 0.4161458333333333 
1 0.43515625 0.3828125 0.43515625 0.3776041666666667 0.43984375 0.378125 0.43515625 0.3828125 
1 0.36953125 0.39166666666666666 0.36015625 0.39166666666666666 0.361328125 0.390625 0.360546875 0.3859375 0.382421875 0.38229166666666664 0.421875 0.37864583333333335 0.42734375 0.3796875 0.427734375 0.38697916666666665 0.4203125 0.3854166666666667 0.36953125 0.39166666666666666 
1 0.45 0.4015625 0.448828125 0.4015625 0.45 0.38125 0.465234375 0.3807291666666667 0.470703125 0.3880208333333333 0.458984375 0.39791666666666664 0.45 0.4015625 
1 0.36171875 0.41458333333333336 0.352734375 0.4125 0.350390625 0.403125 0.3609375 0.4015625 0.3609375 0.4 0.377734375 0.4 0.378125 0.39791666666666664 0.380078125 0.39739583333333334 0.39375 0.39739583333333334 0.408984375 0.39375 0.426953125 0.39375 0.42578125 0.4046875 0.389453125 0.4088541666666667 0.36171875 0.41458333333333336 
1 0.30390625 0.4354166666666667 0.298046875 0.42864583333333334 0.3 0.421875 0.300390625 0.4114583333333333 0.31875 0.40989583333333335 0.325 0.4078125 0.324609375 0.4125 0.3265625 0.41770833333333335 0.33125 0.4203125 0.33359375 0.4140625 0.333203125 0.4078125 0.337109375 0.40677083333333336 0.339453125 0.409375 0.3390625 0.41510416666666666 0.340625 0.42135416666666664 0.337890625 0.421875 0.33671875 0.4244791666666667 0.326953125 0.42552083333333335 0.324609375 0.42864583333333334 0.321875 0.4276041666666667 0.3140625 0.4322916666666667 0.3109375 0.43072916666666666 0.30390625 0.4354166666666667 
5 0.728515625 0.428125 0.726171875 0.42552083333333335 0.727734375 0.4239583333333333 0.74375 0.42135416666666664 0.778515625 0.4171875 0.783984375 0.4171875 0.783984375 0.4197916666666667 0.78515625 0.4197916666666667 0.78359375 0.42135416666666664 0.728515625 0.428125 
5 0.0 0.7145833333333333 0.0 0.7057291666666666 0.156640625 0.6067708333333334 0.161328125 0.6036458333333333 0.167578125 0.5953125 0.16640625 0.5875 0.1578125 0.5828125 0.13984375 0.5817708333333333 0.133984375 0.5776041666666667 0.15625 0.578125 0.16875 0.5817708333333333 0.17578125 0.5890625 0.1734375 0.596875 0.166015625 0.6067708333333334 0.08203125 0.6588541666666666 0.03046875 0.6927083333333334 0.0 0.7145833333333333 
2 0.351171875 0.40260416666666665 0.348828125 0.3984375 0.350390625 0.39427083333333335 0.35546875 0.39479166666666665 0.359375 0.39166666666666666 0.38515625 0.39010416666666664 0.4203125 0.3854166666666667 0.427734375 0.3875 0.426953125 0.3932291666666667 0.408984375 0.39375 0.39375 0.39739583333333334 0.380078125 0.39739583333333334 0.378125 0.39791666666666664 0.377734375 0.4 0.3609375 0.4 0.3609375 0.4015625 0.351171875 0.40260416666666665 
