0 0.5686666666666667 0.4706666666666667 0.559 0.4706666666666667 0.5373333333333333 0.4631111111111111 0.502 0.45555555555555555 0.5036666666666667 0.4533333333333333 0.5186666666666667 0.45644444444444443 0.56 0.46844444444444444 0.5686666666666667 0.46844444444444444 0.5686666666666667 0.4706666666666667 
0 0.6936666666666667 0.464 0.6903333333333334 0.464 0.69 0.4631111111111111 0.6993333333333334 0.46355555555555555 0.6936666666666667 0.464 
0 0.613 0.4706666666666667 0.613 0.46844444444444444 0.663 0.46444444444444444 0.6686666666666666 0.46444444444444444 0.6693333333333333 0.4657777777777778 0.613 0.4706666666666667 
0 0.39266666666666666 0.47333333333333333 0.39066666666666666 0.47333333333333333 0.39166666666666666 0.47155555555555556 0.4043333333333333 0.4693333333333333 0.4043333333333333 0.4706666666666667 0.39266666666666666 0.47333333333333333 
0 0.32566666666666666 0.48844444444444446 0.3233333333333333 0.48844444444444446 0.323 0.4871111111111111 0.329 0.48355555555555557 0.33766666666666667 0.48355555555555557 0.3476666666666667 0.48 0.37033333333333335 0.4751111111111111 0.373 0.47733333333333333 0.3353333333333333 0.4871111111111111 0.32566666666666666 0.48844444444444446 
0 0.17 0.5035555555555555 0.16333333333333333 0.5035555555555555 0.16566666666666666 0.5017777777777778 0.178 0.5004444444444445 0.182 0.4968888888888889 0.192 0.4951111111111111 0.21366666666666667 0.49466666666666664 0.21333333333333335 0.5004444444444445 0.21266666666666667 0.5008888888888889 0.17 0.5035555555555555 
0 0.091 0.5048888888888889 0.089 0.5048888888888889 0.08933333333333333 0.5013333333333333 0.09766666666666667 0.4991111111111111 0.09766666666666667 0.5022222222222222 0.091 0.5048888888888889 
0 0.8213333333333334 0.6546666666666666 0.8076666666666666 0.6502222222222223 0.6466666666666666 0.5506666666666666 0.6326666666666667 0.5342222222222223 0.6326666666666667 0.5257777777777778 0.64 0.5146666666666667 0.6443333333333333 0.5124444444444445 0.6456666666666667 0.5102222222222222 0.6443333333333333 0.5222222222222223 0.6463333333333333 0.5271111111111111 0.649 0.5288888888888889 0.6686666666666666 0.5408888888888889 0.7133333333333334 0.5604444444444444 0.7136666666666667 0.5653333333333334 0.721 0.564 0.766 0.5924444444444444 0.7653333333333333 0.5977777777777777 0.768 0.5991111111111111 0.7786666666666666 0.5991111111111111 0.8263333333333334 0.624 0.8226666666666667 0.6328888888888888 0.8213333333333334 0.6435555555555555 0.824 0.6528888888888889 0.8213333333333334 0.6546666666666666 
0 0.0 0.5826666666666667 0.0 0.572 0.026 0.5675555555555556 0.052333333333333336 0.5608888888888889 0.054 0.5555555555555556 0.07133333333333333 0.5453333333333333 0.07766666666666666 0.5453333333333333 0.08066666666666666 0.552 0.08133333333333333 0.556 0.064 0.5675555555555556 0.025 0.5777777777777777 0.0 0.5826666666666667 
0 0.9996666666666667 0.7702222222222223 0.9423333333333334 0.7337777777777778 0.8483333333333334 0.6715555555555556 0.8593333333333333 0.6555555555555556 0.8693333333333333 0.6457777777777778 0.8816666666666667 0.6493333333333333 0.9483333333333334 0.6795555555555556 0.957 0.696 0.9723333333333334 0.6911111111111111 0.9853333333333333 0.6977777777777778 0.9896666666666667 0.696 0.9936666666666667 0.7 0.9963333333333333 0.7048888888888889 0.9996666666666667 0.7066666666666667 0.9996666666666667 0.7702222222222223 
5 0.594 0.47155555555555556 0.569 0.4706666666666667 0.5686666666666667 0.4688888888888889 0.6126666666666667 0.4688888888888889 0.6126666666666667 0.4706666666666667 0.594 0.47155555555555556 
5 0.614 0.4706666666666667 0.613 0.4706666666666667 0.614 0.4706666666666667 
