0 0.7689950980392157 0.45669934640522875 0.7680759803921569 0.45669934640522875 0.7689950980392157 0.4550653594771242 0.7818627450980392 0.45465686274509803 0.7818627450980392 0.4554738562091503 0.7689950980392157 0.45669934640522875 
0 0.7405024509803921 0.4591503267973856 0.7377450980392157 0.4591503267973856 0.7374387254901961 0.4583333333333333 0.7610294117647058 0.4562908496732026 0.7594975490196079 0.45751633986928103 0.7405024509803921 0.4591503267973856 
0 0.7175245098039216 0.46119281045751637 0.7141544117647058 0.46119281045751637 0.7138480392156863 0.460375816993464 0.7251838235294118 0.45955882352941174 0.7251838235294118 0.460375816993464 0.7175245098039216 0.46119281045751637 
0 0.6372549019607843 0.46078431372549017 0.6363357843137255 0.46078431372549017 0.6372549019607843 0.46078431372549017 
0 0.7086397058823529 0.46200980392156865 0.7071078431372549 0.46200980392156865 0.7064950980392157 0.46078431372549017 0.7110906862745098 0.460375816993464 0.7113970588235294 0.4616013071895425 0.7086397058823529 0.46200980392156865 
0 0.6381740196078431 0.46119281045751637 0.6372549019607843 0.46119281045751637 0.6381740196078431 0.46119281045751637 
0 0.6418504901960784 0.46282679738562094 0.6381740196078431 0.4616013071895425 0.6418504901960784 0.46282679738562094 
0 0.6596200980392157 0.4644607843137255 0.6522671568627451 0.4644607843137255 0.6700367647058824 0.4624183006535948 0.6911764705882353 0.4624183006535948 0.6905637254901961 0.4636437908496732 0.6596200980392157 0.4644607843137255 
0 0.6427696078431373 0.4632352941176471 0.6418504901960784 0.4632352941176471 0.6427696078431373 0.4632352941176471 
0 0.649203431372549 0.46405228758169936 0.6427696078431373 0.4636437908496732 0.649203431372549 0.46405228758169936 
0 0.49724264705882354 0.47344771241830064 0.4957107843137255 0.47344771241830064 0.4954044117647059 0.4722222222222222 0.5098039215686274 0.46895424836601307 0.5122549019607843 0.4701797385620915 0.49724264705882354 0.47344771241830064 
0 0.0 0.5816993464052288 0.0 0.5784313725490197 0.001838235294117647 0.5776143790849673 0.2702205882352941 0.5249183006535948 0.28125 0.5212418300653595 0.32659313725490197 0.511437908496732 0.46047794117647056 0.47875816993464054 0.49325980392156865 0.47263071895424835 0.49325980392156865 0.4742647058823529 0.49172794117647056 0.47467320261437906 0.2815563725490196 0.5241013071895425 0.0 0.5816993464052288 
0 0.6835171568627451 0.4783496732026144 0.6822916666666666 0.47794117647058826 0.6822916666666666 0.4742647058823529 0.6865808823529411 0.4722222222222222 0.6887254901960784 0.4742647058823529 0.6838235294117647 0.4742647058823529 0.6835171568627451 0.4783496732026144 
0 0.6936274509803921 0.47794117647058826 0.6914828431372549 0.477124183006536 0.6908700980392157 0.4758986928104575 0.6936274509803921 0.47794117647058826 
0 0.7046568627450981 0.4820261437908497 0.6942401960784313 0.47875816993464054 0.7046568627450981 0.4820261437908497 
0 0.4699754901960784 0.49959150326797386 0.4577205882352941 0.49959150326797386 0.4568014705882353 0.4987745098039216 0.45955882352941174 0.49468954248366015 0.4641544117647059 0.49264705882352944 0.46875 0.49264705882352944 0.4650735294117647 0.49468954248366015 0.48161764705882354 0.49468954248366015 0.5281862745098039 0.49060457516339867 0.5392156862745098 0.4832516339869281 0.5416666666666666 0.4803921568627451 0.5441176470588235 0.4803921568627451 0.5459558823529411 0.4832516339869281 0.5318627450980392 0.49468954248366015 0.4699754901960784 0.49959150326797386 
0 0.9996936274509803 0.6176470588235294 0.758578431372549 0.5134803921568627 0.741421568627451 0.5049019607843137 0.7515318627450981 0.5008169934640523 0.7466299019607843 0.49754901960784315 0.7478553921568627 0.497140522875817 0.8615196078431373 0.5383986928104575 0.9996936274509803 0.5906862745098039 0.9996936274509803 0.6176470588235294 
1 0.9586397058823529 0.43913398692810457 0.9466911764705882 0.43913398692810457 0.9390318627450981 0.3525326797385621 0.9390318627450981 0.3366013071895425 0.9359681372549019 0.31209150326797386 0.9638480392156863 0.3006535947712418 0.9996936274509803 0.2920751633986928 0.9996936274509803 0.43790849673202614 0.9586397058823529 0.43913398692810457 
1 0.8774509803921569 0.44076797385620914 0.8575367647058824 0.44076797385620914 0.8535539215686274 0.36437908496732024 0.8532475490196079 0.3611111111111111 0.852328431372549 0.3611111111111111 0.8520220588235294 0.35294117647058826 0.8967524509803921 0.3276143790849673 0.90625 0.32393790849673204 0.9056372549019608 0.33455882352941174 0.9068627450980392 0.34395424836601307 0.9099264705882353 0.3472222222222222 0.9102328431372549 0.3492647058823529 0.9120710784313726 0.37336601307189543 0.9114583333333334 0.3860294117647059 0.9123774509803921 0.3888888888888889 0.9120710784313726 0.3974673202614379 0.9068627450980392 0.3991013071895425 0.9129901960784313 0.40155228758169936 0.9151348039215687 0.41094771241830064 0.9145220588235294 0.4264705882352941 0.913296568627451 0.4334150326797386 0.9136029411764706 0.43995098039215685 0.8774509803921569 0.44076797385620914 
1 0.7696078431372549 0.43913398692810457 0.7671568627450981 0.43913398692810457 0.7659313725490197 0.41013071895424835 0.7800245098039216 0.4084967320261438 0.78125 0.4383169934640523 0.7696078431372549 0.43913398692810457 
1 0.7368259803921569 0.4415849673202614 0.7356004901960784 0.44076797385620914 0.7346813725490197 0.42892156862745096 0.7319240196078431 0.41299019607843135 0.7591911764705882 0.41013071895424835 0.7604166666666666 0.43913398692810457 0.7475490196078431 0.4395424836601307 0.7368259803921569 0.4415849673202614 
1 0.7147671568627451 0.4440359477124183 0.7129289215686274 0.4440359477124183 0.711703431372549 0.41544117647058826 0.7132352941176471 0.41421568627450983 0.7230392156862745 0.41380718954248363 0.7245710784313726 0.443218954248366 0.7147671568627451 0.4440359477124183 
1 0.7055759803921569 0.4444444444444444 0.7037377450980392 0.44362745098039214 0.7015931372549019 0.41911764705882354 0.7089460784313726 0.41625816993464054 0.710171568627451 0.4440359477124183 0.7055759803921569 0.4444444444444444 
1 0.6868872549019608 0.44607843137254904 0.6712622549019608 0.44607843137254904 0.6703431372549019 0.4366830065359477 0.6685049019607843 0.4293300653594771 0.671875 0.42401960784313725 0.6822916666666666 0.42320261437908496 0.6899509803921569 0.42034313725490197 0.6905637254901961 0.4452614379084967 0.6868872549019608 0.44607843137254904 
1 0.6608455882352942 0.44281045751633985 0.6611519607843137 0.431781045751634 0.663296568627451 0.4272875816993464 0.664828431372549 0.42892156862745096 0.6642156862745098 0.4366830065359477 0.6623774509803921 0.4375 0.6608455882352942 0.44281045751633985 
1 0.6488970588235294 0.44607843137254904 0.6458333333333334 0.44607843137254904 0.6458333333333334 0.4305555555555556 0.6467524509803921 0.4325980392156863 0.6488970588235294 0.44607843137254904 
1 0.6418504901960784 0.44607843137254904 0.6409313725490197 0.44607843137254904 0.640625 0.4338235294117647 0.6412377450980392 0.43504901960784315 0.6418504901960784 0.44607843137254904 
1 0.6446078431372549 0.44607843137254904 0.6433823529411765 0.44607843137254904 0.6439950980392157 0.4338235294117647 0.6446078431372549 0.44607843137254904 
1 0.5465686274509803 0.4562908496732026 0.5413602941176471 0.4562908496732026 0.5407475490196079 0.45098039215686275 0.5726102941176471 0.4493464052287582 0.5732230392156863 0.4542483660130719 0.5465686274509803 0.4562908496732026 
1 0.5358455882352942 0.4571078431372549 0.5358455882352942 0.4550653594771242 0.5364583333333334 0.45669934640522875 0.5358455882352942 0.4571078431372549 
1 0.5401348039215687 0.45669934640522875 0.5392156862745098 0.45669934640522875 0.5395220588235294 0.4550653594771242 0.5401348039215687 0.4554738562091503 0.5401348039215687 0.45669934640522875 
5 0.7423406862745098 0.5049019607843137 0.7288602941176471 0.497140522875817 0.7068014705882353 0.4897875816993464 0.6838235294117647 0.47875816993464054 0.6835171568627451 0.47467320261437906 0.6902573529411765 0.4738562091503268 0.6914828431372549 0.477124183006536 0.7037377450980392 0.4820261437908497 0.7028186274509803 0.48570261437908496 0.7049632352941176 0.4877450980392157 0.7092524509803921 0.48733660130718953 0.7138480392156863 0.4848856209150327 0.7178308823529411 0.4848856209150327 0.7227328431372549 0.4877450980392157 0.7251838235294118 0.4877450980392157 0.7264093137254902 0.4897875816993464 0.734375 0.49142156862745096 0.7349877450980392 0.49264705882352944 0.7395833333333334 0.49264705882352944 0.7515318627450981 0.5008169934640523 0.7423406862745098 0.5049019607843137 
2 0.9166666666666666 0.4730392156862745 0.9019607843137255 0.4714052287581699 0.8933823529411765 0.4722222222222222 0.8563112745098039 0.4665032679738562 0.8174019607843137 0.4665032679738562 0.788296568627451 0.46200980392156865 0.7837009803921569 0.38480392156862747 0.8134191176470589 0.37459150326797386 0.8287377450980392 0.3709150326797386 0.8290441176470589 0.369281045751634 0.8318014705882353 0.3680555555555556 0.8532475490196079 0.36070261437908496 0.8575367647058824 0.44076797385620914 0.9136029411764706 0.43995098039215685 0.9136029411764706 0.4444444444444444 0.9154411764705882 0.4477124183006536 0.9142156862745098 0.45465686274509803 0.9172794117647058 0.46078431372549017 0.9166666666666666 0.4730392156862745 
2 0.9996936274509803 0.48161764705882354 0.9515931372549019 0.47671568627450983 0.9485294117647058 0.46078431372549017 0.9466911764705882 0.4395424836601307 0.9996936274509803 0.43790849673202614 0.9996936274509803 0.48161764705882354 
2 0.7732843137254902 0.45383986928104575 0.7680759803921569 0.45383986928104575 0.7671568627450981 0.4395424836601307 0.78125 0.4383169934640523 0.7818627450980392 0.45302287581699346 0.7732843137254902 0.45383986928104575 
2 0.7432598039215687 0.45588235294117646 0.7371323529411765 0.45588235294117646 0.7362132352941176 0.4415849673202614 0.7475490196078431 0.4395424836601307 0.7604166666666666 0.4395424836601307 0.7610294117647058 0.45465686274509803 0.7432598039215687 0.45588235294117646 
2 0.5104166666666666 0.45955882352941174 0.5058210784313726 0.4579248366013072 0.5052083333333334 0.44076797385620914 0.5067401960784313 0.4411764705882353 0.5101102941176471 0.44730392156862747 0.5128676470588235 0.4485294117647059 0.5128676470588235 0.45016339869281047 0.5101102941176471 0.4505718954248366 0.5104166666666666 0.45955882352941174 
2 0.71875 0.4571078431372549 0.7138480392156863 0.4571078431372549 0.7132352941176471 0.4444444444444444 0.7245710784313726 0.443218954248366 0.7251838235294118 0.45669934640522875 0.71875 0.4571078431372549 
2 0.47640931372549017 0.46405228758169936 0.47518382352941174 0.46405228758169936 0.4742647058823529 0.45016339869281047 0.47457107843137253 0.44485294117647056 0.47702205882352944 0.4440359477124183 0.47855392156862747 0.4542483660130719 0.48192401960784315 0.45465686274509803 0.48192401960784315 0.46078431372549017 0.4831495098039216 0.46119281045751637 0.47640931372549017 0.46405228758169936 
2 0.7083333333333334 0.45751633986928103 0.7055759803921569 0.4571078431372549 0.7043504901960784 0.4444444444444444 0.7104779411764706 0.4444444444444444 0.7110906862745098 0.4571078431372549 0.7083333333333334 0.45751633986928103 
2 0.6908700980392157 0.4562908496732026 0.6666666666666666 0.45383986928104575 0.6660539215686274 0.4464869281045752 0.6706495098039216 0.4485294117647059 0.6715686274509803 0.44607843137254904 0.6905637254901961 0.4452614379084967 0.6908700980392157 0.4562908496732026 
2 0.44332107843137253 0.4714052287581699 0.4430147058823529 0.44689542483660133 0.44699754901960786 0.44607843137254904 0.45036764705882354 0.4493464052287582 0.4518995098039216 0.4550653594771242 0.4522058823529412 0.46977124183006536 0.44332107843137253 0.4714052287581699 
2 0.6418504901960784 0.45098039215686275 0.6412377450980392 0.44607843137254904 0.6418504901960784 0.4464869281045752 0.6418504901960784 0.45098039215686275 
2 0.6446078431372549 0.4513888888888889 0.6433823529411765 0.4505718954248366 0.6436887254901961 0.44607843137254904 0.6446078431372549 0.4464869281045752 0.6446078431372549 0.4513888888888889 
2 0.6495098039215687 0.45179738562091504 0.6458333333333334 0.4513888888888889 0.6461397058823529 0.44607843137254904 0.649203431372549 0.44689542483660133 0.6495098039215687 0.45179738562091504 
2 0.6605392156862745 0.45302287581699346 0.6583946078431373 0.45302287581699346 0.6583946078431373 0.44607843137254904 0.6599264705882353 0.44607843137254904 0.6611519607843137 0.44893790849673204 0.6605392156862745 0.45302287581699346 
2 0.46170343137254904 0.4681372549019608 0.45925245098039214 0.46772875816993464 0.4580269607843137 0.45383986928104575 0.4583333333333333 0.4522058823529412 0.46109068627450983 0.45016339869281047 0.46231617647058826 0.45179738562091504 0.46292892156862747 0.4652777777777778 0.46292892156862747 0.46772875816993464 0.46170343137254904 0.4681372549019608 
2 0.2763480392156863 0.4963235294117647 0.27328431372549017 0.47630718954248363 0.27205882352941174 0.4562908496732026 0.27389705882352944 0.4562908496732026 0.2769607843137255 0.4534313725490196 0.27818627450980393 0.4730392156862745 0.3125 0.46854575163398693 0.3128063725490196 0.45588235294117646 0.31096813725490197 0.45465686274509803 0.3167892156862745 0.45302287581699346 0.32046568627450983 0.4824346405228758 0.32015931372549017 0.49060457516339867 0.2919730392156863 0.4930555555555556 0.2763480392156863 0.4963235294117647 
2 0.5042892156862745 0.4591503267973856 0.49693627450980393 0.4591503267973856 0.4963235294117647 0.4562908496732026 0.49754901960784315 0.45383986928104575 0.5033700980392157 0.45302287581699346 0.5042892156862745 0.4591503267973856 
2 0.4571078431372549 0.46895424836601307 0.45526960784313725 0.4681372549019608 0.4543504901960784 0.45383986928104575 0.4564950980392157 0.4542483660130719 0.4571078431372549 0.46895424836601307 
2 0.4877450980392157 0.46078431372549017 0.48682598039215685 0.45465686274509803 0.49234068627450983 0.4542483660130719 0.49264705882352944 0.4599673202614379 0.4877450980392157 0.46078431372549017 
2 0.46875 0.46691176470588236 0.46599264705882354 0.46691176470588236 0.4647671568627451 0.45874183006535946 0.46691176470588236 0.4599673202614379 0.47089460784313725 0.4571078431372549 0.47120098039215685 0.46568627450980393 0.46875 0.46691176470588236 
2 0.21017156862745098 0.494281045751634 0.20925245098039216 0.4934640522875817 0.20894607843137256 0.4803921568627451 0.24111519607843138 0.47671568627450983 0.24111519607843138 0.46200980392156865 0.23897058823529413 0.4591503267973856 0.2552083333333333 0.45874183006535946 0.2542892156862745 0.4616013071895425 0.2555147058823529 0.47263071895424835 0.25612745098039214 0.4742647058823529 0.25919117647058826 0.4750816993464052 0.25919117647058826 0.4795751633986928 0.2610294117647059 0.4832516339869281 0.2604166666666667 0.4889705882352941 0.21017156862745098 0.494281045751634 
2 0.42003676470588236 0.47549019607843135 0.4169730392156863 0.47549019607843135 0.41574754901960786 0.4665032679738562 0.4163602941176471 0.4591503267973856 0.4252450980392157 0.4583333333333333 0.4255514705882353 0.47467320261437906 0.42003676470588236 0.47549019607843135 
2 0.4013480392156863 0.4783496732026144 0.3955269607843137 0.4783496732026144 0.3939950980392157 0.47058823529411764 0.40042892156862747 0.46486928104575165 0.39981617647058826 0.46078431372549017 0.40778186274509803 0.4591503267973856 0.40778186274509803 0.4701797385620915 0.4068627450980392 0.477124183006536 0.4013480392156863 0.4783496732026144 
2 0.18198529411764705 0.497140522875817 0.1792279411764706 0.497140522875817 0.17861519607843138 0.4832516339869281 0.19025735294117646 0.48284313725490197 0.18964460784313725 0.46200980392156865 0.19393382352941177 0.4599673202614379 0.20496323529411764 0.45955882352941174 0.20404411764705882 0.46200980392156865 0.20435049019607843 0.4812091503267974 0.20649509803921567 0.4812091503267974 0.20710784313725492 0.494281045751634 0.18198529411764705 0.497140522875817 
2 0.41207107843137253 0.47671568627450983 0.4105392156862745 0.4758986928104575 0.4105392156862745 0.45955882352941174 0.41299019607843135 0.4599673202614379 0.41268382352941174 0.47630718954248363 0.41207107843137253 0.47671568627450983 
2 0.43075980392156865 0.4738562091503268 0.42922794117647056 0.4738562091503268 0.42861519607843135 0.47263071895424835 0.42800245098039214 0.46119281045751637 0.43995098039215685 0.460375816993464 0.43903186274509803 0.4722222222222222 0.43075980392156865 0.4738562091503268 
2 0.34957107843137253 0.4852941176470588 0.34650735294117646 0.48161764705882354 0.34129901960784315 0.4803921568627451 0.3388480392156863 0.4803921568627451 0.3330269607843137 0.4840686274509804 0.3321078431372549 0.46691176470588236 0.3397671568627451 0.4665032679738562 0.3443627450980392 0.4742647058823529 0.3477328431372549 0.4758986928104575 0.3547794117647059 0.4681372549019608 0.359375 0.48366013071895425 0.34957107843137253 0.4852941176470588 
2 0.32567401960784315 0.4897875816993464 0.32230392156862747 0.4681372549019608 0.33026960784313725 0.46691176470588236 0.33088235294117646 0.4861111111111111 0.328125 0.48937908496732024 0.32567401960784315 0.4897875816993464 
