0 0.38848039215686275 0.6102941176470589 0.38449754901960786 0.6102941176470589 0.3893995098039216 0.6049836601307189 0.3762254901960784 0.6049836601307189 0.4053308823529412 0.5849673202614379 0.4050245098039216 0.5882352941176471 0.4019607843137255 0.5910947712418301 0.38419117647058826 0.6037581699346405 0.3943014705882353 0.6041666666666666 0.38848039215686275 0.6102941176470589 
0 0.3560049019607843 0.625 0.3553921568627451 0.6217320261437909 0.36672794117647056 0.6119281045751634 0.37254901960784315 0.6123366013071896 0.3560049019607843 0.625 
0 0.33700980392156865 0.6421568627450981 0.33486519607843135 0.6405228758169934 0.3425245098039216 0.6315359477124183 0.35140931372549017 0.6258169934640523 0.35171568627450983 0.6282679738562091 0.33700980392156865 0.6421568627450981 
0 0.31556372549019607 0.6617647058823529 0.32506127450980393 0.6540032679738562 0.31556372549019607 0.6617647058823529 
0 0.2858455882352941 0.6821895424836601 0.2849264705882353 0.6805555555555556 0.2852328431372549 0.6740196078431373 0.29411764705882354 0.6719771241830066 0.29534313725490197 0.6756535947712419 0.2858455882352941 0.6821895424836601 
0 0.2613357843137255 0.7083333333333334 0.25612745098039214 0.6985294117647058 0.25949754901960786 0.6907679738562091 0.26838235294117646 0.6821895424836601 0.27879901960784315 0.676062091503268 0.27910539215686275 0.6866830065359477 0.2650122549019608 0.6964869281045751 0.2647058823529412 0.7066993464052288 0.2613357843137255 0.7083333333333334 
0 0.5379901960784313 0.7267156862745098 0.5343137254901961 0.7258986928104575 0.5355392156862745 0.7181372549019608 0.5649509803921569 0.7058823529411765 0.6357230392156863 0.6981209150326797 0.7769607843137255 0.6919934640522876 0.7815563725490197 0.6952614379084967 0.8146446078431373 0.7071078431372549 0.7144607843137255 0.7156862745098039 0.5379901960784313 0.7267156862745098 
1 0.35049019607843135 0.5343137254901961 0.3483455882352941 0.5343137254901961 0.3477328431372549 0.5236928104575164 0.3602941176470588 0.5236928104575164 0.35631127450980393 0.5339052287581699 0.35049019607843135 0.5343137254901961 
1 0.3431372549019608 0.5355392156862745 0.34375 0.5298202614379085 0.3425245098039216 0.5245098039215687 0.34375 0.5241013071895425 0.3443627450980392 0.5347222222222222 0.3431372549019608 0.5355392156862745 
1 0.28125 0.545751633986928 0.2803308823529412 0.545751633986928 0.2800245098039216 0.5277777777777778 0.28707107843137253 0.5269607843137255 0.28829656862745096 0.5298202614379085 0.29044117647058826 0.5298202614379085 0.30484068627450983 0.5269607843137255 0.3385416666666667 0.5249183006535948 0.3385416666666667 0.5343137254901961 0.3244485294117647 0.5343137254901961 0.3244485294117647 0.5392156862745098 0.2919730392156863 0.5424836601307189 0.28125 0.545751633986928 
1 0.24908088235294118 0.5494281045751634 0.24693627450980393 0.5494281045751634 0.24601715686274508 0.545751633986928 0.24571078431372548 0.5433006535947712 0.24724264705882354 0.5379901960784313 0.24479166666666666 0.5310457516339869 0.27389705882352944 0.5285947712418301 0.27450980392156865 0.5473856209150327 0.27175245098039214 0.5490196078431373 0.2705269607843137 0.545751633986928 0.24908088235294118 0.5494281045751634 
1 0.19730392156862744 0.5412581699346405 0.18596813725490197 0.5392156862745098 0.16207107843137256 0.5400326797385621 0.16053921568627452 0.5351307189542484 0.19975490196078433 0.5347222222222222 0.19975490196078433 0.5383986928104575 0.19730392156862744 0.5412581699346405 
1 0.2113970588235294 0.5535130718954249 0.20986519607843138 0.5518790849673203 0.20986519607843138 0.5428921568627451 0.20710784313725492 0.5367647058823529 0.20741421568627452 0.5347222222222222 0.21292892156862744 0.5351307189542484 0.2113970588235294 0.5535130718954249 
1 0.2423406862745098 0.5506535947712419 0.2417279411764706 0.5465686274509803 0.24479166666666666 0.5437091503267973 0.24601715686274508 0.5498366013071896 0.2423406862745098 0.5506535947712419 
5 0.38296568627450983 0.6119281045751634 0.36734068627450983 0.6119281045751634 0.37653186274509803 0.6049836601307189 0.3893995098039216 0.6053921568627451 0.38296568627450983 0.6119281045751634 
5 0.2965686274509804 0.6764705882352942 0.29381127450980393 0.6715686274509803 0.30667892156862747 0.6605392156862745 0.33425245098039214 0.6397058823529411 0.33762254901960786 0.6433823529411765 0.2965686274509804 0.6764705882352942 
5 0.36243872549019607 0.7312091503267973 0.31066176470588236 0.7283496732026143 0.28370098039215685 0.7250816993464052 0.26348039215686275 0.7173202614379085 0.25612745098039214 0.7107843137254902 0.2659313725490196 0.7058823529411765 0.2757352941176471 0.7156862745098039 0.3180147058823529 0.7230392156862745 0.38419117647058826 0.7234477124183006 0.38327205882352944 0.7308006535947712 0.36243872549019607 0.7312091503267973 
5 0.5284926470588235 0.7271241830065359 0.5263480392156863 0.7271241830065359 0.5260416666666666 0.7250816993464052 0.5327818627450981 0.7189542483660131 0.5355392156862745 0.7189542483660131 0.5343137254901961 0.7267156862745098 0.5284926470588235 0.7271241830065359 
2 0.6783088235294118 0.6662581699346405 0.6737132352941176 0.6662581699346405 0.6657475490196079 0.43218954248366015 0.7190563725490197 0.4285130718954248 0.7190563725490197 0.4207516339869281 0.7153799019607843 0.42034313725490197 0.7264093137254902 0.41217320261437906 0.7356004901960784 0.41911764705882354 0.7334558823529411 0.42034313725490197 0.7337622549019608 0.4264705882352941 0.7420343137254902 0.4264705882352941 0.8789828431372549 0.41748366013071897 0.8789828431372549 0.4125816993464052 0.8768382352941176 0.41094771241830064 0.8863357843137255 0.4027777777777778 0.8958333333333334 0.40808823529411764 0.8961397058823529 0.4187091503267974 0.9996936274509803 0.41094771241830064 0.9993872549019608 0.4897875816993464 0.8581495098039216 0.49550653594771243 0.8262867647058824 0.5016339869281046 0.8146446078431373 0.4861111111111111 0.8131127450980392 0.4881535947712418 0.8226102941176471 0.5020424836601307 0.8121936274509803 0.5049019607843137 0.8048406862745098 0.511437908496732 0.7852328431372549 0.5175653594771242 0.7843137254901961 0.5253267973856209 0.757046568627451 0.5698529411764706 0.7542892156862745 0.5788398692810458 0.7555147058823529 0.627859477124183 0.7506127450980392 0.6372549019607843 0.7506127450980392 0.6576797385620915 0.7521446078431373 0.6613562091503268 0.6783088235294118 0.6662581699346405 
2 0.5637254901960784 0.6797385620915033 0.5186887254901961 0.5604575163398693 0.5174632352941176 0.5412581699346405 0.5211397058823529 0.5408496732026143 0.5186887254901961 0.48651960784313725 0.5579044117647058 0.4375 0.5600490196078431 0.43913398692810457 0.5600490196078431 0.4285130718954248 0.5674019607843137 0.4215686274509804 0.5756740196078431 0.43137254901960786 0.5732230392156863 0.431781045751634 0.5735294117647058 0.4375 0.6479779411764706 0.4334150326797386 0.6495098039215687 0.47875816993464054 0.6583946078431373 0.47671568627450983 0.6596200980392157 0.47794117647058826 0.6654411764705882 0.6666666666666666 0.6372549019607843 0.6683006535947712 0.5637254901960784 0.6797385620915033 
