0 0.3717447916666667 0.5234375 0.3704427083333333 0.5228587962962963 0.3719618055555556 0.5225694444444444 0.3717447916666667 0.5234375 
0 0.3904079861111111 0.5251736111111112 0.376953125 0.5243055555555556 0.3763020833333333 0.5231481481481481 0.3904079861111111 0.5234375 0.3904079861111111 0.5251736111111112 
0 0.4162326388888889 0.5286458333333334 0.3971354166666667 0.5257523148148148 0.396484375 0.5240162037037037 0.4166666666666667 0.5271990740740741 0.4162326388888889 0.5286458333333334 
0 0.4767795138888889 0.5355902777777778 0.4509548611111111 0.5324074074074074 0.4500868055555556 0.5303819444444444 0.4461805555555556 0.5309606481481481 0.4446614583333333 0.5292245370370371 0.4305555555555556 0.5292245370370371 0.4301215277777778 0.5274884259259259 0.4468315972222222 0.5271990740740741 0.4461805555555556 0.5289351851851852 0.4470486111111111 0.5292245370370371 0.4509548611111111 0.5289351851851852 0.4782986111111111 0.5341435185185185 0.4767795138888889 0.5355902777777778 
0 0.9997829861111112 0.6765046296296297 0.8344184027777778 0.6325231481481481 0.6037326388888888 0.5677083333333334 0.5423177083333334 0.5520833333333334 0.5418836805555556 0.5454282407407407 0.6720920138888888 0.5752314814814815 0.7526041666666666 0.5960648148148148 0.8795572916666666 0.6261574074074074 0.9997829861111112 0.6527777777777778 0.9997829861111112 0.6765046296296297 
1 0.9513888888888888 0.5364583333333334 0.9370659722222222 0.5355902777777778 0.9361979166666666 0.5350115740740741 0.9370659722222222 0.5326967592592593 0.9370659722222222 0.5254629629629629 0.9396701388888888 0.5124421296296297 0.9555121527777778 0.5057870370370371 0.9637586805555556 0.5057870370370371 0.9720052083333334 0.5072337962962963 0.9733072916666666 0.5159143518518519 0.9787326388888888 0.5361689814814815 0.9659288194444444 0.5306712962962963 0.9533420138888888 0.5338541666666666 0.9513888888888888 0.5364583333333334 
1 0.9071180555555556 0.5219907407407407 0.9055989583333334 0.5219907407407407 0.8943142361111112 0.5138888888888888 0.8791232638888888 0.5138888888888888 0.8604600694444444 0.5107060185185185 0.87109375 0.5089699074074074 0.9168836805555556 0.5095486111111112 0.9192708333333334 0.5170717592592593 0.9192708333333334 0.5208333333333334 0.9071180555555556 0.5219907407407407 
1 0.83203125 0.5298032407407407 0.8302951388888888 0.5243055555555556 0.8305121527777778 0.5185185185185185 0.8413628472222222 0.5107060185185185 0.84765625 0.515625 0.8413628472222222 0.5240162037037037 0.84375 0.5266203703703703 0.8391927083333334 0.5254629629629629 0.83203125 0.5298032407407407 
1 0.9997829861111112 0.5405092592592593 0.9976128472222222 0.5402199074074074 0.9997829861111112 0.5121527777777778 0.9997829861111112 0.5405092592592593 
1 0.8506944444444444 0.5381944444444444 0.8342013888888888 0.5376157407407407 0.8333333333333334 0.5361689814814815 0.8506944444444444 0.5381944444444444 
