0 0.16881127450980393 0.6625816993464052 0.16299019607843138 0.6617647058823529 0.1636029411764706 0.6605392156862745 0.16881127450980393 0.6605392156862745 0.16881127450980393 0.6625816993464052 
0 0.1721813725490196 0.6629901960784313 0.171875 0.6609477124183006 0.1724877450980392 0.6613562091503268 0.1721813725490196 0.6629901960784313 
0 0.18290441176470587 0.6638071895424836 0.17861519607843138 0.6633986928104575 0.17830882352941177 0.6625816993464052 0.17892156862745098 0.6613562091503268 0.18321078431372548 0.6613562091503268 0.18290441176470587 0.6638071895424836 
0 0.27328431372549017 0.6695261437908496 0.2552083333333333 0.6687091503267973 0.2536764705882353 0.6674836601307189 0.2542892156862745 0.6654411764705882 0.27297794117647056 0.6662581699346405 0.27389705882352944 0.6670751633986928 0.27328431372549017 0.6695261437908496 
0 0.4209558823529412 0.6781045751633987 0.40900735294117646 0.6776960784313726 0.40900735294117646 0.6736111111111112 0.4178921568627451 0.6740196078431373 0.4209558823529412 0.6781045751633987 
0 0.4653799019607843 0.6830065359477124 0.4408700980392157 0.6805555555555556 0.44669117647058826 0.6748366013071896 0.46078431372549017 0.676062091503268 0.46599264705882354 0.6781045751633987 0.4653799019607843 0.6830065359477124 
0 0.49724264705882354 0.6866830065359477 0.48713235294117646 0.6854575163398693 0.49142156862745096 0.6830065359477124 0.49417892156862747 0.6838235294117647 0.49724264705882354 0.6866830065359477 
0 0.47763480392156865 0.684640522875817 0.47089460784313725 0.6838235294117647 0.47610294117647056 0.6834150326797386 0.47763480392156865 0.684640522875817 
0 0.5922181372549019 0.7005718954248366 0.5373774509803921 0.6911764705882353 0.5015318627450981 0.6870915032679739 0.5039828431372549 0.6858660130718954 0.5119485294117647 0.6866830065359477 0.5171568627450981 0.6854575163398693 0.5315563725490197 0.6854575163398693 0.5542279411764706 0.6879084967320261 0.5824142156862745 0.6924019607843137 0.5854779411764706 0.6936274509803921 0.5922181372549019 0.7005718954248366 
0 0.8128063725490197 0.7250816993464052 0.6927083333333334 0.7189542483660131 0.6158088235294118 0.7091503267973857 0.6277573529411765 0.7091503267973857 0.6295955882352942 0.7062908496732027 0.6360294117647058 0.7062908496732027 0.6375612745098039 0.7050653594771242 0.6620710784313726 0.7050653594771242 0.6829044117647058 0.7095588235294118 0.7113970588235294 0.7124183006535948 0.7261029411764706 0.7116013071895425 0.7625612745098039 0.7144607843137255 0.8008578431372549 0.7136437908496732 0.805453431372549 0.7160947712418301 0.8103553921568627 0.7169117647058824 0.8164828431372549 0.7169117647058824 0.8229166666666666 0.7140522875816994 0.8287377450980392 0.7132352941176471 0.8397671568627451 0.7132352941176471 0.8458946078431373 0.7152777777777778 0.8532475490196079 0.7148692810457516 0.8670343137254902 0.7197712418300654 0.8670343137254902 0.7214052287581699 0.8128063725490197 0.7250816993464052 
0 0.0 0.9183006535947712 0.0 0.8713235294117647 0.13449754901960784 0.8063725490196079 0.23988970588235295 0.7536764705882353 0.2769607843137255 0.7324346405228758 0.27910539215686275 0.7324346405228758 0.2800245098039216 0.7361111111111112 0.27941176470588236 0.7410130718954249 0.2757352941176471 0.7446895424836601 0.27420343137254904 0.7487745098039216 0.27512254901960786 0.7520424836601307 0.27450980392156865 0.7536764705882353 0.0 0.9183006535947712 
1 0.23253676470588236 0.6470588235294118 0.22303921568627452 0.6470588235294118 0.22273284313725492 0.6441993464052288 0.21966911764705882 0.6437908496732027 0.21966911764705882 0.6405228758169934 0.21384803921568626 0.6401143790849673 0.2025122549019608 0.6401143790849673 0.20189950980392157 0.6462418300653595 0.19454656862745098 0.6458333333333334 0.19454656862745098 0.6413398692810458 0.18566176470588236 0.639297385620915 0.18474264705882354 0.6454248366013072 0.18198529411764705 0.6454248366013072 0.18167892156862744 0.6437908496732027 0.18290441176470587 0.6376633986928104 0.23314950980392157 0.6376633986928104 0.23253676470588236 0.6470588235294118 
1 0.17493872549019607 0.6450163398692811 0.17310049019607843 0.6446078431372549 0.17371323529411764 0.6384803921568627 0.17555147058823528 0.6376633986928104 0.17493872549019607 0.6450163398692811 
1 0.23743872549019607 0.6474673202614379 0.23621323529411764 0.6470588235294118 0.23651960784313725 0.639297385620915 0.23713235294117646 0.6376633986928104 0.23927696078431374 0.6376633986928104 0.23743872549019607 0.6474673202614379 
1 0.17034313725490197 0.6450163398692811 0.1559436274509804 0.6437908496732027 0.1559436274509804 0.6384803921568627 0.17095588235294118 0.6380718954248366 0.17034313725490197 0.6450163398692811 
1 0.2766544117647059 0.6486928104575164 0.25643382352941174 0.6482843137254902 0.25674019607843135 0.6388888888888888 0.2778799019607843 0.639297385620915 0.2766544117647059 0.6486928104575164 
1 0.5229779411764706 0.6584967320261438 0.46200980392156865 0.6584967320261438 0.4368872549019608 0.6568627450980392 0.43566176470588236 0.6556372549019608 0.4365808823529412 0.6531862745098039 0.43535539215686275 0.6495098039215687 0.43535539215686275 0.6405228758169934 0.5732230392156863 0.6384803921568627 0.5756740196078431 0.6413398692810458 0.5750612745098039 0.6437908496732027 0.5716911764705882 0.6466503267973857 0.5600490196078431 0.6466503267973857 0.5585171568627451 0.6486928104575164 0.5551470588235294 0.6486928104575164 0.5514705882352942 0.6531862745098039 0.5474877450980392 0.6544117647058824 0.5481004901960784 0.6580882352941176 0.5229779411764706 0.6584967320261438 
1 0.4096200980392157 0.6552287581699346 0.40808823529411764 0.6552287581699346 0.4071691176470588 0.6401143790849673 0.4096200980392157 0.6405228758169934 0.4096200980392157 0.6552287581699346 
1 0.4325980392156863 0.6535947712418301 0.43075980392156865 0.6523692810457516 0.42034313725490197 0.6531862745098039 0.41973039215686275 0.6405228758169934 0.4329044117647059 0.6401143790849673 0.4325980392156863 0.6535947712418301 
5 0.4411764705882353 0.6801470588235294 0.4209558823529412 0.6781045751633987 0.4411764705882353 0.6801470588235294 
5 0.4209558823529412 0.6785130718954249 0.41942401960784315 0.6785130718954249 0.4209558823529412 0.6785130718954249 
2 0.0 0.6956699346405228 0.0 0.511437908496732 0.15931372549019607 0.5804738562091504 0.15992647058823528 0.5870098039215687 0.15349264705882354 0.6736111111111112 0.0 0.6956699346405228 
3 0.16329656862745098 0.6511437908496732 0.16115196078431374 0.6491013071895425 0.16145833333333334 0.6454248366013072 0.15870098039215685 0.6462418300653595 0.15870098039215685 0.6499183006535948 0.15533088235294118 0.6507352941176471 0.1556372549019608 0.6441993464052288 0.17034313725490197 0.6454248366013072 0.16973039215686275 0.6503267973856209 0.16329656862745098 0.6511437908496732 
3 0.17432598039215685 0.6507352941176471 0.17279411764705882 0.6507352941176471 0.17340686274509803 0.6450163398692811 0.17493872549019607 0.6454248366013072 0.17432598039215685 0.6507352941176471 
3 0.18412990196078433 0.6527777777777778 0.18045343137254902 0.6515522875816994 0.18198529411764705 0.6454248366013072 0.18474264705882354 0.6458333333333334 0.18412990196078433 0.6527777777777778 
3 0.20159313725490197 0.6531862745098039 0.19424019607843138 0.6531862745098039 0.19424019607843138 0.6462418300653595 0.20189950980392157 0.6462418300653595 0.20159313725490197 0.6531862745098039 
3 0.22303921568627452 0.6515522875816994 0.22303921568627452 0.6470588235294118 0.22977941176470587 0.6474673202614379 0.2267156862745098 0.6478758169934641 0.22303921568627452 0.6515522875816994 
3 0.2757352941176471 0.6535947712418301 0.25643382352941174 0.6523692810457516 0.25612745098039214 0.6486928104575164 0.2763480392156863 0.6486928104575164 0.2757352941176471 0.6535947712418301 
3 0.40839460784313725 0.6564542483660131 0.40839460784313725 0.6552287581699346 0.4099264705882353 0.6556372549019608 0.40839460784313725 0.6564542483660131 
3 0.44393382352941174 0.6776960784313726 0.4371936274509804 0.6776960784313726 0.4362745098039216 0.6699346405228758 0.4371936274509804 0.6568627450980392 0.46200980392156865 0.6584967320261438 0.5484068627450981 0.6580882352941176 0.5490196078431373 0.6593137254901961 0.5447303921568627 0.6597222222222222 0.5441176470588235 0.6613562091503268 0.5438112745098039 0.6642156862745098 0.5474877450980392 0.6662581699346405 0.5481004901960784 0.6683006535947712 0.5471813725490197 0.6711601307189542 0.5404411764705882 0.6695261437908496 0.5370710784313726 0.6711601307189542 0.5343137254901961 0.670751633986928 0.5318627450980392 0.673202614379085 0.5297181372549019 0.6678921568627451 0.5257352941176471 0.6744281045751634 0.5113357843137255 0.6748366013071896 0.5104166666666666 0.6695261437908496 0.5091911764705882 0.6727941176470589 0.507046568627451 0.6744281045751634 0.5018382352941176 0.6719771241830066 0.49816176470588236 0.6736111111111112 0.4898897058823529 0.6736111111111112 0.48621323529411764 0.6723856209150327 0.47702205882352944 0.6736111111111112 0.4742647058823529 0.6703431372549019 0.4681372549019608 0.6740196078431373 0.4632352941176471 0.6752450980392157 0.4632352941176471 0.6764705882352942 0.44669117647058826 0.6748366013071896 0.44393382352941174 0.6776960784313726 
