0 0.5760030864197531 0.5865384615384616 0.5682870370370371 0.5865384615384616 0.5829475308641975 0.5858516483516484 0.5760030864197531 0.5865384615384616 
0 0.5451388888888888 0.5879120879120879 0.5250771604938271 0.5872252747252747 0.5451388888888888 0.5879120879120879 
0 0.5077160493827161 0.5879120879120879 0.4988425925925926 0.5879120879120879 0.5077160493827161 0.5879120879120879 
0 0.5173611111111112 0.5879120879120879 0.5123456790123457 0.5879120879120879 0.5173611111111112 0.5879120879120879 
0 0.5231481481481481 0.5879120879120879 0.5200617283950617 0.5879120879120879 0.5231481481481481 0.5879120879120879 
0 0.44907407407407407 0.5892857142857143 0.44753086419753085 0.5885989010989011 0.4506172839506173 0.5885989010989011 0.44907407407407407 0.5892857142857143 
0 0.46875 0.5885989010989011 0.46141975308641975 0.5885989010989011 0.46875 0.5885989010989011 
0 0.47183641975308643 0.5885989010989011 0.470679012345679 0.5885989010989011 0.47183641975308643 0.5885989010989011 
0 0.47685185185185186 0.5885989010989011 0.47453703703703703 0.5885989010989011 0.47685185185185186 0.5885989010989011 
0 0.4903549382716049 0.5885989010989011 0.4841820987654321 0.5885989010989011 0.4903549382716049 0.5885989010989011 
0 0.7681327160493827 0.5995879120879121 0.7654320987654321 0.5995879120879121 0.7650462962962963 0.5968406593406593 0.7908950617283951 0.5906593406593407 0.8024691358024691 0.5906593406593407 0.8020833333333334 0.5947802197802198 0.7681327160493827 0.5995879120879121 
0 0.5142746913580247 0.6215659340659341 0.5108024691358025 0.6215659340659341 0.5111882716049383 0.6119505494505495 0.5219907407407407 0.6023351648351648 0.5297067901234568 0.5982142857142857 0.53125 0.5940934065934066 0.533179012345679 0.5975274725274725 0.5320216049382716 0.6016483516483516 0.5142746913580247 0.6215659340659341 
0 0.7353395061728395 0.6064560439560439 0.7326388888888888 0.6064560439560439 0.7330246913580247 0.6009615384615384 0.7619598765432098 0.5975274725274725 0.7619598765432098 0.6002747252747253 0.7353395061728395 0.6064560439560439 
0 0.7264660493827161 0.6085164835164835 0.7245370370370371 0.6071428571428571 0.7249228395061729 0.6023351648351648 0.7264660493827161 0.6085164835164835 
0 0.6878858024691358 0.6160714285714286 0.6859567901234568 0.6160714285714286 0.6859567901234568 0.6071428571428571 0.7098765432098766 0.6050824175824175 0.7098765432098766 0.6098901098901099 0.7087191358024691 0.6126373626373627 0.6878858024691358 0.6160714285714286 
0 0.2970679012345679 0.6119505494505495 0.2951388888888889 0.6119505494505495 0.2959104938271605 0.6092032967032966 0.30787037037037035 0.6092032967032966 0.2970679012345679 0.6119505494505495 
0 0.24575617283950618 0.6188186813186813 0.24421296296296297 0.6188186813186813 0.24382716049382716 0.6167582417582418 0.2854938271604938 0.6119505494505495 0.28510802469135804 0.6146978021978022 0.24575617283950618 0.6188186813186813 
0 0.4540895061728395 0.6263736263736264 0.4537037037037037 0.6188186813186813 0.5081018518518519 0.614010989010989 0.5081018518518519 0.6215659340659341 0.5069444444444444 0.6222527472527473 0.4540895061728395 0.6263736263736264 
0 0.3013117283950617 0.6222527472527473 0.2951388888888889 0.6222527472527473 0.29475308641975306 0.6188186813186813 0.3132716049382716 0.6160714285714286 0.3132716049382716 0.6208791208791209 0.3013117283950617 0.6222527472527473 
0 0.21875 0.6215659340659341 0.21450617283950618 0.6215659340659341 0.21412037037037038 0.6201923076923077 0.2191358024691358 0.6188186813186813 0.21875 0.6215659340659341 
0 0.40239197530864196 0.6284340659340659 0.3722993827160494 0.6284340659340659 0.37191358024691357 0.6256868131868132 0.4506172839506173 0.6195054945054945 0.4506172839506173 0.6263736263736264 0.4363425925925926 0.6277472527472527 0.4359567901234568 0.6236263736263736 0.42978395061728397 0.6215659340659341 0.42322530864197533 0.6243131868131868 0.4224537037037037 0.6277472527472527 0.40239197530864196 0.6284340659340659 
0 0.24575617283950618 0.6277472527472527 0.24382716049382716 0.6277472527472527 0.24344135802469136 0.625 0.2847222222222222 0.6201923076923077 0.28433641975308643 0.6236263736263736 0.24575617283950618 0.6277472527472527 
0 0.5219907407407407 0.6504120879120879 0.5073302469135802 0.6497252747252747 0.5061728395061729 0.6456043956043956 0.498070987654321 0.6456043956043956 0.4957561728395062 0.6497252747252747 0.3587962962962963 0.646978021978022 0.35802469135802467 0.6366758241758241 0.5227623456790124 0.6380494505494505 0.5316358024691358 0.6298076923076923 0.5324074074074074 0.6222527472527473 0.535108024691358 0.6201923076923077 0.5366512345679012 0.6256868131868132 0.5366512345679012 0.6353021978021978 0.527391975308642 0.646978021978022 0.5219907407407407 0.6504120879120879 
0 0.21412037037037038 0.6270604395604396 0.21450617283950618 0.625 0.2191358024691358 0.6256868131868132 0.21412037037037038 0.6270604395604396 
0 0.9996141975308642 0.8063186813186813 0.6990740740740741 0.6407967032967034 0.6963734567901234 0.6394230769230769 0.6963734567901234 0.6298076923076923 0.7025462962962963 0.625 0.7025462962962963 0.6298076923076923 0.7052469135802469 0.6339285714285714 0.8229166666666666 0.6929945054945055 0.998070987654321 0.7870879120879121 0.9992283950617284 0.7884615384615384 0.9996141975308642 0.8063186813186813 
0 0.06751543209876543 0.6407967032967034 0.06327160493827161 0.6407967032967034 0.06327160493827161 0.635989010989011 0.08333333333333333 0.6339285714285714 0.08989197530864197 0.6373626373626373 0.06751543209876543 0.6407967032967034 
0 0.0 0.6510989010989011 0.0 0.646978021978022 0.059799382716049385 0.6366758241758241 0.059799382716049385 0.6414835164835165 0.058256172839506175 0.6421703296703297 0.0 0.6510989010989011 
0 0.0 0.9553571428571429 0.0 0.8866758241758241 0.2017746913580247 0.7685439560439561 0.39351851851851855 0.6634615384615384 0.4012345679012346 0.6559065934065934 0.40162037037037035 0.6497252747252747 0.4077932098765432 0.6517857142857143 0.4085648148148148 0.654532967032967 0.40933641975308643 0.6730769230769231 0.40625 0.676510989010989 0.06481481481481481 0.9086538461538461 0.0 0.9553571428571429 
1 0.6489197530864198 0.5721153846153846 0.6462191358024691 0.5721153846153846 0.6466049382716049 0.5666208791208791 0.6489197530864198 0.5679945054945055 0.6489197530864198 0.5721153846153846 
1 0.6354166666666666 0.5851648351648352 0.6358024691358025 0.5686813186813187 0.6446759259259259 0.5673076923076923 0.6446759259259259 0.5721153846153846 0.6408179012345679 0.5721153846153846 0.6385030864197531 0.5748626373626373 0.6354166666666666 0.5851648351648352 
1 0.6554783950617284 0.5721153846153846 0.6531635802469136 0.5721153846153846 0.6535493827160493 0.5673076923076923 0.6554783950617284 0.5679945054945055 0.6554783950617284 0.5721153846153846 
1 0.6585648148148148 0.5721153846153846 0.6566358024691358 0.5721153846153846 0.6570216049382716 0.5673076923076923 0.6628086419753086 0.5679945054945055 0.6628086419753086 0.5714285714285714 0.6585648148148148 0.5721153846153846 
1 0.6720679012345679 0.5714285714285714 0.6705246913580247 0.5714285714285714 0.6709104938271605 0.5673076923076923 0.6720679012345679 0.5679945054945055 0.6720679012345679 0.5714285714285714 
1 0.6307870370370371 0.5851648351648352 0.625 0.5851648351648352 0.625 0.5686813186813187 0.6311728395061729 0.5686813186813187 0.6300154320987654 0.5714285714285714 0.6307870370370371 0.5851648351648352 
1 0.6219135802469136 0.5851648351648352 0.6176697530864198 0.5851648351648352 0.6176697530864198 0.5693681318681318 0.6219135802469136 0.5693681318681318 0.6219135802469136 0.5851648351648352 
1 0.6161265432098766 0.5851648351648352 0.6030092592592593 0.5851648351648352 0.6018518518518519 0.5803571428571429 0.6030092592592593 0.5769230769230769 0.6010802469135802 0.5762362637362637 0.5987654320987654 0.5714285714285714 0.6161265432098766 0.5693681318681318 0.6161265432098766 0.5851648351648352 
1 0.37191358024691357 0.6332417582417582 0.33719135802469136 0.632554945054945 0.33719135802469136 0.5741758241758241 0.3722993827160494 0.5714285714285714 0.37191358024691357 0.6332417582417582 
1 0.3290895061728395 0.6318681318681318 0.3128858024691358 0.6311813186813187 0.314429012345679 0.5748626373626373 0.33024691358024694 0.5748626373626373 0.3290895061728395 0.6318681318681318 
1 0.17476851851851852 0.6407967032967034 0.1693672839506173 0.6407967032967034 0.16859567901234568 0.6394230769230769 0.1709104938271605 0.5831043956043956 0.21450617283950618 0.5803571428571429 0.21373456790123457 0.635989010989011 0.17476851851851852 0.6407967032967034 
1 0.6327160493827161 0.5851648351648352 0.6327160493827161 0.5803571428571429 0.6327160493827161 0.5851648351648352 
1 0.16319444444444445 0.6421703296703297 0.16435185185185186 0.5947802197802198 0.12152777777777778 0.5975274725274725 0.12191358024691358 0.6401098901098901 0.11959876543209877 0.6401098901098901 0.11921296296296297 0.5858516483516484 0.16589506172839505 0.5837912087912088 0.16473765432098766 0.6414835164835165 0.16319444444444445 0.6421703296703297 
1 0.29552469135802467 0.6085164835164835 0.29552469135802467 0.5975274725274725 0.30516975308641975 0.5968406593406593 0.30632716049382713 0.5989010989010989 0.30632716049382713 0.6071428571428571 0.29552469135802467 0.6085164835164835 
1 0.28587962962962965 0.6098901098901099 0.27507716049382713 0.6085164835164835 0.27507716049382713 0.5989010989010989 0.28703703703703703 0.5982142857142857 0.28587962962962965 0.6098901098901099 
5 0.0933641975308642 0.6373626373626373 0.08333333333333333 0.6346153846153846 0.09490740740740741 0.6332417582417582 0.0933641975308642 0.6373626373626373 
5 0.08294753086419752 0.6346153846153846 0.08101851851851852 0.6346153846153846 0.08294753086419752 0.6346153846153846 
2 0.9996141975308642 0.6064560439560439 0.9918981481481481 0.43612637362637363 0.9922839506172839 0.42857142857142855 0.9996141975308642 0.4258241758241758 0.9996141975308642 0.6064560439560439 
2 0.9660493827160493 0.6565934065934066 0.8452932098765432 0.6318681318681318 0.8452932098765432 0.5185439560439561 0.8256172839506173 0.5212912087912088 0.8260030864197531 0.6277472527472527 0.8032407407407407 0.6195054945054945 0.8020833333333334 0.4951923076923077 0.8171296296296297 0.48626373626373626 0.9606481481481481 0.43887362637362637 0.9660493827160493 0.6565934065934066 
