0 0.5572916666666666 0.4934640522875817 0.5484068627450981 0.4918300653594771 0.5566789215686274 0.49142156862745096 0.5765931372549019 0.4881535947712418 0.5765931372549019 0.49019607843137253 0.5572916666666666 0.4934640522875817 
0 0.6832107843137255 0.494281045751634 0.6832107843137255 0.49264705882352944 0.6832107843137255 0.494281045751634 
0 0.7708333333333334 0.9995915032679739 0.6731004901960784 0.9995915032679739 0.6752450980392157 0.5081699346405228 0.6786151960784313 0.5077614379084967 0.6792279411764706 0.5093954248366013 0.6829044117647058 0.5122549019607843 0.6835171568627451 0.4950980392156863 0.6966911764705882 0.5857843137254902 0.7153799019607843 0.6842320261437909 0.7708333333333334 0.9995915032679739 
0 0.2536764705882353 0.514297385620915 0.2533700980392157 0.511437908496732 0.32015931372549017 0.5049019607843137 0.33639705882352944 0.5016339869281046 0.35202205882352944 0.5 0.35324754901960786 0.5032679738562091 0.31495098039215685 0.5089869281045751 0.2536764705882353 0.514297385620915 
0 0.23529411764705882 0.5351307189542484 0.21323529411764705 0.5318627450980392 0.2509191176470588 0.5302287581699346 0.2775735294117647 0.5253267973856209 0.27818627450980393 0.5294117647058824 0.27818627450980393 0.5302287581699346 0.26776960784313725 0.5306372549019608 0.24908088235294118 0.5343137254901961 0.23529411764705882 0.5351307189542484 
0 0.00030637254901960784 0.6486928104575164 0.00030637254901960784 0.6352124183006536 0.05392156862745098 0.6213235294117647 0.16605392156862744 0.5959967320261438 0.2113970588235294 0.5833333333333334 0.22028186274509803 0.5784313725490197 0.22487745098039216 0.5816993464052288 0.2264093137254902 0.5861928104575164 0.21200980392156862 0.5935457516339869 0.17708333333333334 0.6037581699346405 0.00030637254901960784 0.6486928104575164 
1 0.05545343137254902 0.5347222222222222 0.00030637254901960784 0.5330882352941176 0.0 0.46405228758169936 0.05330882352941176 0.47181372549019607 0.05545343137254902 0.5347222222222222 
1 0.16819852941176472 0.5375816993464052 0.0664828431372549 0.5351307189542484 0.0625 0.47263071895424835 0.1485906862745098 0.47875816993464054 0.16268382352941177 0.47875816993464054 0.1639093137254902 0.4812091503267974 0.15778186274509803 0.48733660130718953 0.15992647058823528 0.5245098039215687 0.1642156862745098 0.5245098039215687 0.16727941176470587 0.5163398692810458 0.1712622549019608 0.5175653594771242 0.17432598039215685 0.5232843137254902 0.16819852941176472 0.5375816993464052 
5 0.5796568627450981 0.4897875816993464 0.5768995098039216 0.4897875816993464 0.5765931372549019 0.4881535947712418 0.5753676470588235 0.4877450980392157 0.5818014705882353 0.48651960784313725 0.5818014705882353 0.48937908496732024 0.5796568627450981 0.4897875816993464 
5 0.5505514705882353 0.4922385620915033 0.5337009803921569 0.4910130718954248 0.5315563725490197 0.49060457516339867 0.53125 0.4889705882352941 0.5502450980392157 0.4910130718954248 0.5484068627450981 0.4918300653594771 0.5505514705882353 0.4922385620915033 
2 0.0 0.6225490196078431 0.0 0.5330882352941176 0.05545343137254902 0.5347222222222222 0.05759803921568627 0.6053921568627451 0.057904411764705885 0.6102941176470589 0.05974264705882353 0.610702614379085 0.0 0.6225490196078431 
2 0.07169117647058823 0.608251633986928 0.0704656862745098 0.6074346405228758 0.0701593137254902 0.6033496732026143 0.0664828431372549 0.5351307189542484 0.1801470588235294 0.5383986928104575 0.18443627450980393 0.5788398692810458 0.07169117647058823 0.608251633986928 
