0 0.6528645833333333 0.6148148148148148 0.6450520833333333 0.6097222222222223 0.63984375 0.6037037037037037 0.6364583333333333 0.5958333333333333 0.6369791666666667 0.5884259259259259 0.6393229166666666 0.5856481481481481 0.6416666666666667 0.5856481481481481 0.63984375 0.5861111111111111 0.6385416666666667 0.5898148148148148 0.6393229166666666 0.5967592592592592 0.6432291666666666 0.6032407407407407 0.6526041666666667 0.612037037037037 0.6528645833333333 0.6148148148148148 
4 0.4078125 0.5708333333333333 0.40651041666666665 0.5708333333333333 0.40651041666666665 0.5657407407407408 0.42161458333333335 0.5657407407407408 0.44557291666666665 0.562037037037037 0.4609375 0.5625 0.4591145833333333 0.5657407407407408 0.4078125 0.5708333333333333 
4 0.3541666666666667 0.5745370370370371 0.3541666666666667 0.5671296296296297 0.359375 0.5675925925925925 0.3578125 0.5740740740740741 0.3541666666666667 0.5745370370370371 
4 0.5700520833333333 0.5782407407407407 0.5692708333333333 0.5782407407407407 0.5690104166666666 0.5726851851851852 0.5708333333333333 0.5731481481481482 0.5705729166666667 0.575 0.56953125 0.575462962962963 0.5700520833333333 0.5782407407407407 
4 0.03463541666666667 0.6777777777777778 0.024479166666666666 0.675 0.025260416666666667 0.6509259259259259 0.01484375 0.6509259259259259 0.0 0.6662037037037037 0.0 0.6041666666666666 0.029166666666666667 0.5990740740740741 0.049479166666666664 0.600462962962963 0.23333333333333334 0.5990740740740741 0.23359375 0.5939814814814814 0.24192708333333332 0.5939814814814814 0.24322916666666666 0.5990740740740741 0.3020833333333333 0.5962962962962963 0.32317708333333334 0.5921296296296297 0.34453125 0.5912037037037037 0.4041666666666667 0.5824074074074074 0.478125 0.575462962962963 0.47734375 0.5777777777777777 0.4708333333333333 0.5810185185185185 0.46979166666666666 0.5893518518518519 0.47161458333333334 0.5902777777777778 0.47109375 0.5907407407407408 0.4393229166666667 0.5972222222222222 0.4002604166666667 0.6111111111111112 0.30885416666666665 0.6328703703703704 0.30130208333333336 0.6342592592592593 0.30703125 0.6277777777777778 0.2994791666666667 0.6240740740740741 0.28854166666666664 0.6324074074074074 0.2796875 0.6273148148148148 0.2716145833333333 0.6356481481481482 0.25885416666666666 0.6324074074074074 0.25494791666666666 0.6361111111111111 0.24114583333333334 0.6407407407407407 0.22734375 0.6407407407407407 0.20989583333333334 0.6356481481481482 0.18255208333333334 0.6476851851851851 0.15729166666666666 0.6439814814814815 0.1375 0.6458333333333334 0.115625 0.6560185185185186 0.1140625 0.6537037037037037 0.1109375 0.6398148148148148 0.10442708333333334 0.6240740740740741 0.08671875 0.6375 0.07994791666666666 0.6347222222222222 0.08177083333333333 0.6189814814814815 0.06666666666666667 0.6222222222222222 0.06171875 0.6361111111111111 0.0515625 0.6407407407407407 0.041666666666666664 0.6537037037037037 0.03463541666666667 0.6777777777777778 
4 0.7046875 0.6263888888888889 0.7036458333333333 0.6259259259259259 0.7036458333333333 0.6129629629629629 0.7 0.6069444444444444 0.7174479166666666 0.6134259259259259 0.7135416666666666 0.6208333333333333 0.7057291666666666 0.6180555555555556 0.7046875 0.6263888888888889 
4 0.9997395833333333 0.7199074074074074 0.9486979166666667 0.7050925925925926 0.909375 0.6898148148148148 0.9072916666666667 0.6810185185185185 0.903125 0.6699074074074074 0.9348958333333334 0.6796296296296296 0.9997395833333333 0.7060185185185185 0.9997395833333333 0.7199074074074074 
3 0.665625 0.5888888888888889 0.66015625 0.5861111111111111 0.6625 0.5777777777777777 0.6729166666666667 0.5800925925925926 0.6729166666666667 0.5884259259259259 0.66796875 0.587037037037037 0.665625 0.5888888888888889 
3 0.6752604166666667 0.5888888888888889 0.67421875 0.5884259259259259 0.67421875 0.5805555555555556 0.6755208333333333 0.5814814814814815 0.6752604166666667 0.5888888888888889 
3 0.6838541666666667 0.5925925925925926 0.6822916666666666 0.5921296296296297 0.6830729166666667 0.5851851851851851 0.6838541666666667 0.5861111111111111 0.6838541666666667 0.5925925925925926 
