0 0.5115740740740741 0.7205578512396694 0.5023148148148148 0.7205578512396694 0.5034722222222222 0.7091942148760331 0.5231481481481481 0.6942148760330579 0.5196759259259259 0.693698347107438 0.5223765432098766 0.6869834710743802 0.5385802469135802 0.6900826446280992 0.5385802469135802 0.6983471074380165 0.5115740740740741 0.7205578512396694 
0 0.4371141975308642 0.7179752066115702 0.41898148148148145 0.7148760330578512 0.4220679012345679 0.7071280991735537 0.43094135802469136 0.7055785123966942 0.4799382716049383 0.6885330578512396 0.48649691358024694 0.6911157024793388 0.4876543209876543 0.6988636363636364 0.4371141975308642 0.7179752066115702 
0 0.8692129629629629 0.7324380165289256 0.8599537037037037 0.7293388429752066 0.8599537037037037 0.7153925619834711 0.8692129629629629 0.71849173553719 0.8692129629629629 0.7324380165289256 
0 0.9996141975308642 0.7949380165289256 0.9155092592592593 0.7587809917355371 0.9166666666666666 0.7505165289256198 0.9158950617283951 0.7489669421487604 0.876929012345679 0.7355371900826446 0.8753858024691358 0.7200413223140496 0.9351851851851852 0.7350206611570248 0.9340277777777778 0.7432851239669421 0.9996141975308642 0.7660123966942148 0.9996141975308642 0.7949380165289256 
1 0.4340277777777778 0.7045454545454546 0.43287037037037035 0.7045454545454546 0.43094135802469136 0.690599173553719 0.43132716049382713 0.6410123966942148 0.4810956790123457 0.6456611570247934 0.48225308641975306 0.6895661157024794 0.4799382716049383 0.6885330578512396 0.4340277777777778 0.7045454545454546 
1 0.5871913580246914 0.6745867768595041 0.5706018518518519 0.6745867768595041 0.5702160493827161 0.6725206611570248 0.5628858024691358 0.672004132231405 0.5625 0.6740702479338843 0.5470679012345679 0.6735537190082644 0.5466820987654321 0.6658057851239669 0.5408950617283951 0.6503099173553719 0.5864197530864198 0.6497933884297521 0.5860339506172839 0.6549586776859504 0.5883487654320988 0.65650826446281 0.5871913580246914 0.6745867768595041 
1 0.6682098765432098 0.6761363636363636 0.6489197530864198 0.675103305785124 0.6466049382716049 0.6575413223140496 0.6496913580246914 0.65650826446281 0.6489197530864198 0.6523760330578512 0.6689814814814815 0.6523760330578512 0.6647376543209876 0.65599173553719 0.6655092592592593 0.6616735537190083 0.6674382716049383 0.6621900826446281 0.6682098765432098 0.6761363636363636 
1 0.9139660493827161 0.7117768595041323 0.910108024691358 0.7050619834710744 0.9085648148148148 0.6534090909090909 0.9996141975308642 0.6528925619834711 0.9996141975308642 0.6849173553719008 0.9293981481481481 0.6776859504132231 0.9290123456790124 0.6663223140495868 0.9266975308641975 0.6570247933884298 0.9216820987654321 0.6539256198347108 0.9158950617283951 0.6544421487603306 0.9124228395061729 0.6575413223140496 0.9116512345679012 0.6694214876033058 0.9147376543209876 0.6771694214876033 0.9216820987654321 0.6823347107438017 0.9220679012345679 0.7107438016528925 0.9139660493827161 0.7117768595041323 
1 0.5030864197530864 0.675103305785124 0.4984567901234568 0.6745867768595041 0.498070987654321 0.6627066115702479 0.49614197530864196 0.6611570247933884 0.5054012345679012 0.6616735537190083 0.5030864197530864 0.675103305785124 
4 0.33564814814814814 0.71849173553719 0.32600308641975306 0.7159090909090909 0.3275462962962963 0.6761363636363636 0.4077932098765432 0.6704545454545454 0.40933641975308643 0.6895661157024794 0.39776234567901236 0.6931818181818182 0.39621913580246915 0.7179752066115702 0.3819444444444444 0.7164256198347108 0.38310185185185186 0.6942148760330579 0.3599537037037037 0.6942148760330579 0.33641975308641975 0.6947314049586777 0.33564814814814814 0.71849173553719 
4 0.9996141975308642 0.7660123966942148 0.9340277777777778 0.7432851239669421 0.939429012345679 0.7102272727272727 0.9236111111111112 0.7097107438016529 0.9220679012345679 0.6771694214876033 0.9996141975308642 0.6849173553719008 0.9996141975308642 0.7660123966942148 
4 0.2835648148148148 0.7169421487603306 0.2827932098765432 0.7133264462809917 0.27469135802469136 0.7122933884297521 0.27546296296296297 0.6807851239669421 0.2962962962962963 0.6787190082644629 0.2959104938271605 0.6890495867768595 0.2835648148148148 0.6895661157024794 0.2835648148148148 0.7169421487603306 
4 0.25 0.71900826446281 0.23726851851851852 0.71900826446281 0.2357253086419753 0.7112603305785123 0.22376543209876543 0.7107438016528925 0.22415123456790123 0.681301652892562 0.2692901234567901 0.6807851239669421 0.2673611111111111 0.7117768595041323 0.25578703703703703 0.7128099173553719 0.25462962962962965 0.71849173553719 0.25 0.71900826446281 
4 0.2048611111111111 0.71900826446281 0.18904320987654322 0.71900826446281 0.1871141975308642 0.7112603305785123 0.17824074074074073 0.7112603305785123 0.17708333333333334 0.6833677685950413 0.2179783950617284 0.6818181818181818 0.2175925925925926 0.7102272727272727 0.2048611111111111 0.7117768595041323 0.2048611111111111 0.71900826446281 
4 0.15933641975308643 0.71900826446281 0.14351851851851852 0.71900826446281 0.1419753086419753 0.7117768595041323 0.13310185185185186 0.7117768595041323 0.13271604938271606 0.684400826446281 0.1566358024691358 0.6833677685950413 0.1566358024691358 0.6854338842975206 0.16126543209876543 0.6859504132231405 0.16165123456790123 0.6833677685950413 0.1724537037037037 0.6828512396694215 0.1720679012345679 0.7112603305785123 0.16049382716049382 0.7128099173553719 0.15933641975308643 0.71900826446281 
4 0.11574074074074074 0.71900826446281 0.10609567901234568 0.71900826446281 0.10455246913580248 0.7107438016528925 0.09645061728395062 0.7107438016528925 0.09645061728395062 0.6849173553719008 0.12770061728395063 0.6849173553719008 0.12692901234567902 0.7117768595041323 0.11651234567901235 0.7148760330578512 0.11574074074074074 0.71900826446281 
4 0.0787037037037037 0.71900826446281 0.06983024691358025 0.71900826446281 0.06828703703703703 0.7117768595041323 0.059799382716049385 0.7128099173553719 0.06095679012345679 0.6859504132231405 0.09027777777777778 0.6859504132231405 0.08989197530864197 0.7112603305785123 0.08140432098765432 0.7117768595041323 0.0787037037037037 0.7143595041322314 0.0787037037037037 0.71900826446281 
4 0.04398148148148148 0.71900826446281 0.03819444444444445 0.71900826446281 0.03780864197530864 0.7143595041322314 0.02816358024691358 0.7143595041322314 0.029320987654320986 0.6869834710743802 0.05555555555555555 0.6864669421487604 0.05439814814814815 0.7128099173553719 0.044753086419753084 0.7133264462809917 0.04398148148148148 0.71900826446281 
4 0.013117283950617283 0.71900826446281 0.0 0.71900826446281 0.0 0.6875 0.024691358024691357 0.6875 0.02353395061728395 0.7138429752066116 0.015046296296296295 0.7133264462809917 0.013117283950617283 0.71900826446281 
4 0.2743055555555556 0.7122933884297521 0.2716049382716049 0.7122933884297521 0.2743055555555556 0.7122933884297521 
