0 0.5350985221674877 0.2787682333873582 0.5332512315270936 0.2755267423014587 0.5554187192118226 0.26661264181523503 0.5548029556650246 0.2698541329011345 0.5350985221674877 0.2787682333873582 
0 0.18903940886699508 0.373581847649919 0.1816502463054187 0.3727714748784441 0.3713054187192118 0.32901134521880065 0.4027093596059113 0.3184764991896272 0.4267241379310345 0.31685575364667745 0.521551724137931 0.28038897893030795 0.5246305418719212 0.28282009724473256 0.42857142857142855 0.3184764991896272 0.4039408866995074 0.320097244732577 0.3392857142857143 0.3387358184764992 0.18903940886699508 0.373581847649919 
0 0.6970443349753694 0.326580226904376 0.6841133004926109 0.3241491085899514 0.6828817733990148 0.31280388978930307 0.6853448275862069 0.2941653160453809 0.6884236453201971 0.2884927066450567 0.6865763546798029 0.3047001620745543 0.6884236453201971 0.3209076175040519 0.7050492610837439 0.3225283630470016 0.7155172413793104 0.31766612641815234 0.7155172413793104 0.3217179902755267 0.7099753694581281 0.3249594813614263 0.6970443349753694 0.326580226904376 
0 0.9532019704433498 0.3346839546191248 0.9501231527093597 0.3346839546191248 0.9507389162561576 0.33063209076175043 0.9538177339901478 0.32820097244732577 0.999384236453202 0.31766612641815234 0.999384236453202 0.3249594813614263 0.9532019704433498 0.3346839546191248 
0 0.9205665024630542 0.3419773095623987 0.9211822660098522 0.33630470016207453 0.9482758620689655 0.33063209076175043 0.9476600985221675 0.3354943273905997 0.9205665024630542 0.3419773095623987 
0 0.8078817733990148 0.36709886547811993 0.8035714285714286 0.36709886547811993 0.8134236453201971 0.3581847649918963 0.8817733990147784 0.34683954619124796 0.9156403940886699 0.3387358184764992 0.9156403940886699 0.3427876823338736 0.9137931034482759 0.34359805510534847 0.8078817733990148 0.36709886547811993 
0 0.8947044334975369 0.43354943273906 0.8842364532019704 0.4327390599675851 0.875615763546798 0.4286871961102107 0.8109605911330049 0.3889789303079417 0.8214285714285714 0.3824959481361426 0.8294334975369458 0.3824959481361426 0.8614532019704434 0.4027552674230146 0.8916256157635468 0.4181523500810373 0.9039408866995073 0.419773095623987 0.999384236453202 0.3703403565640194 0.999384236453202 0.3881685575364668 0.9261083743842364 0.42544570502431117 0.9045566502463054 0.4327390599675851 0.8947044334975369 0.43354943273906 
0 0.7567733990147784 0.4740680713128039 0.7099753694581281 0.42301458670988656 0.7118226600985221 0.40761750405186387 0.7185960591133005 0.4051863857374392 0.7647783251231527 0.4546191247974068 0.7536945812807881 0.4554294975688817 0.7567733990147784 0.4740680713128039 
1 0.9815270935960592 0.28038897893030795 0.9741379310344828 0.23095623987034036 0.999384236453202 0.2179902755267423 0.999384236453202 0.26175040518638576 0.9833743842364532 0.26499189627228525 0.9833743842364532 0.2787682333873582 0.9815270935960592 0.28038897893030795 
1 0.4987684729064039 0.28038897893030795 0.49938423645320196 0.26661264181523503 0.5591133004926109 0.2560777957860616 0.5548029556650246 0.260129659643436 0.5554187192118226 0.26418152350081037 0.5541871921182266 0.26499189627228525 0.4987684729064039 0.28038897893030795 
1 0.42179802955665024 0.2909238249594814 0.4205665024630542 0.273095623987034 0.49137931034482757 0.26742301458670986 0.4932266009852217 0.28119935170178284 0.4932266009852217 0.28363047001620745 0.42179802955665024 0.2909238249594814 
1 0.3694581280788177 0.3014586709886548 0.3682266009852217 0.28687196110210694 0.37007389162561577 0.2852512155591572 0.3897783251231527 0.28687196110210694 0.39655172413793105 0.2779578606158833 0.4131773399014778 0.2779578606158833 0.4125615763546798 0.2909238249594814 0.3694581280788177 0.3014586709886548 
1 0.9211822660098522 0.2860615883306321 0.9205665024630542 0.28119935170178284 0.9359605911330049 0.28119935170178284 0.9341133004926109 0.28363047001620745 0.9211822660098522 0.2860615883306321 
1 0.8596059113300493 0.3192868719611021 0.8571428571428571 0.3192868719611021 0.8571428571428571 0.28444084278768234 0.9156403940886699 0.2820097244732577 0.9156403940886699 0.28768233387358183 0.9100985221674877 0.2901134521880065 0.9051724137931034 0.3006482982171799 0.8842364532019704 0.3006482982171799 0.8663793103448276 0.3160453808752026 0.8596059113300493 0.3192868719611021 
1 0.20812807881773399 0.3557536466774716 0.2001231527093596 0.3549432739059968 0.20135467980295566 0.3249594813614263 0.21428571428571427 0.320097244732577 0.2395320197044335 0.3217179902755267 0.23645320197044334 0.35170178282009723 0.20812807881773399 0.3557536466774716 
5 0.5270935960591133 0.2820097244732577 0.521551724137931 0.28119935170178284 0.5314039408866995 0.27633711507293357 0.5357142857142857 0.2787682333873582 0.5270935960591133 0.2820097244732577 
5 0.7536945812807881 0.3719611021069692 0.7210591133004927 0.3719611021069692 0.7266009852216748 0.36547811993517015 0.7770935960591133 0.36547811993517015 0.8109605911330049 0.3606158833063209 0.8017241379310345 0.3679092382495948 0.7536945812807881 0.3719611021069692 
5 0.7727832512315271 0.49270664505672607 0.7561576354679803 0.47487844408427876 0.7543103448275862 0.4546191247974068 0.7660098522167488 0.4546191247974068 0.7783251231527094 0.4829821717990275 0.8916256157635468 0.4327390599675851 0.9014778325123153 0.43354943273906 0.7727832512315271 0.49270664505672607 
2 0.6687192118226601 0.2439222042139384 0.666256157635468 0.2439222042139384 0.666256157635468 0.233387358184765 0.6681034482758621 0.23419773095623986 0.6687192118226601 0.2439222042139384 
2 0.7370689655172413 0.26175040518638576 0.7352216748768473 0.26175040518638576 0.7358374384236454 0.25121555915721233 0.7321428571428571 0.23581847649918963 0.7444581280788177 0.233387358184765 0.7475369458128078 0.2366288492706645 0.7469211822660099 0.23905996758508913 0.7419950738916257 0.2439222042139384 0.7401477832512315 0.25121555915721233 0.7370689655172413 0.25283630470016205 0.7383004926108374 0.2560777957860616 0.7370689655172413 0.26175040518638576 
2 0.6108374384236454 0.2520259319286872 0.6077586206896551 0.2520259319286872 0.6102216748768473 0.24878444084278767 0.6089901477832512 0.24554294975688817 0.6151477832512315 0.24554294975688817 0.6182266009852216 0.23987034035656402 0.6637931034482759 0.23500810372771475 0.6637931034482759 0.24473257698541329 0.6108374384236454 0.2520259319286872 
2 0.7881773399014779 0.26094003241491087 0.7764778325123153 0.26094003241491087 0.7746305418719212 0.2552674230145867 0.7783251231527094 0.25121555915721233 0.7733990147783252 0.24635332252836303 0.7746305418719212 0.2366288492706645 0.7770935960591133 0.24149108589951376 0.7832512315270936 0.23581847649918963 0.7887931034482759 0.24149108589951376 0.7881773399014779 0.26094003241491087 
2 0.708128078817734 0.2552674230145867 0.7038177339901478 0.2552674230145867 0.7038177339901478 0.23824959481361427 0.7118226600985221 0.2366288492706645 0.708128078817734 0.2552674230145867 
4 0.23891625615763548 0.3346839546191248 0.23891625615763548 0.3249594813614263 0.2413793103448276 0.320097244732577 0.3355911330049261 0.29740680713128037 0.3602216748768473 0.2884927066450567 0.3602216748768473 0.2965964343598055 0.3552955665024631 0.29983792544570503 0.35344827586206895 0.3047001620745543 0.3479064039408867 0.3014586709886548 0.3392857142857143 0.3038897893030794 0.3392857142857143 0.3095623987034036 0.3368226600985222 0.3095623987034036 0.3355911330049261 0.3063209076175041 0.32450738916256155 0.3095623987034036 0.32142857142857145 0.3160453808752026 0.3195812807881773 0.3119935170178282 0.30849753694581283 0.31442463533225284 0.30849753694581283 0.320097244732577 0.30603448275862066 0.3209076175040519 0.3023399014778325 0.31766612641815234 0.29310344827586204 0.3217179902755267 0.29248768472906406 0.32820097244732577 0.2894088669950739 0.32901134521880065 0.2875615763546798 0.3241491085899514 0.2832512315270936 0.3241491085899514 0.27155172413793105 0.32576985413290116 0.27032019704433496 0.33144246353322526 0.2660098522167488 0.33306320907617504 0.2647783251231527 0.32820097244732577 0.2629310344827586 0.3273905996758509 0.23891625615763548 0.3346839546191248 
4 0.0 0.5769854132901134 0.0 0.49351701782820095 0.029556650246305417 0.49513776337115073 0.046798029556650245 0.4837925445705024 0.0480295566502463 0.46677471636953 0.08374384236453201 0.46677471636953 0.09482758620689655 0.46110210696920584 0.09298029556650246 0.44246353322528365 0.125 0.44246353322528365 0.13054187192118227 0.4367909238249595 0.13238916256157635 0.4246353322528363 0.1564039408866995 0.42301458670988656 0.1625615763546798 0.4165316045380875 0.15763546798029557 0.406807131280389 0.1564039408866995 0.36628849270664504 0.1921182266009852 0.3752025931928687 0.2001231527093596 0.386547811993517 0.20381773399014777 0.39627228525121555 0.2044334975369458 0.41085899513776336 0.20320197044334976 0.41572123176661263 0.19642857142857142 0.42301458670988656 0.19889162561576354 0.446515397082658 0.19088669950738915 0.4505672609400324 0.18842364532019704 0.42787682333873583 0.17364532019704434 0.44084278768233387 0.17549261083743842 0.45623987034035657 0.1705665024630542 0.4619124797406807 0.16687192118226601 0.446515397082658 0.145935960591133 0.46353322528363045 0.14839901477832512 0.4837925445705024 0.1373152709359606 0.4878444084278768 0.13608374384236452 0.4675850891410049 0.10960591133004927 0.4829821717990275 0.10960591133004927 0.5113452188006483 0.09729064039408868 0.5170178282009724 0.09729064039408868 0.49189627228525123 0.06588669950738917 0.5105348460291734 0.06588669950738917 0.5316045380875203 0.05541871921182266 0.5356564019448946 0.05172413793103448 0.5194489465153971 0.010467980295566502 0.5437601296596435 0.007389162561576354 0.546191247974068 0.008004926108374385 0.5737439222042139 0.0 0.5769854132901134 
