0 0.45788667687595713 0.7027358105349122 0.4569678407350689 0.7027358105349122 0.4569678407350689 0.6994691710902409 0.4756508422664625 0.6966108615761535 0.4750382848392037 0.6986525112290731 0.45788667687595713 0.7027358105349122 
0 0.4085758039816233 0.7145773785218457 0.4070444104134763 0.7117190690077583 0.40949464012251147 0.7076357697019191 0.4165390505359878 0.7068191098407514 0.4165390505359878 0.7125357288689261 0.4085758039816233 0.7145773785218457 
0 0.4 0.7166190281747652 0.3981623277182236 0.7166190281747652 0.3981623277182236 0.7100857492854227 0.403062787136294 0.7088607594936709 0.4018376722817764 0.7162106982441813 0.4 0.7166190281747652 
0 0.3923430321592649 0.717844017966517 0.3898928024502297 0.717844017966517 0.3898928024502297 0.7113107390771743 0.39264931087289434 0.7113107390771743 0.39387442572741194 0.717435688035933 0.3923430321592649 0.717844017966517 
0 0.37304747320061254 0.7198856676194365 0.36998468606431856 0.7198856676194365 0.37304747320061254 0.7166190281747652 0.37304747320061254 0.7141690485912617 0.3862174578866769 0.7121273989383422 0.38652373660030626 0.7182523478971009 0.37304747320061254 0.7198856676194365 
0 0.5641653905053599 0.7329522253981217 0.5274119448698316 0.7300939158840343 0.520980091883614 0.7251939567170274 0.5237366003062787 0.7194773376888526 0.5329249617151608 0.7235606369946918 0.5644716692189893 0.7239689669252756 0.5641653905053599 0.7329522253981217 
0 0.5938744257274119 0.7333605553287056 0.5816232771822358 0.7333605553287056 0.5813169984686064 0.7325438954675377 0.584073506891271 0.7247856267864434 0.5883614088820827 0.7247856267864434 0.5917304747320061 0.7260106165781952 0.5938744257274119 0.7333605553287056 
0 0.6376722817764165 0.7333605553287056 0.6226646248085758 0.7333605553287056 0.62052067381317 0.726827276439363 0.6355283307810107 0.7260106165781952 0.6376722817764165 0.7333605553287056 
0 0.6153139356814702 0.7333605553287056 0.6070444104134762 0.7333605553287056 0.6042879019908116 0.7284605961616987 0.6042879019908116 0.7264189465087791 0.6137825421133232 0.7264189465087791 0.6137825421133232 0.73172723560637 0.6153139356814702 0.7333605553287056 
0 0.7044410413476263 0.7333605553287056 0.644104134762634 0.7333605553287056 0.6505359877488515 0.7284605961616987 0.6508422664624809 0.7264189465087791 0.6618683001531394 0.7264189465087791 0.7016845329249617 0.73172723560637 0.7044410413476263 0.7333605553287056 
0 0.7120980091883614 0.7333605553287056 0.7047473200612557 0.7333605553287056 0.7120980091883614 0.7333605553287056 
0 0.9996937212863706 0.7586770110249081 0.924655436447167 0.7484687627603104 0.9243491577335375 0.7366271947733769 0.9996937212863706 0.7431604736627194 0.9996937212863706 0.7586770110249081 
1 0.8392036753445635 0.7182523478971009 0.8392036753445635 0.6643527970600245 0.9191424196018376 0.6614944875459371 0.9908116385911179 0.6512862392813393 0.9871362940275651 0.6582278481012658 0.9865237366003062 0.6659861167823602 0.9849923430321592 0.6692527562270314 0.9807044410413476 0.6696610861576153 0.9834609494640123 0.680277664352797 0.9800918836140888 0.6962025316455697 0.9136294027565084 0.7064107799101674 0.9133231240428791 0.6949775418538179 0.9081163859111792 0.689669252756227 0.9053598774885145 0.6949775418538179 0.9053598774885145 0.6998775010208248 0.9001531393568147 0.7027358105349122 0.8931087289433385 0.694569211923234 0.8894333843797856 0.694569211923234 0.8854517611026034 0.7051857901184156 0.8894333843797856 0.708452429563087 0.892802450229709 0.708452429563087 0.8931087289433385 0.7096774193548387 0.8667687595712098 0.71294405879951 0.8627871362940276 0.7145773785218457 0.8566615620214395 0.71294405879951 0.8392036753445635 0.7182523478971009 
5 0.8404287901990811 0.7251939567170274 0.8367534456355283 0.7194773376888526 0.8566615620214395 0.71294405879951 0.8643185298621746 0.7166190281747652 0.8404287901990811 0.7251939567170274 
5 0.7562021439509954 0.7276439363005308 0.7390505359877488 0.7276439363005308 0.7384379785604901 0.7202939975500204 0.7981623277182236 0.7149857084524296 0.798468606431853 0.7235606369946918 0.8027565084226647 0.7235606369946918 0.803062787136294 0.7149857084524296 0.812863705972435 0.717844017966517 0.8165390505359877 0.721927317272356 0.793874425727412 0.726827276439363 0.7562021439509954 0.7276439363005308 
5 0.7185298621745788 0.7284605961616987 0.7173047473200612 0.7215189873417721 0.7344563552833078 0.7211106574111883 0.7344563552833078 0.7280522662311147 0.7185298621745788 0.7284605961616987 
5 0.7047473200612557 0.7333605553287056 0.701071975497703 0.73172723560637 0.6983154670750383 0.7288689260922826 0.7108728943338438 0.7296855859534503 0.733843797856049 0.7288689260922826 0.7335375191424196 0.7300939158840343 0.7387442572741194 0.7300939158840343 0.7390505359877488 0.7284605961616987 0.7424196018376723 0.7284605961616987 0.7424196018376723 0.73172723560637 0.7047473200612557 0.7333605553287056 
4 0.5644716692189893 0.7235606369946918 0.5335375191424196 0.7198856676194365 0.5359877488514548 0.6798693344222132 0.584073506891271 0.6692527562270314 0.5886676875957121 0.6721110657411188 0.5865237366003063 0.6949775418538179 0.5849923430321593 0.6994691710902409 0.5816232771822358 0.7064107799101674 0.5715160796324655 0.7047774601878317 0.5690658499234303 0.7064107799101674 0.5663093415007657 0.7100857492854227 0.5644716692189893 0.7235606369946918 
4 0.398468606431853 0.703960800326664 0.3981623277182236 0.680277664352797 0.4006125574272588 0.6798693344222132 0.3996937212863706 0.675786035116374 0.40949464012251147 0.6737443854634545 0.40735068912710565 0.6859942833809718 0.40673813169984685 0.6986525112290731 0.40551301684532925 0.7023274806043283 0.398468606431853 0.703960800326664 
4 0.6137825421133232 0.7264189465087791 0.6042879019908116 0.7260106165781952 0.6042879019908116 0.7198856676194365 0.6091883614088821 0.7117190690077583 0.6091883614088821 0.6957942017149857 0.6076569678407351 0.6855859534503879 0.6110260336906586 0.694569211923234 0.6140888208269525 0.6949775418538179 0.6128637059724349 0.6864026133115557 0.6094946401225115 0.6766026949775419 0.6165390505359878 0.6766026949775419 0.6177641653905054 0.6810943242139649 0.6137825421133232 0.7264189465087791 
4 0.6970903522205206 0.7284605961616987 0.6716692189892802 0.7251939567170274 0.6508422664624809 0.7251939567170274 0.6505359877488515 0.7231523070641078 0.6447166921898928 0.7231523070641078 0.6376722817764165 0.703960800326664 0.6367534456355284 0.6974275214373213 0.637978560490046 0.6859942833809718 0.6373660030627871 0.6774193548387096 0.6934150076569678 0.6778276847692936 0.6970903522205206 0.7284605961616987 
4 0.37243491577335375 0.7096774193548387 0.37059724349157736 0.6966108615761535 0.3666156202143951 0.6929358922008984 0.3666156202143951 0.6843609636586362 0.36569678407350686 0.6815026541445488 0.3816232771822358 0.6786443446304614 0.38284839203675347 0.6872192731727236 0.3816232771822358 0.6982441812984892 0.38529862174578866 0.7015108207431605 0.3856049004594181 0.7064107799101674 0.3788667687595712 0.708044099632503 0.377947932618683 0.6864026133115557 0.37304747320061254 0.6859942833809718 0.37366003062787134 0.7092690894242548 0.37243491577335375 0.7096774193548387 
4 0.5914241960183767 0.7251939567170274 0.5837672281776417 0.7247856267864434 0.5929555895865237 0.6970191915067374 0.590811638591118 0.6962025316455697 0.5929555895865237 0.6839526337280523 0.5938744257274119 0.7170273581053491 0.5914241960183767 0.7251939567170274 
4 0.6217457886676876 0.7264189465087791 0.62052067381317 0.7256022866476113 0.6217457886676876 0.7047774601878317 0.6241960183767228 0.6966108615761535 0.6263399693721287 0.6949775418538179 0.6352220520673814 0.7251939567170274 0.6217457886676876 0.7264189465087791 
4 0.9160796324655437 0.717435688035933 0.9142419601837672 0.7170273581053491 0.9136294027565084 0.708452429563087 0.97947932618683 0.7015108207431605 0.9813169984686064 0.7019191506737444 0.9828483920367534 0.708452429563087 0.9160796324655437 0.717435688035933 
4 0.3908116385911179 0.7055941200489996 0.3892802450229709 0.7055941200489996 0.3895865237366003 0.7031441404654961 0.39142419601837675 0.70355247039608 0.3917304747320061 0.7051857901184156 0.3908116385911179 0.7055941200489996 
4 0.9996937212863706 0.7068191098407514 0.9981623277182236 0.7068191098407514 0.9996937212863706 0.7051857901184156 0.9996937212863706 0.7068191098407514 
4 0.8444104134762634 0.7247856267864434 0.8416539050535988 0.7247856267864434 0.8643185298621746 0.7166190281747652 0.86156202143951 0.7153940383830135 0.8667687595712098 0.71294405879951 0.8931087289433385 0.7104940792160065 0.8940275650842266 0.7158023683135973 0.8934150076569678 0.7198856676194365 0.8444104134762634 0.7247856267864434 
4 0.9032159264931088 0.7190690077582687 0.9019908116385911 0.7190690077582687 0.9022970903522205 0.7149857084524296 0.907197549770291 0.7149857084524296 0.9099540581929556 0.717844017966517 0.9032159264931088 0.7190690077582687 
