4 0.1365 0.649 0.132 0.649 0.2435 0.6263333333333333 0.2435 0.6296666666666667 0.17425 0.647 0.1365 0.649 
4 0.48075 0.644 0.4795 0.644 0.4795 0.6413333333333333 0.477 0.6413333333333333 0.47725 0.636 0.503 0.635 0.501 0.641 0.49725 0.6393333333333333 0.4935 0.6393333333333333 0.491 0.641 0.49075 0.6423333333333333 0.48075 0.644 
4 0.0495 0.6506666666666666 0.03 0.6506666666666666 0.0475 0.6476666666666666 0.054 0.648 0.054 0.6503333333333333 0.0495 0.6506666666666666 
3 0.302 0.614 0.301 0.614 0.30125 0.6103333333333333 0.31525 0.6093333333333333 0.34525 0.6096666666666667 0.302 0.614 
3 0.224 0.6256666666666667 0.22425 0.6186666666666667 0.26625 0.6126666666666667 0.2985 0.611 0.2985 0.6143333333333333 0.24875 0.621 0.224 0.6256666666666667 
3 0.99975 0.7436666666666667 0.8245 0.7033333333333334 0.63525 0.6513333333333333 0.58 0.638 0.5725 0.629 0.59525 0.6243333333333333 0.61675 0.6226666666666667 0.70025 0.621 0.70075 0.6296666666666667 0.7035 0.6296666666666667 0.70325 0.621 0.82025 0.621 0.99975 0.616 0.99975 0.7436666666666667 
3 0.1265 0.6433333333333333 0.125 0.6433333333333333 0.12525 0.6343333333333333 0.1265 0.6333333333333333 0.22225 0.6193333333333333 0.222 0.626 0.1265 0.6433333333333333 
3 0.40525 0.6283333333333333 0.403 0.6273333333333333 0.41075 0.6243333333333333 0.412 0.6263333333333333 0.40525 0.6283333333333333 
3 0.00075 0.797 0.0 0.797 0.0 0.651 0.054 0.6503333333333333 0.054 0.6476666666666666 0.0475 0.6476666666666666 0.04725 0.6446666666666667 0.0875 0.6396666666666667 0.12 0.6343333333333333 0.12175 0.6346666666666667 0.121 0.6443333333333333 0.081 0.65 0.124 0.6496666666666666 0.1555 0.648 0.29725 0.6383333333333333 0.2985 0.6386666666666667 0.2985 0.6446666666666667 0.30025 0.6446666666666667 0.30025 0.6386666666666667 0.30175 0.638 0.387 0.6316666666666667 0.398 0.6283333333333333 0.39875 0.6283333333333333 0.399 0.63 0.39675 0.6306666666666667 0.4145 0.6293333333333333 0.46725 0.6293333333333333 0.47725 0.631 0.4785 0.6356666666666667 0.477 0.6363333333333333 0.477 0.6413333333333333 0.4795 0.6416666666666667 0.47925 0.6443333333333333 0.45775 0.6483333333333333 0.415 0.66 0.25725 0.713 0.00075 0.797 
3 0.39625 0.631 0.39525 0.631 0.39625 0.631 
