0 0.37 0.4622222222222222 0.36966666666666664 0.46044444444444443 0.37 0.4622222222222222 
0 0.6373333333333333 0.4777777777777778 0.6106666666666667 0.4728888888888889 0.598 0.4688888888888889 0.584 0.4671111111111111 0.5746666666666667 0.46444444444444444 0.5743333333333334 0.46266666666666667 0.5926666666666667 0.4648888888888889 0.639 0.4751111111111111 0.6373333333333333 0.4777777777777778 
0 0.335 0.4666666666666667 0.3343333333333333 0.4662222222222222 0.33666666666666667 0.4631111111111111 0.33866666666666667 0.46355555555555555 0.339 0.4648888888888889 0.335 0.4666666666666667 
0 0.296 0.47155555555555556 0.2926666666666667 0.4706666666666667 0.31633333333333336 0.4666666666666667 0.326 0.4671111111111111 0.296 0.47155555555555556 
0 0.9293333333333333 0.48533333333333334 0.798 0.48533333333333334 0.7963333333333333 0.48488888888888887 0.7963333333333333 0.4791111111111111 0.798 0.4777777777777778 0.9716666666666667 0.4782222222222222 0.9706666666666667 0.48444444444444446 0.9293333333333333 0.48533333333333334 
0 0.058666666666666666 0.48533333333333334 0.0 0.48533333333333334 0.0 0.48044444444444445 0.08633333333333333 0.48 0.094 0.4782222222222222 0.099 0.48044444444444445 0.099 0.484 0.097 0.48444444444444446 0.058666666666666666 0.48533333333333334 
0 0.9996666666666667 0.5524444444444444 0.9646666666666667 0.5457777777777778 0.9453333333333334 0.5386666666666666 0.9496666666666667 0.5391111111111111 0.9536666666666667 0.536 0.9656666666666667 0.5355555555555556 0.9993333333333333 0.5422222222222223 0.9996666666666667 0.5524444444444444 
0 0.9453333333333334 0.5382222222222223 0.944 0.5382222222222223 0.9453333333333334 0.5382222222222223 
1 0.24633333333333332 0.4671111111111111 0.22933333333333333 0.4671111111111111 0.229 0.4528888888888889 0.24366666666666667 0.452 0.24733333333333332 0.45022222222222225 0.24733333333333332 0.4666666666666667 0.24633333333333332 0.4671111111111111 
1 0.006333333333333333 0.4662222222222222 0.0 0.4662222222222222 0.0 0.456 0.006333333333333333 0.45644444444444443 0.006333333333333333 0.4662222222222222 
5 0.3353333333333333 0.4671111111111111 0.3263333333333333 0.4671111111111111 0.32233333333333336 0.4653333333333333 0.328 0.4648888888888889 0.3303333333333333 0.4631111111111111 0.3353333333333333 0.4671111111111111 
5 0.21933333333333332 0.47955555555555557 0.218 0.4791111111111111 0.24733333333333332 0.47688888888888886 0.21933333333333332 0.47955555555555557 
5 0.9496666666666667 0.5391111111111111 0.9043333333333333 0.5275555555555556 0.8856666666666667 0.5191111111111111 0.8826666666666667 0.5155555555555555 0.8826666666666667 0.5106666666666667 0.9106666666666666 0.5035555555555555 0.9156666666666666 0.5053333333333333 0.891 0.512 0.8906666666666667 0.5142222222222222 0.8933333333333333 0.5173333333333333 0.9033333333333333 0.5222222222222223 0.9533333333333334 0.536 0.9496666666666667 0.5391111111111111 
