0 0.6026348039215687 0.6744281045751634 0.59375 0.6744281045751634 0.6118259803921569 0.6715686274509803 0.680453431372549 0.6666666666666666 0.6853553921568627 0.6666666666666666 0.6884191176470589 0.6695261437908496 0.6859681372549019 0.6699346405228758 0.6847426470588235 0.6719771241830066 0.6504289215686274 0.6727941176470589 0.6458333333333334 0.6715686274509803 0.6446078431372549 0.6727941176470589 0.6026348039215687 0.6744281045751634 
0 0.5922181372549019 0.6748366013071896 0.5906862745098039 0.6748366013071896 0.5922181372549019 0.6748366013071896 
0 0.9996936274509803 0.8508986928104575 0.9243259803921569 0.8259803921568627 0.8360906862745098 0.7904411764705882 0.7208946078431373 0.7508169934640523 0.6770833333333334 0.7287581699346405 0.6764705882352942 0.7160947712418301 0.6780024509803921 0.7120098039215687 0.6868872549019608 0.7197712418300654 0.7107843137254902 0.7295751633986928 0.7689950980392157 0.7504084967320261 0.8265931372549019 0.7696078431372549 0.9996936274509803 0.8223039215686274 0.9996936274509803 0.8508986928104575 
1 0.2846200980392157 0.6805555555555556 0.2824754901960784 0.6805555555555556 0.28278186274509803 0.676062091503268 0.2806372549019608 0.6674836601307189 0.2763480392156863 0.6666666666666666 0.2711397058823529 0.6617647058823529 0.2659313725490196 0.6597222222222222 0.2536764705882353 0.6601307189542484 0.24050245098039216 0.6633986928104575 0.23345588235294118 0.6703431372549019 0.23314950980392157 0.641748366013072 0.23161764705882354 0.6413398692810458 0.23161764705882354 0.6254084967320261 0.27818627450980393 0.6266339869281046 0.35018382352941174 0.6372549019607843 0.38112745098039214 0.6433823529411765 0.38143382352941174 0.6466503267973857 0.3949142156862745 0.6470588235294118 0.3872549019607843 0.6482843137254902 0.3857230392156863 0.6523692810457516 0.37316176470588236 0.6515522875816994 0.36795343137254904 0.6556372549019608 0.36580882352941174 0.6515522875816994 0.3587622549019608 0.6511437908496732 0.35324754901960786 0.6527777777777778 0.35202205882352944 0.6544117647058824 0.34957107843137253 0.6544117647058824 0.3425245098039216 0.6446078431372549 0.3229166666666667 0.6458333333333334 0.31862745098039214 0.6515522875816994 0.3164828431372549 0.6503267973856209 0.296875 0.6515522875816994 0.2916666666666667 0.6568627450980392 0.28982843137254904 0.6621732026143791 0.28799019607843135 0.6625816993464052 0.28860294117647056 0.6654411764705882 0.2849264705882353 0.6719771241830066 0.2846200980392157 0.6805555555555556 
1 0.003676470588235294 0.7173202614379085 0.0 0.7156862745098039 0.0 0.6899509803921569 0.00030637254901960784 0.6915849673202614 0.0070465686274509805 0.6915849673202614 0.0015318627450980392 0.6944444444444444 0.002144607843137255 0.7156862745098039 0.00428921568627451 0.7156862745098039 0.003676470588235294 0.7173202614379085 
5 0.5655637254901961 0.6768790849673203 0.5545343137254902 0.676062091503268 0.5520833333333334 0.6723856209150327 0.5965073529411765 0.6736111111111112 0.5830269607843137 0.676062091503268 0.5655637254901961 0.6768790849673203 
5 0.5818014705882353 0.6752450980392157 0.5845588235294118 0.6748366013071896 0.5818014705882353 0.673202614379085 0.5818014705882353 0.6752450980392157 
2 0.16145833333333334 0.6446078431372549 0.14399509803921567 0.6437908496732027 0.14368872549019607 0.6384803921568627 0.16145833333333334 0.6388888888888888 0.16145833333333334 0.6446078431372549 
2 0.1724877450980392 0.6450163398692811 0.1645220588235294 0.6446078431372549 0.1645220588235294 0.639297385620915 0.1724877450980392 0.639297385620915 0.1724877450980392 0.6450163398692811 
2 0.2113970588235294 0.6883169934640523 0.2104779411764706 0.6883169934640523 0.2104779411764706 0.673202614379085 0.18382352941176472 0.6650326797385621 0.17555147058823528 0.6454248366013072 0.17585784313725492 0.639297385620915 0.22120098039215685 0.6413398692810458 0.22089460784313725 0.6781045751633987 0.2193627450980392 0.678921568627451 0.2181372549019608 0.6825980392156863 0.21721813725490197 0.6736111111111112 0.21568627450980393 0.6723856209150327 0.21476715686274508 0.6736111111111112 0.21446078431372548 0.6858660130718954 0.2113970588235294 0.6883169934640523 
2 0.22242647058823528 0.6772875816993464 0.22242647058823528 0.641748366013072 0.23314950980392157 0.6413398692810458 0.23314950980392157 0.6703431372549019 0.23039215686274508 0.673202614379085 0.22242647058823528 0.6772875816993464 
