0 0.5240963855421686 0.5682730923694779 0.5225903614457831 0.5682730923694779 0.5228413654618473 0.5662650602409639 0.5411646586345381 0.5662650602409639 0.5411646586345381 0.5672690763052208 0.5240963855421686 0.5682730923694779 
0 0.49899598393574296 0.5696117804551539 0.4987449799196787 0.5669344042838019 0.5075301204819277 0.5676037483266398 0.509789156626506 0.5665997322623829 0.5198293172690763 0.5669344042838019 0.5198293172690763 0.5682730923694779 0.5178212851405622 0.5686077643908969 0.49899598393574296 0.5696117804551539 
0 0.48092369477911645 0.57095046854083 0.4796686746987952 0.57095046854083 0.4799196787148594 0.5692771084337349 0.4806726907630522 0.5692771084337349 0.48092369477911645 0.57095046854083 
0 0.4683734939759036 0.571285140562249 0.464859437751004 0.571285140562249 0.46460843373493976 0.5696117804551539 0.47816265060240964 0.5696117804551539 0.47816265060240964 0.57095046854083 0.4683734939759036 0.571285140562249 
0 0.4555722891566265 0.571619812583668 0.44603413654618473 0.571619812583668 0.44477911646586343 0.5699464524765729 0.46184738955823296 0.5699464524765729 0.46184738955823296 0.571285140562249 0.4555722891566265 0.571619812583668 
0 0.5411646586345381 0.5759705488621151 0.5318775100401606 0.5756358768406962 0.5286144578313253 0.5742971887550201 0.5411646586345381 0.5739625167336011 0.5411646586345381 0.5759705488621151 
0 0.5539658634538153 0.5759705488621151 0.5517068273092369 0.5759705488621151 0.5514558232931727 0.5742971887550201 0.5539658634538153 0.5739625167336011 0.5539658634538153 0.5759705488621151 
0 0.6423192771084337 0.5759705488621151 0.5594879518072289 0.5759705488621151 0.5592369477911646 0.5742971887550201 0.6423192771084337 0.5739625167336011 0.6423192771084337 0.5759705488621151 
0 0.4354919678714859 0.5866800535475234 0.4334839357429719 0.5866800535475234 0.43373493975903615 0.5833333333333334 0.46059236947791166 0.5826639892904953 0.4595883534136546 0.5853413654618473 0.4354919678714859 0.5866800535475234 
0 0.4031124497991968 0.5893574297188755 0.4006024096385542 0.5893574297188755 0.40436746987951805 0.5876840696117804 0.4046184738955823 0.5856760374832664 0.41691767068273095 0.5840026773761714 0.4322289156626506 0.5836680053547524 0.43197791164658633 0.5866800535475234 0.4146586345381526 0.5873493975903614 0.4031124497991968 0.5893574297188755 
0 0.4367469879518072 0.5997322623828648 0.4229417670682731 0.5997322623828648 0.42193775100401604 0.5983935742971888 0.42243975903614456 0.5967202141900937 0.4369979919678715 0.5973895582329317 0.45481927710843373 0.5957161981258366 0.4583333333333333 0.5957161981258366 0.4585843373493976 0.5983935742971888 0.4367469879518072 0.5997322623828648 
0 0.022339357429718876 0.6489290495314591 0.020080321285140562 0.6489290495314591 0.02033132530120482 0.64190093708166 0.05747991967871486 0.6375502008032129 0.05747991967871486 0.6445783132530121 0.022339357429718876 0.6489290495314591 
0 0.9997489959839357 0.8942436412315931 0.8822791164658634 0.8370147255689424 0.7414658634538153 0.7637215528781793 0.6593875502008032 0.7228915662650602 0.5732931726907631 0.6736947791164659 0.5549698795180723 0.6562918340026773 0.5627510040160643 0.6562918340026773 0.5695281124497992 0.6522757697456493 0.5865963855421686 0.6509370816599732 0.5865963855421686 0.6546184738955824 0.5740461847389559 0.6562918340026773 0.5823293172690763 0.6633199464524766 0.6144578313253012 0.6817269076305221 0.7120983935742972 0.7262382864792504 0.8087349397590361 0.7690763052208835 0.9312248995983936 0.8165997322623829 0.9997489959839357 0.8453815261044176 0.9997489959839357 0.8942436412315931 
1 0.022339357429718876 0.5622489959839357 0.008785140562248996 0.5605756358768407 0.0037650602409638554 0.5190763052208835 0.0 0.5170682730923695 0.0 0.5040160642570282 0.019829317269076305 0.5053547523427041 0.03137550200803213 0.5020080321285141 0.05145582329317269 0.5036813922356091 0.05145582329317269 0.5083668005354752 0.03112449799196787 0.5190763052208835 0.030873493975903613 0.5612449799196787 0.027610441767068273 0.5605756358768407 0.022339357429718876 0.5622489959839357 
