0 0.6626838235294118 0.5898692810457516 0.6544117647058824 0.5878267973856209 0.649203431372549 0.5845588235294118 0.6488970588235294 0.5808823529411765 0.6519607843137255 0.5788398692810458 0.664828431372549 0.5829248366013072 0.6626838235294118 0.5898692810457516 
0 0.47855392156862747 0.5906862745098039 0.47824754901960786 0.5829248366013072 0.4800857843137255 0.5821078431372549 0.5196078431372549 0.5804738562091504 0.5199142156862745 0.5825163398692811 0.5214460784313726 0.5825163398692811 0.5217524509803921 0.5804738562091504 0.5287990196078431 0.5804738562091504 0.5287990196078431 0.5829248366013072 0.5303308823529411 0.5829248366013072 0.5303308823529411 0.5808823529411765 0.53125 0.5804738562091504 0.5324754901960784 0.5841503267973857 0.5128676470588235 0.5845588235294118 0.47855392156862747 0.5906862745098039 
0 0.4650735294117647 0.5910947712418301 0.46078431372549017 0.5910947712418301 0.4583333333333333 0.5845588235294118 0.4653799019607843 0.5837418300653595 0.4650735294117647 0.5910947712418301 
0 0.6734068627450981 0.5910947712418301 0.6700367647058824 0.5910947712418301 0.6685049019607843 0.5837418300653595 0.6734068627450981 0.5845588235294118 0.6734068627450981 0.5910947712418301 
0 0.6819852941176471 0.5910947712418301 0.6767769607843137 0.5910947712418301 0.6770833333333334 0.5841503267973857 0.6819852941176471 0.5845588235294118 0.680453431372549 0.5878267973856209 0.6819852941176471 0.5910947712418301 
0 0.7184436274509803 0.5927287581699346 0.7141544117647058 0.5923202614379085 0.7184436274509803 0.5857843137254902 0.7184436274509803 0.5927287581699346 
0 0.09712009803921569 0.7998366013071896 0.09650735294117647 0.798202614379085 0.0900735294117647 0.7977941176470589 0.08700980392156862 0.7859477124183006 0.2702205882352941 0.6875 0.42340686274509803 0.5984477124183006 0.42493872549019607 0.5976307189542484 0.4273897058823529 0.5996732026143791 0.4255514705882353 0.6049836601307189 0.31954656862745096 0.6691176470588235 0.19730392156862744 0.7397875816993464 0.09712009803921569 0.7998366013071896 
0 0.0741421568627451 0.8047385620915033 0.07169117647058823 0.7945261437908496 0.08425245098039216 0.7875816993464052 0.07904411764705882 0.798202614379085 0.0741421568627451 0.8047385620915033 
0 0.04044117647058824 0.8165849673202614 0.040747549019607844 0.8108660130718954 0.0704656862745098 0.7953431372549019 0.06740196078431372 0.8035130718954249 0.06004901960784314 0.8018790849673203 0.051470588235294115 0.8133169934640523 0.046262254901960786 0.8100490196078431 0.04044117647058824 0.8165849673202614 
0 0.028799019607843136 0.8235294117647058 0.0272671568627451 0.8231209150326797 0.02665441176470588 0.8186274509803921 0.03676470588235294 0.8137254901960784 0.033394607843137254 0.8223039215686274 0.028799019607843136 0.8235294117647058 
0 0.013174019607843137 0.8316993464052288 0.012254901960784314 0.8263888888888888 0.020833333333333332 0.8223039215686274 0.0196078431372549 0.8288398692810458 0.013174019607843137 0.8316993464052288 
0 0.0 0.8415032679738562 0.0 0.8333333333333334 0.0033700980392156864 0.8312908496732027 0.0 0.8415032679738562 
1 0.6341911764705882 0.48570261437908496 0.6341911764705882 0.47671568627450983 0.640625 0.4750816993464052 0.6678921568627451 0.47549019607843135 0.6678921568627451 0.48366013071895425 0.6412377450980392 0.4820261437908497 0.6341911764705882 0.48570261437908496 
1 0.7034313725490197 0.4840686274509804 0.6810661764705882 0.4840686274509804 0.6801470588235294 0.47549019607843135 0.7058823529411765 0.4783496732026144 0.7034313725490197 0.4840686274509804 
1 0.5560661764705882 0.5629084967320261 0.5150122549019608 0.5625 0.5159313725490197 0.5343137254901961 0.5560661764705882 0.5355392156862745 0.5560661764705882 0.5629084967320261 
1 0.5952818627450981 0.5637254901960784 0.5600490196078431 0.5629084967320261 0.5594362745098039 0.5359477124183006 0.5876225490196079 0.5355392156862745 0.5860906862745098 0.5379901960784313 0.5952818627450981 0.5637254901960784 
1 0.6173406862745098 0.5641339869281046 0.5974264705882353 0.5637254901960784 0.5879289215686274 0.5359477124183006 0.6167279411764706 0.5355392156862745 0.6173406862745098 0.5641339869281046 
1 0.6443014705882353 0.5641339869281046 0.6213235294117647 0.5641339869281046 0.6204044117647058 0.5359477124183006 0.6443014705882353 0.5355392156862745 0.6443014705882353 0.5641339869281046 
1 0.00030637254901960784 0.8329248366013072 0.0 0.5706699346405228 0.11672794117647059 0.5674019607843137 0.2113970588235294 0.5674019607843137 0.26715686274509803 0.5641339869281046 0.33792892156862747 0.5571895424836601 0.36213235294117646 0.5571895424836601 0.3753063725490196 0.5559640522875817 0.3918504901960784 0.5522875816993464 0.42432598039215685 0.5526960784313726 0.42401960784313725 0.5984477124183006 0.2702205882352941 0.6875 0.08762254901960784 0.7859477124183006 0.08639705882352941 0.7851307189542484 0.08455882352941177 0.7875816993464052 0.07230392156862746 0.7941176470588235 0.07138480392156862 0.7933006535947712 0.0701593137254902 0.7953431372549019 0.04044117647058824 0.8112745098039216 0.04013480392156863 0.8051470588235294 0.03676470588235294 0.8133169934640523 0.02696078431372549 0.8186274509803921 0.023590686274509803 0.806781045751634 0.020833333333333332 0.8218954248366013 0.012561274509803922 0.8263888888888888 0.00980392156862745 0.8035130718954249 0.003676470588235294 0.8308823529411765 0.00030637254901960784 0.8329248366013072 
1 0.6734068627450981 0.5841503267973857 0.6620710784313726 0.5825163398692811 0.6522671568627451 0.579248366013072 0.6516544117647058 0.5608660130718954 0.6531862745098039 0.5588235294117647 0.6590073529411765 0.5604575163398693 0.6731004901960784 0.5604575163398693 0.6731004901960784 0.565359477124183 0.6703431372549019 0.5723039215686274 0.6703431372549019 0.5776143790849673 0.6734068627450981 0.5804738562091504 0.6734068627450981 0.5841503267973857 
1 0.6911764705882353 0.5841503267973857 0.6868872549019608 0.5808823529411765 0.6884191176470589 0.5678104575163399 0.6832107843137255 0.5637254901960784 0.6767769607843137 0.5637254901960784 0.6767769607843137 0.5604575163398693 0.6994485294117647 0.5620915032679739 0.6954656862745098 0.5641339869281046 0.696078431372549 0.5821078431372549 0.6933210784313726 0.5821078431372549 0.6911764705882353 0.5841503267973857 
1 0.4797794117647059 0.5825163398692811 0.47824754901960786 0.5825163398692811 0.4788602941176471 0.565359477124183 0.5091911764705882 0.5625 0.5110294117647058 0.5641339869281046 0.5110294117647058 0.5808823529411765 0.4797794117647059 0.5825163398692811 
1 0.7110906862745098 0.5780228758169934 0.710171568627451 0.5625 0.711703431372549 0.5759803921568627 0.7110906862745098 0.5780228758169934 
1 0.4583333333333333 0.5845588235294118 0.4580269607843137 0.5694444444444444 0.46599264705882354 0.565359477124183 0.4653799019607843 0.5837418300653595 0.4583333333333333 0.5845588235294118 
1 0.6822916666666666 0.5841503267973857 0.6770833333333334 0.5841503267973857 0.6767769607843137 0.5829248366013072 0.6825980392156863 0.5825163398692811 0.6822916666666666 0.5841503267973857 
2 0.5560661764705882 0.5808823529411765 0.5315563725490197 0.5808823529411765 0.5303308823529411 0.5804738562091504 0.5306372549019608 0.5723039215686274 0.5287990196078431 0.5727124183006536 0.5287990196078431 0.5804738562091504 0.5217524509803921 0.5804738562091504 0.5211397058823529 0.5723039215686274 0.5196078431372549 0.5727124183006536 0.5196078431372549 0.5804738562091504 0.5113357843137255 0.5804738562091504 0.5110294117647058 0.5641339869281046 0.5082720588235294 0.5625 0.5560661764705882 0.5629084967320261 0.5560661764705882 0.5808823529411765 
2 0.5625 0.5816993464052288 0.5600490196078431 0.5812908496732027 0.5600490196078431 0.5629084967320261 0.5955882352941176 0.5637254901960784 0.600796568627451 0.5788398692810458 0.5625 0.5816993464052288 
2 0.6173406862745098 0.579248366013072 0.6026348039215687 0.579248366013072 0.5974264705882353 0.5641339869281046 0.6173406862745098 0.5641339869281046 0.6173406862745098 0.579248366013072 
2 0.6219362745098039 0.5796568627450981 0.6210171568627451 0.579248366013072 0.6213235294117647 0.5641339869281046 0.6516544117647058 0.5641339869281046 0.6516544117647058 0.5788398692810458 0.6219362745098039 0.5796568627450981 
4 0.10661764705882353 0.9995915032679739 0.0 0.9995915032679739 0.0 0.8958333333333334 0.14399509803921567 0.7953431372549019 0.14399509803921567 0.7871732026143791 0.14920343137254902 0.7814542483660131 0.16605392156862744 0.7798202614379085 0.2696078431372549 0.7066993464052288 0.2659313725490196 0.7050653594771242 0.2711397058823529 0.6997549019607843 0.27910539215686275 0.6997549019607843 0.28308823529411764 0.6973039215686274 0.36519607843137253 0.6446078431372549 0.36550245098039214 0.6409313725490197 0.37285539215686275 0.6405228758169934 0.3915441176470588 0.6294934640522876 0.3918504901960784 0.6258169934640523 0.39705882352941174 0.6258169934640523 0.4013480392156863 0.6229575163398693 0.4329044117647059 0.6013071895424836 0.43443627450980393 0.5955882352941176 0.43964460784313725 0.5972222222222222 0.4420955882352941 0.5906862745098039 0.4479166666666667 0.5902777777777778 0.4537377450980392 0.5861928104575164 0.4540441176470588 0.5825163398692811 0.4580269607843137 0.5841503267973857 0.46047794117647056 0.5910947712418301 0.46200980392156865 0.5915032679738562 0.46200980392156865 0.5992647058823529 0.4583333333333333 0.6013071895424836 0.45925245098039214 0.616421568627451 0.36672794117647056 0.7128267973856209 0.31495098039215685 0.7691993464052288 0.2769607843137255 0.8145424836601307 0.13817401960784315 0.9677287581699346 0.10661764705882353 0.9995915032679739 
