0 0.755 0.494 0.75375 0.494 0.7525 0.49133333333333334 0.75425 0.4886666666666667 0.76 0.493 0.755 0.494 
0 0.6625 0.49 0.63925 0.49 0.6625 0.489 0.6625 0.49 
0 0.696 0.49 0.68475 0.49 0.6845 0.48933333333333334 0.696 0.489 0.696 0.49 
0 0.43125 0.498 0.4305 0.49766666666666665 0.4315 0.496 0.43825 0.49466666666666664 0.438 0.49566666666666664 0.43125 0.498 
0 0.68575 0.5036666666666667 0.685 0.5036666666666667 0.6855 0.49866666666666665 0.696 0.49766666666666665 0.69625 0.502 0.68575 0.5036666666666667 
0 0.357 0.5203333333333333 0.3445 0.5196666666666667 0.367 0.5153333333333333 0.385 0.508 0.424 0.498 0.42925 0.499 0.407 0.505 0.39075 0.5106666666666667 0.3905 0.5076666666666667 0.38375 0.5093333333333333 0.384 0.5126666666666667 0.357 0.5203333333333333 
0 0.629 0.5103333333333333 0.62425 0.51 0.6255 0.5073333333333333 0.62725 0.507 0.6535 0.5046666666666667 0.663 0.5026666666666667 0.66325 0.5073333333333333 0.629 0.5103333333333333 
0 0.55725 0.5166666666666667 0.54725 0.5166666666666667 0.54725 0.5116666666666667 0.555 0.512 0.558 0.5093333333333333 0.5645 0.509 0.56625 0.509 0.5665 0.5113333333333333 0.56875 0.5113333333333333 0.569 0.509 0.57075 0.509 0.57225 0.5103333333333333 0.57175 0.5106666666666667 0.57925 0.516 0.55725 0.5166666666666667 
0 0.602 0.514 0.60075 0.514 0.607 0.5103333333333333 0.6085 0.5126666666666667 0.602 0.514 
0 0.69625 0.559 0.658 0.5473333333333333 0.64675 0.543 0.642 0.539 0.641 0.534 0.64125 0.5306666666666666 0.6445 0.5276666666666666 0.656 0.5266666666666666 0.64925 0.531 0.649 0.533 0.65275 0.537 0.6965 0.5496666666666666 0.69625 0.559 
0 0.2515 0.546 0.24975 0.546 0.2525 0.5413333333333333 0.26725 0.539 0.2675 0.543 0.2515 0.546 
0 0.2215 0.5523333333333333 0.22 0.5523333333333333 0.2215 0.5523333333333333 
0 0.0 0.5996666666666667 0.0 0.5866666666666667 0.10875 0.57 0.169 0.5583333333333333 0.211 0.5526666666666666 0.22 0.5526666666666666 0.0 0.5996666666666667 
0 0.99975 0.6486666666666666 0.8825 0.6133333333333333 0.88125 0.5953333333333334 0.9235 0.607 0.99975 0.624 0.99975 0.6486666666666666 
1 0.70525 0.443 0.70475 0.42833333333333334 0.70825 0.428 0.70525 0.443 
1 0.7345 0.447 0.71925 0.44666666666666666 0.71625 0.44633333333333336 0.716 0.44566666666666666 0.71775 0.43766666666666665 0.7245 0.428 0.73325 0.428 0.7345 0.447 
1 0.7415 0.44633333333333336 0.74025 0.42833333333333334 0.747 0.428 0.7475 0.43233333333333335 0.74375 0.444 0.7415 0.44633333333333336 
1 0.696 0.489 0.6845 0.489 0.6835 0.4603333333333333 0.693 0.45966666666666667 0.693 0.448 0.69475 0.44733333333333336 0.696 0.489 
1 0.07825 0.5536666666666666 0.0785 0.547 0.0345 0.508 0.03425 0.5266666666666666 0.03275 0.527 0.0315 0.5256666666666666 0.0315 0.507 0.0 0.507 0.0 0.451 0.03675 0.4543333333333333 0.07875 0.496 0.0845 0.49533333333333335 0.0885 0.49633333333333335 0.08975 0.502 0.0895 0.51 0.08875 0.512 0.08175 0.5136666666666667 0.083 0.5533333333333333 0.07825 0.5536666666666666 
1 0.64925 0.48966666666666664 0.63925 0.48966666666666664 0.63925 0.47833333333333333 0.63725 0.4686666666666667 0.62625 0.4696666666666667 0.603 0.469 0.593 0.47 0.6065 0.4663333333333333 0.63575 0.465 0.6365 0.455 0.63975 0.45566666666666666 0.64 0.462 0.6615 0.46166666666666667 0.6625 0.489 0.64925 0.48966666666666664 
1 0.312 0.5056666666666667 0.30825 0.499 0.2945 0.499 0.29425 0.5013333333333333 0.29225 0.5013333333333333 0.292 0.49866666666666665 0.276 0.49966666666666665 0.27575 0.49533333333333335 0.2745 0.49233333333333335 0.274 0.488 0.27475 0.48 0.29925 0.481 0.309 0.4826666666666667 0.31025 0.4866666666666667 0.3125 0.489 0.31325 0.49266666666666664 0.3115 0.491 0.312 0.5056666666666667 
5 0.4295 0.499 0.4245 0.49833333333333335 0.43075 0.49633333333333335 0.4305 0.49866666666666665 0.4295 0.499 
5 0.59775 0.5156666666666667 0.59425 0.5156666666666667 0.59725 0.5093333333333333 0.60725 0.5103333333333333 0.59775 0.5156666666666667 
5 0.58 0.5163333333333333 0.5715 0.5106666666666667 0.58075 0.51 0.5825 0.5136666666666667 0.5855 0.516 0.58 0.5163333333333333 
5 0.21525 0.5526666666666666 0.2115 0.5526666666666666 0.25225 0.5416666666666666 0.2495 0.5463333333333333 0.22475 0.552 0.21525 0.5526666666666666 
2 0.62625 0.5033333333333333 0.6255 0.5033333333333333 0.62675 0.5013333333333333 0.63775 0.49966666666666665 0.63975 0.49466666666666664 0.6395 0.49 0.6625 0.49033333333333334 0.6625 0.498 0.64475 0.5013333333333333 0.62625 0.5033333333333333 
2 0.6855 0.49366666666666664 0.68475 0.49366666666666664 0.68475 0.49 0.696 0.49033333333333334 0.696 0.49166666666666664 0.6855 0.49366666666666664 
