0 0.0 0.4738562091503268 0.0 0.4636437908496732 0.004595588235294118 0.46119281045751637 0.05024509803921569 0.4415849673202614 0.11121323529411764 0.42606209150326796 0.11121323529411764 0.42810457516339867 0.11029411764705882 0.4285130718954248 0.05177696078431373 0.4464869281045752 0.0 0.4738562091503268 
0 0.2552083333333333 0.45383986928104575 0.24080882352941177 0.4497549019607843 0.19332107843137256 0.4411764705882353 0.19270833333333334 0.4395424836601307 0.25183823529411764 0.4497549019607843 0.2533700980392157 0.45016339869281047 0.2552083333333333 0.45383986928104575 
0 0.23560049019607843 0.4599673202614379 0.21966911764705882 0.45874183006535946 0.19301470588235295 0.44730392156862747 0.19270833333333334 0.443218954248366 0.21997549019607843 0.4554738562091503 0.2346813725490196 0.45669934640522875 0.23560049019607843 0.4599673202614379 
0 0.28799019607843135 0.46200980392156865 0.2650122549019608 0.45588235294117646 0.265625 0.45383986928104575 0.26715686274509803 0.45302287581699346 0.28707107843137253 0.45751633986928103 0.28799019607843135 0.4583333333333333 0.28799019607843135 0.46200980392156865 
0 0.3244485294117647 0.4714052287581699 0.3088235294117647 0.4673202614379085 0.3112745098039216 0.4624183006535948 0.32199754901960786 0.46405228758169936 0.3272058823529412 0.4681372549019608 0.3278186274509804 0.4701797385620915 0.3244485294117647 0.4714052287581699 
0 0.3391544117647059 0.5024509803921569 0.2610294117647059 0.5024509803921569 0.2533700980392157 0.497140522875817 0.25674019607843135 0.4758986928104575 0.24142156862745098 0.47344771241830064 0.23560049019607843 0.47058823529411764 0.23560049019607843 0.4652777777777778 0.24509803921568626 0.4673202614379085 0.28799019607843135 0.46895424836601307 0.28799019607843135 0.4730392156862745 0.265625 0.4722222222222222 0.2653186274509804 0.4861111111111111 0.26838235294117646 0.4877450980392157 0.3079044117647059 0.49019607843137253 0.33088235294117646 0.48937908496732024 0.3118872549019608 0.4738562091503268 0.3164828431372549 0.47344771241830064 0.3391544117647059 0.48856209150326796 0.3391544117647059 0.5024509803921569 
0 0.3700980392156863 0.48366013071895425 0.34221813725490197 0.4758986928104575 0.34681372549019607 0.47181372549019607 0.3694852941176471 0.4750816993464052 0.3753063725490196 0.4820261437908497 0.3700980392156863 0.48366013071895425 
0 0.5177696078431373 0.5053104575163399 0.45128676470588236 0.5008169934640523 0.39307598039215685 0.4881535947712418 0.4010416666666667 0.4824346405228758 0.4534313725490196 0.4922385620915033 0.4806985294117647 0.4950980392156863 0.49754901960784315 0.4950980392156863 0.5202205882352942 0.5036764705882353 0.5177696078431373 0.5053104575163399 
0 0.7628676470588235 0.5163398692810458 0.671875 0.5134803921568627 0.6681985294117647 0.5130718954248366 0.6678921568627451 0.5089869281045751 0.6878063725490197 0.5061274509803921 0.7631740196078431 0.508578431372549 0.7628676470588235 0.5163398692810458 
0 0.9666053921568627 0.5220588235294118 0.9191176470588235 0.5220588235294118 0.7879901960784313 0.5171568627450981 0.7849264705882353 0.516748366013072 0.7849264705882353 0.5098039215686274 0.9638480392156863 0.5138888888888888 0.9641544117647058 0.5183823529411765 0.9666053921568627 0.5220588235294118 
0 0.7138480392156863 0.7152777777777778 0.6587009803921569 0.6719771241830066 0.5674019607843137 0.5943627450980392 0.5680147058823529 0.5804738562091504 0.5870098039215687 0.568218954248366 0.5977328431372549 0.5678104575163399 0.5916053921568627 0.5735294117647058 0.586703431372549 0.5808823529411765 0.6835171568627451 0.641748366013072 0.7426470588235294 0.7095588235294118 0.7138480392156863 0.7152777777777778 
0 0.0 0.7091503267973857 0.0 0.6548202614379085 0.2104779411764706 0.6572712418300654 0.2493872549019608 0.6025326797385621 0.24632352941176472 0.5939542483660131 0.22732843137254902 0.5866013071895425 0.16574754901960784 0.5845588235294118 0.16819852941176472 0.5804738562091504 0.19087009803921567 0.5804738562091504 0.24111519607843138 0.5841503267973857 0.25980392156862747 0.5890522875816994 0.27236519607843135 0.5939542483660131 0.2775735294117647 0.6029411764705882 0.2806372549019608 0.6425653594771242 0.24632352941176472 0.7050653594771242 0.0 0.7091503267973857 
0 0.15134803921568626 0.5845588235294118 0.14185049019607843 0.5845588235294118 0.14154411764705882 0.5816993464052288 0.14920343137254902 0.5808823529411765 0.15134803921568626 0.5845588235294118 
0 0.00030637254901960784 0.6454248366013072 0.0 0.6241830065359477 0.046262254901960786 0.6008986928104575 0.10416666666666667 0.5841503267973857 0.1133578431372549 0.5841503267973857 0.1133578431372549 0.5882352941176471 0.11274509803921569 0.5886437908496732 0.09803921568627451 0.5931372549019608 0.06985294117647059 0.6049836601307189 0.00030637254901960784 0.6454248366013072 
1 0.3792892156862745 0.45383986928104575 0.35723039215686275 0.45383986928104575 0.3293504901960784 0.4513888888888889 0.32506127450980393 0.4477124183006536 0.31096813725490197 0.4464869281045752 0.30974264705882354 0.41625816993464054 0.32567401960784315 0.4158496732026144 0.32598039215686275 0.39052287581699346 0.3799019607843137 0.39419934640522875 0.3792892156862745 0.45383986928104575 
1 0.28768382352941174 0.44362745098039214 0.2849264705882353 0.443218954248366 0.28370098039215685 0.4375 0.2861519607843137 0.42892156862745096 0.2864583333333333 0.4166666666666667 0.28707107843137253 0.4170751633986928 0.28768382352941174 0.44362745098039214 
1 0.2533700980392157 0.440359477124183 0.24479166666666666 0.43995098039215685 0.24417892156862744 0.41748366013071897 0.24908088235294118 0.4178921568627451 0.25306372549019607 0.431781045751634 0.2533700980392157 0.440359477124183 
1 0.27971813725490197 0.4424019607843137 0.2778799019607843 0.4424019607843137 0.27879901960784315 0.4375 0.27971813725490197 0.4424019607843137 
5 0.3428308823529412 0.47549019607843135 0.3247549019607843 0.4714052287581699 0.3287377450980392 0.46977124183006536 0.3440563725490196 0.4742647058823529 0.3428308823529412 0.47549019607843135 
5 0.39307598039215685 0.4881535947712418 0.3704044117647059 0.48366013071895425 0.37714460784313725 0.48161764705882354 0.39675245098039214 0.4852941176470588 0.39307598039215685 0.4881535947712418 
5 0.6412377450980392 0.5102124183006536 0.5214460784313726 0.5053104575163399 0.5183823529411765 0.5049019607843137 0.5202205882352942 0.5032679738562091 0.5076593137254902 0.4991830065359477 0.640625 0.5044934640522876 0.6412377450980392 0.5053104575163399 0.6412377450980392 0.5102124183006536 
5 0.6681985294117647 0.508578431372549 0.6681985294117647 0.5061274509803921 0.6835171568627451 0.5069444444444444 0.6681985294117647 0.508578431372549 
5 0.9996936274509803 0.9579248366013072 0.7138480392156863 0.7152777777777778 0.7426470588235294 0.7095588235294118 0.7420343137254902 0.7087418300653595 0.742953431372549 0.7079248366013072 0.7680759803921569 0.7058823529411765 0.9996936274509803 0.8700980392156863 0.9996936274509803 0.9579248366013072 
