0 0.4337797619047619 0.7073412698412699 0.43353174603174605 0.7066798941798942 0.4347718253968254 0.707010582010582 0.4337797619047619 0.7073412698412699 
0 0.07316468253968254 0.7767857142857143 0.06324404761904762 0.7764550264550265 0.06547619047619048 0.7701719576719577 0.17063492063492064 0.7685185185185185 0.17162698412698413 0.767526455026455 0.18055555555555555 0.7671957671957672 0.2621527777777778 0.7652116402116402 0.27554563492063494 0.7602513227513228 0.2787698412698413 0.7602513227513228 0.2876984126984127 0.7559523809523809 0.37822420634920634 0.7238756613756614 0.3707837301587302 0.7235449735449735 0.3707837301587302 0.7199074074074074 0.3888888888888889 0.7199074074074074 0.4226190476190476 0.7073412698412699 0.4236111111111111 0.7073412698412699 0.4246031746031746 0.7099867724867724 0.4263392857142857 0.7099867724867724 0.3881448412698413 0.7235449735449735 0.3794642857142857 0.7235449735449735 0.37797619047619047 0.728505291005291 0.31398809523809523 0.7552910052910053 0.3125 0.7556216931216931 0.3115079365079365 0.7483465608465608 0.2849702380952381 0.7582671957671958 0.2847222222222222 0.7668650793650794 0.28422619047619047 0.7671957671957672 0.2537202380952381 0.7721560846560847 0.2465277777777778 0.7724867724867724 0.18080357142857142 0.7754629629629629 0.07316468253968254 0.7767857142857143 
0 0.4273313492063492 0.7096560846560847 0.4263392857142857 0.7096560846560847 0.4273313492063492 0.7096560846560847 
0 0.7936507936507936 0.7781084656084656 0.7435515873015873 0.7738095238095238 0.7145337301587301 0.7701719576719577 0.6984126984126984 0.769510582010582 0.6969246031746031 0.7691798941798942 0.6966765873015873 0.763558201058201 0.7098214285714286 0.7648809523809523 0.7509920634920635 0.7648809523809523 0.7537202380952381 0.7668650793650794 0.7862103174603174 0.7668650793650794 0.783234126984127 0.7658730158730159 0.7924107142857143 0.765542328042328 0.8377976190476191 0.7671957671957672 0.8380456349206349 0.771494708994709 0.7938988095238095 0.7701719576719577 0.7936507936507936 0.7781084656084656 
0 0.28943452380952384 0.765542328042328 0.28869047619047616 0.765542328042328 0.28943452380952384 0.765542328042328 
0 0.28869047619047616 0.7658730158730159 0.2876984126984127 0.7658730158730159 0.28869047619047616 0.7658730158730159 
0 0.28621031746031744 0.7668650793650794 0.2849702380952381 0.7668650793650794 0.2876984126984127 0.7662037037037037 0.28621031746031744 0.7668650793650794 
0 0.8482142857142857 0.7718253968253969 0.8435019841269841 0.7718253968253969 0.8430059523809523 0.7671957671957672 0.8499503968253969 0.7671957671957672 0.8482142857142857 0.7718253968253969 
0 0.9417162698412699 0.7820767195767195 0.8799603174603174 0.7807539682539683 0.8787202380952381 0.7800925925925926 0.9094742063492064 0.7804232804232805 0.9094742063492064 0.7738095238095238 0.8705357142857143 0.7724867724867724 0.8675595238095238 0.7678571428571429 0.9104662698412699 0.7688492063492064 0.9144345238095238 0.7705026455026455 0.9409722222222222 0.7705026455026455 0.9417162698412699 0.7820767195767195 
0 0.8167162698412699 0.7791005291005291 0.8095238095238095 0.7791005291005291 0.8167162698412699 0.7791005291005291 
0 0.8382936507936508 0.7797619047619048 0.8216765873015873 0.779431216931217 0.8382936507936508 0.7797619047619048 
0 0.05853174603174603 0.8640873015873016 0.057787698412698416 0.8640873015873016 0.057787698412698416 0.8373015873015873 0.047371031746031744 0.83994708994709 0.08655753968253968 0.8253968253968254 0.0992063492063492 0.8290343915343915 0.10044642857142858 0.833994708994709 0.09151785714285714 0.8492063492063492 0.05853174603174603 0.8640873015873016 
0 0.9575892857142857 0.9351851851851852 0.8998015873015873 0.9090608465608465 0.8303571428571429 0.8726851851851852 0.7991071428571429 0.845568783068783 0.78125 0.833994708994709 0.7810019841269841 0.8323412698412699 0.7862103174603174 0.8270502645502645 0.8000992063492064 0.8270502645502645 0.7963789682539683 0.8323412698412699 0.8015873015873016 0.8343253968253969 0.8025793650793651 0.8389550264550265 0.8077876984126984 0.8406084656084656 0.8122519841269841 0.8386243386243386 0.8588789682539683 0.8581349206349206 0.921875 0.8865740740740741 0.8514384920634921 0.8591269841269841 0.8504464285714286 0.8826058201058201 0.9575892857142857 0.9351851851851852 
0 0.04712301587301587 0.8406084656084656 0.046130952380952384 0.8406084656084656 0.04712301587301587 0.8406084656084656 
0 0.046130952380952384 0.8409391534391535 0.04538690476190476 0.8409391534391535 0.046130952380952384 0.8409391534391535 
0 0.04513888888888889 0.8412698412698413 0.04439484126984127 0.8412698412698413 0.04513888888888889 0.8412698412698413 
0 0.0441468253968254 0.8416005291005291 0.043402777777777776 0.8416005291005291 0.0441468253968254 0.8416005291005291 
0 0.057787698412698416 0.8644179894179894 0.05704365079365079 0.8644179894179894 0.057787698412698416 0.8644179894179894 
0 0.05704365079365079 0.8647486772486772 0.056051587301587304 0.8647486772486772 0.05704365079365079 0.8647486772486772 
0 0.056051587301587304 0.8650793650793651 0.05530753968253968 0.8650793650793651 0.056051587301587304 0.8650793650793651 
0 0.05530753968253968 0.8654100529100529 0.054563492063492064 0.8654100529100529 0.05530753968253968 0.8654100529100529 
0 0.054563492063492064 0.8657407407407407 0.05381944444444445 0.8657407407407407 0.054563492063492064 0.8657407407407407 
0 0.05357142857142857 0.8660714285714286 0.05282738095238095 0.8660714285714286 0.05357142857142857 0.8660714285714286 
0 0.05282738095238095 0.8664021164021164 0.052083333333333336 0.8664021164021164 0.05282738095238095 0.8664021164021164 
0 0.052083333333333336 0.8667328042328042 0.05133928571428571 0.8667328042328042 0.052083333333333336 0.8667328042328042 
0 0.05109126984126984 0.8670634920634921 0.050347222222222224 0.8670634920634921 0.05109126984126984 0.8670634920634921 
0 0.050347222222222224 0.8673941798941799 0.0496031746031746 0.8673941798941799 0.050347222222222224 0.8673941798941799 
0 0.0496031746031746 0.8677248677248677 0.048859126984126984 0.8677248677248677 0.0496031746031746 0.8677248677248677 
0 0.047867063492063495 0.8683862433862434 0.04712301587301587 0.8683862433862434 0.047867063492063495 0.8683862433862434 
0 0.04712301587301587 0.8687169312169312 0.046378968253968256 0.8687169312169312 0.04712301587301587 0.8687169312169312 
0 0.04538690476190476 0.8693783068783069 0.044642857142857144 0.8693783068783069 0.04538690476190476 0.8693783068783069 
0 0.044642857142857144 0.8697089947089947 0.04389880952380952 0.8697089947089947 0.044642857142857144 0.8697089947089947 
0 0.042162698412698416 0.8707010582010583 0.04141865079365079 0.8707010582010583 0.042162698412698416 0.8707010582010583 
0 0.9226190476190477 0.8872354497354498 0.921875 0.8872354497354498 0.9226190476190477 0.8872354497354498 
0 0.9233630952380952 0.8875661375661376 0.9226190476190477 0.8875661375661376 0.9233630952380952 0.8875661375661376 
0 0.9241071428571429 0.8878968253968254 0.9233630952380952 0.8878968253968254 0.9241071428571429 0.8878968253968254 
0 0.9997519841269841 0.9546957671957672 0.9947916666666666 0.9523809523809523 0.9937996031746031 0.9166666666666666 0.9997519841269841 0.9193121693121693 0.9997519841269841 0.9546957671957672 
0 0.9583333333333334 0.935515873015873 0.9575892857142857 0.935515873015873 0.9583333333333334 0.935515873015873 
0 0.9603174603174603 0.9365079365079365 0.9583333333333334 0.9358465608465608 0.9603174603174603 0.9365079365079365 
0 0.9610615079365079 0.9368386243386243 0.9603174603174603 0.9368386243386243 0.9610615079365079 0.9368386243386243 
0 0.9618055555555556 0.9371693121693122 0.9610615079365079 0.9371693121693122 0.9618055555555556 0.9371693121693122 
0 0.9625496031746031 0.9375 0.9618055555555556 0.9375 0.9625496031746031 0.9375 
1 0.8373015873015873 0.7579365079365079 0.7549603174603174 0.7569444444444444 0.7544642857142857 0.7466931216931217 0.7571924603174603 0.7453703703703703 0.7571924603174603 0.7486772486772487 0.7611607142857143 0.7536375661375662 0.763640873015873 0.751984126984127 0.7651289682539683 0.7496693121693122 0.7673611111111112 0.7367724867724867 0.7735615079365079 0.7334656084656085 0.7748015873015873 0.7384259259259259 0.7710813492063492 0.7400793650793651 0.7710813492063492 0.7437169312169312 0.7735615079365079 0.7453703703703703 0.7735615079365079 0.7536375661375662 0.7750496031746031 0.7552910052910053 0.7775297619047619 0.7552910052910053 0.7787698412698413 0.7536375661375662 0.7797619047619048 0.7493386243386243 0.78125 0.7470238095238095 0.78125 0.728505291005291 0.7834821428571429 0.7268518518518519 0.7849702380952381 0.7318121693121693 0.7889384920634921 0.7334656084656085 0.7914186507936508 0.7318121693121693 0.7938988095238095 0.7251984126984127 0.7931547619047619 0.7222222222222222 0.7824900793650794 0.7066798941798942 0.7839781746031746 0.6997354497354498 0.7951388888888888 0.6990740740740741 0.8350694444444444 0.7013888888888888 0.8373015873015873 0.7579365079365079 
1 0.9404761904761905 0.7612433862433863 0.8427579365079365 0.7582671957671958 0.8402777777777778 0.7020502645502645 0.9370039682539683 0.7040343915343915 0.9404761904761905 0.7612433862433863 
1 0.265625 0.708994708994709 0.2648809523809524 0.7086640211640212 0.2663690476190476 0.7086640211640212 0.265625 0.708994708994709 
1 0.20089285714285715 0.7602513227513228 0.1793154761904762 0.7599206349206349 0.17956349206349206 0.7569444444444444 0.1783234126984127 0.7549603174603174 0.14037698412698413 0.7549603174603174 0.13814484126984128 0.7536375661375662 0.13690476190476192 0.7483465608465608 0.13169642857142858 0.7450396825396826 0.1267361111111111 0.7450396825396826 0.1185515873015873 0.7483465608465608 0.11259920634920635 0.7483465608465608 0.10664682539682539 0.7414021164021164 0.09672619047619048 0.7433862433862434 0.08754960317460317 0.7486772486772487 0.08159722222222222 0.75 0.08085317460317461 0.751984126984127 0.08506944444444445 0.7129629629629629 0.08556547619047619 0.7116402116402116 0.09449404761904762 0.7116402116402116 0.1158234126984127 0.7146164021164021 0.13343253968253968 0.7129629629629629 0.16666666666666666 0.7129629629629629 0.16666666666666666 0.718915343915344 0.16790674603174602 0.7235449735449735 0.17063492063492064 0.7271825396825397 0.171875 0.7301587301587301 0.17584325396825398 0.7301587301587301 0.17981150793650794 0.7248677248677249 0.19345238095238096 0.718584656084656 0.19866071428571427 0.7129629629629629 0.2621527777777778 0.708994708994709 0.25992063492063494 0.7258597883597884 0.25496031746031744 0.7298280423280423 0.24479166666666666 0.7248677248677249 0.23983134920634921 0.7248677248677249 0.23958333333333334 0.7268518518518519 0.2361111111111111 0.7298280423280423 0.23462301587301587 0.7334656084656085 0.2326388888888889 0.7347883597883598 0.22991071428571427 0.7347883597883598 0.22718253968253968 0.7248677248677249 0.21850198412698413 0.7248677248677249 0.2105654761904762 0.7334656084656085 0.20808531746031747 0.7400793650793651 0.20808531746031747 0.7437169312169312 0.2041170634920635 0.7513227513227513 0.203125 0.7569444444444444 0.20535714285714285 0.7589285714285714 0.20089285714285715 0.7602513227513228 
1 0.2710813492063492 0.7248677248677249 0.26264880952380953 0.7248677248677249 0.26339285714285715 0.7215608465608465 0.2700892857142857 0.7218915343915344 0.2710813492063492 0.7248677248677249 
1 0.7507440476190477 0.7569444444444444 0.7423115079365079 0.7569444444444444 0.7507440476190477 0.7496693121693122 0.7507440476190477 0.7569444444444444 
1 0.7420634920634921 0.7569444444444444 0.7222222222222222 0.7569444444444444 0.7219742063492064 0.7559523809523809 0.7420634920634921 0.7569444444444444 
2 0.9930555555555556 0.8452380952380952 0.9444444444444444 0.8290343915343915 0.9370039682539683 0.7046957671957672 0.9372519841269841 0.7033730158730159 0.9382440476190477 0.7033730158730159 0.9372519841269841 0.6825396825396826 0.9352678571428571 0.6752645502645502 0.9347718253968254 0.6613756613756614 0.9434523809523809 0.6716269841269841 0.9583333333333334 0.6732804232804233 0.9685019841269841 0.6716269841269841 0.9744543650793651 0.6798941798941799 0.9756944444444444 0.6845238095238095 0.9756944444444444 0.6901455026455027 0.9719742063492064 0.7000661375661376 0.9682539682539683 0.7013888888888888 0.964781746031746 0.6980820105820106 0.9583333333333334 0.6997354497354498 0.9543650793650794 0.7033730158730159 0.9543650793650794 0.7099867724867724 0.9580853174603174 0.7166005291005291 0.9593253968253969 0.7235449735449735 0.9565972222222222 0.7288359788359788 0.9518849206349206 0.7334656084656085 0.9506448412698413 0.7410714285714286 0.9546130952380952 0.7470238095238095 0.9580853174603174 0.7473544973544973 0.9568452380952381 0.7536375661375662 0.9518849206349206 0.7585978835978836 0.9518849206349206 0.7757936507936508 0.9543650793650794 0.7837301587301587 0.9580853174603174 0.7886904761904762 0.9580853174603174 0.7919973544973545 0.9538690476190477 0.7966269841269841 0.9469246031746031 0.8005952380952381 0.9456845238095238 0.8088624338624338 0.9645337301587301 0.8088624338624338 0.9672619047619048 0.8187830687830688 0.9722222222222222 0.8187830687830688 0.9784226190476191 0.8257275132275133 0.9833829365079365 0.8287037037037037 0.9880952380952381 0.8333333333333334 0.9895833333333334 0.8389550264550265 0.9930555555555556 0.8452380952380952 
2 0.9997519841269841 0.84755291005291 0.9945436507936508 0.8458994708994709 0.9997519841269841 0.845568783068783 0.9997519841269841 0.84755291005291 
