1 0.8484375 0.6356481481481482 0.84765625 0.6347222222222222 0.8419270833333333 0.5259259259259259 0.9997395833333333 0.4550925925925926 0.9994791666666667 0.6199074074074075 0.8484375 0.6356481481481482 
1 0.5986979166666667 0.6638888888888889 0.5953125 0.6638888888888889 0.59453125 0.6356481481481482 0.7721354166666666 0.5564814814814815 0.7734375 0.5787037037037037 0.7859375 0.5736111111111111 0.77890625 0.5986111111111111 0.7786458333333334 0.611574074074074 0.78203125 0.6180555555555556 0.784375 0.6180555555555556 0.7864583333333334 0.6199074074074075 0.7903645833333334 0.6296296296296297 0.7997395833333333 0.6291666666666667 0.8002604166666667 0.6402777777777777 0.7986979166666667 0.6416666666666667 0.65703125 0.6587962962962963 0.5986979166666667 0.6638888888888889 
1 0.00625 0.7333333333333333 0.0 0.7333333333333333 0.0 0.5671296296296297 0.11848958333333333 0.5902777777777778 0.22109375 0.6157407407407407 0.3375 0.638425925925926 0.3609375 0.6435185185185185 0.3619791666666667 0.6453703703703704 0.36302083333333335 0.6930555555555555 0.33541666666666664 0.6944444444444444 0.22109375 0.7101851851851851 0.00625 0.7333333333333333 
1 0.5434895833333333 0.6856481481481481 0.5434895833333333 0.6782407407407407 0.5463541666666667 0.6717592592592593 0.5565104166666667 0.663425925925926 0.5635416666666667 0.6611111111111111 0.5830729166666667 0.6504629629629629 0.5921875 0.6486111111111111 0.5927083333333333 0.6643518518518519 0.5880208333333333 0.6648148148148149 0.5885416666666666 0.6810185185185185 0.5518229166666667 0.6819444444444445 0.5434895833333333 0.6856481481481481 
1 0.4075520833333333 0.6930555555555555 0.40677083333333336 0.6925925925925925 0.40598958333333335 0.6537037037037037 0.4080729166666667 0.6532407407407408 0.40963541666666664 0.6555555555555556 0.43072916666666666 0.662962962962963 0.4421875 0.6736111111111112 0.4427083333333333 0.6898148148148148 0.43697916666666664 0.6884259259259259 0.4075520833333333 0.6930555555555555 
1 0.45703125 0.6916666666666667 0.44427083333333334 0.6902777777777778 0.4434895833333333 0.6736111111111112 0.45208333333333334 0.6736111111111112 0.45755208333333336 0.6759259259259259 0.45807291666666666 0.6773148148148148 0.48515625 0.6800925925925926 0.484375 0.6893518518518519 0.45729166666666665 0.6902777777777778 0.45703125 0.6916666666666667 
2 0.46510416666666665 0.7013888888888888 0.46328125 0.7013888888888888 0.4635416666666667 0.6921296296296297 0.45729166666666665 0.6916666666666667 0.45703125 0.6907407407407408 0.484375 0.6898148148148148 0.48515625 0.6995370370370371 0.46901041666666665 0.7 0.46510416666666665 0.7013888888888888 
2 0.49895833333333334 0.6995370370370371 0.48880208333333336 0.6995370370370371 0.48854166666666665 0.6986111111111111 0.4890625 0.6972222222222222 0.49895833333333334 0.6972222222222222 0.49895833333333334 0.6995370370370371 
4 0.3703125 0.7347222222222223 0.36953125 0.7347222222222223 0.3692708333333333 0.7291666666666666 0.3690104166666667 0.6990740740740741 0.43697916666666664 0.6884259259259259 0.4635416666666667 0.6925925925925925 0.46328125 0.7018518518518518 0.45625 0.7037037037037037 0.44166666666666665 0.7037037037037037 0.4080729166666667 0.7175925925925926 0.40546875 0.7180555555555556 0.40520833333333334 0.7083333333333334 0.403125 0.7083333333333334 0.40338541666666666 0.7194444444444444 0.40130208333333334 0.7208333333333333 0.4005208333333333 0.7092592592592593 0.39869791666666665 0.7087962962962963 0.39921875 0.7217592592592592 0.3958333333333333 0.7231481481481481 0.39505208333333336 0.7097222222222223 0.3924479166666667 0.7097222222222223 0.3924479166666667 0.7263888888888889 0.3888020833333333 0.7268518518518519 0.3880208333333333 0.711574074074074 0.38567708333333334 0.711574074074074 0.3848958333333333 0.7287037037037037 0.3802083333333333 0.7287037037037037 0.37994791666666666 0.7134259259259259 0.37864583333333335 0.7134259259259259 0.3776041666666667 0.7143518518518519 0.37786458333333334 0.7319444444444444 0.3731770833333333 0.7328703703703704 0.37265625 0.7148148148148148 0.3703125 0.7143518518518519 0.36953125 0.7166666666666667 0.3703125 0.7347222222222223 
3 0.9997395833333333 0.9314814814814815 0.9268229166666667 0.9106481481481481 0.8692708333333333 0.8972222222222223 0.8447916666666667 0.9023148148148148 0.8393229166666667 0.9009259259259259 0.56953125 0.7152777777777778 0.54375 0.6958333333333333 0.5434895833333333 0.6856481481481481 0.5518229166666667 0.6819444444444445 0.5885416666666666 0.6810185185185185 0.58828125 0.6643518518518519 0.65703125 0.6587962962962963 0.86796875 0.6328703703703704 0.9997395833333333 0.6194444444444445 0.9997395833333333 0.9314814814814815 
3 0.0 0.8847222222222222 0.0 0.7333333333333333 0.22109375 0.7101851851851851 0.33541666666666664 0.6944444444444444 0.3684895833333333 0.6930555555555555 0.36953125 0.7347222222222223 0.0 0.8847222222222222 
