0 0.9901041666666667 0.6416666666666667 0.990625 0.6388888888888888 0.9994791666666667 0.6388888888888888 0.9901041666666667 0.6416666666666667 
0 0.9046875 0.6564814814814814 0.8989583333333333 0.6555555555555556 0.95 0.6472222222222223 0.95 0.649074074074074 0.925 0.6546296296296297 0.9046875 0.6564814814814814 
0 0.5151041666666667 0.7675925925925926 0.49947916666666664 0.7666666666666667 0.4947916666666667 0.7611111111111111 0.49583333333333335 0.7509259259259259 0.5036458333333333 0.7481481481481481 0.5036458333333333 0.7527777777777778 0.5057291666666667 0.7537037037037037 0.5197916666666667 0.7537037037037037 0.6255208333333333 0.7425925925925926 0.7822916666666667 0.712037037037037 0.8885416666666667 0.6833333333333333 0.9994791666666667 0.6472222222222223 0.9994791666666667 0.6527777777777778 0.9416666666666667 0.675 0.7463541666666667 0.7324074074074074 0.6072916666666667 0.7583333333333333 0.5151041666666667 0.7675925925925926 
0 0.8375 0.6611111111111111 0.8348958333333333 0.6611111111111111 0.8375 0.6611111111111111 
0 0.8052083333333333 0.6824074074074075 0.8026041666666667 0.6805555555555556 0.8286458333333333 0.6722222222222223 0.8291666666666667 0.675 0.8286458333333333 0.6768518518518518 0.8052083333333333 0.6824074074074075 
0 0.15885416666666666 0.6916666666666667 0.14791666666666667 0.6916666666666667 0.146875 0.6888888888888889 0.16197916666666667 0.6888888888888889 0.15885416666666666 0.6916666666666667 
0 0.0375 0.6972222222222222 0.03229166666666667 0.6972222222222222 0.0375 0.6972222222222222 
0 0.0609375 0.700925925925926 0.04739583333333333 0.6981481481481482 0.0609375 0.6981481481481482 0.0609375 0.700925925925926 
0 0.051041666666666666 0.7138888888888889 0.0010416666666666667 0.7064814814814815 0.0 0.7 0.049479166666666664 0.7074074074074074 0.051041666666666666 0.7138888888888889 
0 0.39479166666666665 0.7194444444444444 0.38125 0.7194444444444444 0.3807291666666667 0.7129629629629629 0.5135416666666667 0.7074074074074074 0.5119791666666667 0.7138888888888889 0.39479166666666665 0.7194444444444444 
0 0.6817708333333333 0.712037037037037 0.6770833333333334 0.712037037037037 0.6817708333333333 0.7074074074074074 0.6875 0.7074074074074074 0.6880208333333333 0.7101851851851851 0.6817708333333333 0.712037037037037 
0 0.2953125 0.7194444444444444 0.2625 0.7166666666666667 0.2640625 0.7111111111111111 0.2953125 0.712037037037037 0.2953125 0.7194444444444444 
0 0.34739583333333335 0.7194444444444444 0.2989583333333333 0.7194444444444444 0.2984375 0.7138888888888889 0.34739583333333335 0.7129629629629629 0.34739583333333335 0.7194444444444444 
0 0.3619791666666667 0.7194444444444444 0.36041666666666666 0.7194444444444444 0.3609375 0.7129629629629629 0.3619791666666667 0.7138888888888889 0.3619791666666667 0.7194444444444444 
0 0.3723958333333333 0.7194444444444444 0.36875 0.7194444444444444 0.36822916666666666 0.7138888888888889 0.371875 0.7129629629629629 0.3723958333333333 0.7194444444444444 
0 0.35208333333333336 0.7194444444444444 0.35052083333333334 0.7194444444444444 0.3515625 0.7157407407407408 0.35208333333333336 0.7194444444444444 
0 0.409375 0.7305555555555555 0.3828125 0.7305555555555555 0.384375 0.7277777777777777 0.4083333333333333 0.7240740740740741 0.509375 0.7203703703703703 0.509375 0.7240740740740741 0.409375 0.7305555555555555 
0 0.3046875 0.7324074074074074 0.24166666666666667 0.7314814814814815 0.2453125 0.7268518518518519 0.2526041666666667 0.725 0.32135416666666666 0.725 0.3302083333333333 0.7287037037037037 0.3302083333333333 0.7314814814814815 0.3046875 0.7324074074074074 
1 0.9010416666666666 0.6398148148148148 0.8989583333333333 0.6398148148148148 0.8947916666666667 0.6231481481481481 0.9994791666666667 0.6064814814814815 0.9989583333333333 0.6194444444444445 0.9901041666666667 0.6212962962962963 0.9875 0.6148148148148148 0.984375 0.6111111111111112 0.9776041666666667 0.612037037037037 0.9692708333333333 0.6166666666666667 0.9588541666666667 0.6175925925925926 0.9526041666666667 0.6305555555555555 0.9010416666666666 0.6398148148148148 
1 0.8385416666666666 0.6509259259259259 0.834375 0.6509259259259259 0.8338541666666667 0.6472222222222223 0.825 0.6361111111111111 0.8427083333333333 0.6324074074074074 0.840625 0.65 0.8385416666666666 0.6509259259259259 
1 0.0203125 0.7027777777777777 0.018229166666666668 0.7027777777777777 0.019270833333333334 0.6611111111111111 0.041666666666666664 0.6611111111111111 0.0375 0.6685185185185185 0.0375 0.6768518518518518 0.019791666666666666 0.6768518518518518 0.0203125 0.7027777777777777 
5 0.0609375 0.7166666666666667 0.0515625 0.7148148148148148 0.049479166666666664 0.7083333333333334 0.06041666666666667 0.7092592592592593 0.0609375 0.7166666666666667 
5 0.24166666666666667 0.7314814814814815 0.15052083333333333 0.725925925925926 0.15 0.7212962962962963 0.24635416666666668 0.725925925925926 0.24166666666666667 0.7314814814814815 
5 0.3307291666666667 0.7314814814814815 0.3307291666666667 0.7277777777777777 0.346875 0.7287037037037037 0.346875 0.7305555555555555 0.3307291666666667 0.7314814814814815 
5 0.353125 0.7305555555555555 0.35052083333333334 0.7305555555555555 0.35 0.7287037037037037 0.35260416666666666 0.7277777777777777 0.353125 0.7305555555555555 
5 0.3619791666666667 0.7305555555555555 0.35625 0.7305555555555555 0.35572916666666665 0.7287037037037037 0.3619791666666667 0.7277777777777777 0.3619791666666667 0.7305555555555555 
5 0.37395833333333334 0.7305555555555555 0.36875 0.7305555555555555 0.36822916666666666 0.7287037037037037 0.3734375 0.7277777777777777 0.37395833333333334 0.7305555555555555 
5 0.3828125 0.7305555555555555 0.3802083333333333 0.7287037037037037 0.38385416666666666 0.7277777777777777 0.3828125 0.7305555555555555 
