1 0.9996936274509803 0.516748366013072 0.9276960784313726 0.5036764705882353 0.9301470588235294 0.42197712418300654 0.9996936274509803 0.42034313725490197 0.9996936274509803 0.516748366013072 
1 0.8771446078431373 0.49468954248366015 0.6501225490196079 0.45465686274509803 0.6498161764705882 0.42892156862745096 0.8805147058823529 0.42320261437908496 0.8771446078431373 0.49468954248366015 
1 0.6017156862745098 0.45383986928104575 0.5870098039215687 0.45016339869281047 0.5857843137254902 0.4493464052287582 0.5857843137254902 0.44689542483660133 0.5839460784313726 0.44199346405228757 0.5805759803921569 0.4444444444444444 0.5796568627450981 0.440359477124183 0.5805759803921569 0.43995098039215685 0.5808823529411765 0.4293300653594771 0.6026348039215687 0.43014705882352944 0.6017156862745098 0.45383986928104575 
1 0.6259191176470589 0.46078431372549017 0.6109068627450981 0.45669934640522875 0.6121323529411765 0.4309640522875817 0.6473651960784313 0.4305555555555556 0.6470588235294118 0.460375816993464 0.6259191176470589 0.46078431372549017 
1 0.553921568627451 0.44689542483660133 0.5496323529411765 0.44689542483660133 0.5499387254901961 0.4387254901960784 0.5557598039215687 0.4395424836601307 0.553921568627451 0.44689542483660133 
1 0.5686274509803921 0.44812091503267976 0.5637254901960784 0.4477124183006536 0.5640318627450981 0.4395424836601307 0.5689338235294118 0.43995098039215685 0.5686274509803921 0.44812091503267976 
2 0.8725490196078431 0.6025326797385621 0.6443014705882353 0.4991830065359477 0.6439950980392157 0.4852941176470588 0.6237745098039216 0.4889705882352941 0.6109068627450981 0.48284313725490197 0.6099877450980392 0.4824346405228758 0.6099877450980392 0.47671568627450983 0.6109068627450981 0.4571078431372549 0.6259191176470589 0.46078431372549017 0.6470588235294118 0.460375816993464 0.6470588235294118 0.42892156862745096 0.6498161764705882 0.4285130718954248 0.6501225490196079 0.45465686274509803 0.8771446078431373 0.49468954248366015 0.8725490196078431 0.6025326797385621 
2 0.5376838235294118 0.44730392156862747 0.5202205882352942 0.44689542483660133 0.5220588235294118 0.4395424836601307 0.524203431372549 0.4415849673202614 0.5266544117647058 0.4415849673202614 0.5278799019607843 0.4387254901960784 0.5297181372549019 0.4411764705882353 0.53125 0.4395424836601307 0.5330882352941176 0.4411764705882353 0.5379901960784313 0.4415849673202614 0.5376838235294118 0.44730392156862747 
2 0.5536151960784313 0.4554738562091503 0.5487132352941176 0.4534313725490196 0.5490196078431373 0.43913398692810457 0.5496323529411765 0.43995098039215685 0.5496323529411765 0.44689542483660133 0.553921568627451 0.44730392156862747 0.5536151960784313 0.4554738562091503 
2 0.5683210784313726 0.4624183006535948 0.5634191176470589 0.460375816993464 0.5640318627450981 0.4477124183006536 0.5686274509803921 0.4485294117647059 0.5683210784313726 0.4624183006535948 
2 0.6011029411764706 0.47794117647058826 0.5857843137254902 0.4709967320261438 0.5863970588235294 0.45302287581699346 0.5824142156862745 0.4534313725490196 0.5784313725490197 0.4673202614379085 0.5750612745098039 0.46568627450980393 0.5750612745098039 0.45955882352941174 0.5784313725490197 0.45874183006535946 0.5784313725490197 0.45098039215686275 0.5860906862745098 0.4522058823529412 0.586703431372549 0.4497549019607843 0.6017156862745098 0.45383986928104575 0.6011029411764706 0.47794117647058826 
2 0.9996936274509803 0.6605392156862745 0.9246323529411765 0.6266339869281046 0.9280024509803921 0.5036764705882353 0.9996936274509803 0.5171568627450981 0.9996936274509803 0.6605392156862745 
