0 0.46292892156862747 0.636437908496732 0.45098039215686275 0.6115196078431373 0.4635416666666667 0.6343954248366013 0.46292892156862747 0.636437908496732 
0 0.3241421568627451 0.6450163398692811 0.3232230392156863 0.641748366013072 0.3287377450980392 0.6401143790849673 0.38112745098039214 0.6147875816993464 0.3241421568627451 0.6450163398692811 
0 0.21568627450980393 0.6821895424836601 0.21262254901960784 0.6821895424836601 0.21292892156862744 0.6764705882352942 0.24785539215686275 0.6658496732026143 0.24785539215686275 0.6723856209150327 0.21568627450980393 0.6821895424836601 
0 0.5404411764705882 0.6940359477124183 0.5165441176470589 0.6736111111111112 0.5162377450980392 0.6687091503267973 0.5386029411764706 0.6862745098039216 0.5404411764705882 0.6911764705882353 0.5404411764705882 0.6940359477124183 
0 0.1642156862745098 0.7022058823529411 0.16299019607843138 0.6948529411764706 0.17800245098039216 0.6899509803921569 0.1881127450980392 0.690359477124183 0.1642156862745098 0.7022058823529411 
0 0.6544117647058824 0.755718954248366 0.6366421568627451 0.7467320261437909 0.6253063725490197 0.7397875816993464 0.6351102941176471 0.7369281045751634 0.6541053921568627 0.7483660130718954 0.6605392156862745 0.7553104575163399 0.6544117647058824 0.755718954248366 
5 0.2959558823529412 0.6523692810457516 0.29503676470588236 0.6523692810457516 0.2959558823529412 0.6491013071895425 0.3229166666666667 0.641748366013072 0.3238357843137255 0.6446078431372549 0.31832107843137253 0.6450163398692811 0.2959558823529412 0.6523692810457516 
5 0.18321078431372548 0.6936274509803921 0.1881127450980392 0.690359477124183 0.18198529411764705 0.6895424836601307 0.21262254901960784 0.6793300653594772 0.21231617647058823 0.6825980392156863 0.18321078431372548 0.6936274509803921 
5 0.6268382352941176 0.7393790849673203 0.5392156862745098 0.6944444444444444 0.5389093137254902 0.6924019607843137 0.5404411764705882 0.6940359477124183 0.5395220588235294 0.6891339869281046 0.6332720588235294 0.7377450980392157 0.6268382352941176 0.7393790849673203 
5 0.8272058823529411 0.8578431372549019 0.7074142156862745 0.7888071895424836 0.6541053921568627 0.7561274509803921 0.6620710784313726 0.7553104575163399 0.7876838235294118 0.8251633986928104 0.7889093137254902 0.8263888888888888 0.7837009803921569 0.8308823529411765 0.8272058823529411 0.8578431372549019 
5 0.9969362745098039 0.9566993464052288 0.8272058823529411 0.858251633986928 0.8514093137254902 0.8660130718954249 0.8455882352941176 0.858251633986928 0.8471200980392157 0.858251633986928 0.9990808823529411 0.9428104575163399 0.9996936274509803 0.9440359477124183 0.9969362745098039 0.9566993464052288 
2 0.35723039215686275 0.6213235294117647 0.35753676470588236 0.6147875816993464 0.3746936274509804 0.6102941176470589 0.3746936274509804 0.6147875816993464 0.3636642156862745 0.6180555555555556 0.35723039215686275 0.6213235294117647 
2 0.3538602941176471 0.6229575163398693 0.35079656862745096 0.6213235294117647 0.35232843137254904 0.616421568627451 0.3553921568627451 0.6156045751633987 0.3556985294117647 0.622140522875817 0.3538602941176471 0.6229575163398693 
