1 0.4758003048780488 0.48653455284552843 0.40720274390243905 0.4766260162601626 0.4066310975609756 0.4723069105691057 0.4759908536585366 0.48221544715447157 0.4758003048780488 0.48653455284552843 
1 0.9998094512195121 0.6935975609756098 0.821265243902439 0.657520325203252 0.6112804878048781 0.6199186991869918 0.5383003048780488 0.6054369918699187 0.5377286585365854 0.6051829268292683 0.5386814024390244 0.6041666666666666 0.5371570121951219 0.5998475609756098 0.5390625 0.5988313008130082 0.5386814024390244 0.5957825203252033 0.5360137195121951 0.5940040650406504 0.5342987804878049 0.5957825203252033 0.5339176829268293 0.5988313008130082 0.5356326219512195 0.6008638211382114 0.5371570121951219 0.6051829268292683 0.5125762195121951 0.6003556910569106 0.47751524390243905 0.5886686991869918 0.45407774390243905 0.5772357723577236 0.4529344512195122 0.5711382113821138 0.4483612804878049 0.5703760162601627 0.4416920731707317 0.571900406504065 0.4327362804878049 0.5673272357723578 0.42778201219512196 0.5660569105691057 0.4272103658536585 0.5632621951219512 0.43064024390243905 0.563770325203252 0.4445503048780488 0.5696138211382114 0.4504573170731707 0.5698678861788617 0.46208079268292684 0.5741869918699187 0.47541920731707316 0.5764735772357723 0.4849466463414634 0.5797764227642277 0.5238185975609756 0.5797764227642277 0.5665015243902439 0.5772357723577236 0.6419588414634146 0.5665650406504065 0.7578125 0.5541158536585366 0.9998094512195121 0.5223577235772358 0.9998094512195121 0.6935975609756098 
1 0.4211128048780488 0.5647865853658537 0.4070121951219512 0.5627540650406504 0.4064405487804878 0.5617378048780488 0.421875 0.5622459349593496 0.4211128048780488 0.5647865853658537 
1 0.38948170731707316 0.5919715447154471 0.38910060975609756 0.5879065040650406 0.390625 0.5863821138211383 0.3931021341463415 0.586890243902439 0.3938643292682927 0.5818089430894309 0.39157774390243905 0.5805386178861789 0.38929115853658536 0.5807926829268293 0.3875762195121951 0.5835873983739838 0.3864329268292683 0.583079268292683 0.3868140243902439 0.5782520325203252 0.3951981707317073 0.577489837398374 0.4028201219512195 0.5752032520325203 0.40625 0.5724085365853658 0.4066310975609756 0.5678353658536586 0.40529725609756095 0.5642784552845529 0.4066310975609756 0.5642784552845529 0.40853658536585363 0.5688516260162602 0.4089176829268293 0.5757113821138211 0.4056783536585366 0.583079268292683 0.3984375 0.5876524390243902 0.38948170731707316 0.5919715447154471 
1 0.0 0.6938516260162602 0.0 0.5764735772357723 0.15796493902439024 0.5810467479674797 0.2183689024390244 0.5838414634146342 0.2663871951219512 0.5828252032520326 0.3151676829268293 0.584349593495935 0.3256478658536585 0.5833333333333334 0.3233612804878049 0.6133130081300813 0.3229801829268293 0.6135670731707317 0.2999237804878049 0.6199186991869918 0.09851371951219512 0.6674288617886179 0.0 0.6938516260162602 
2 0.6179496951219512 0.5701219512195121 0.622141768292683 0.5558943089430894 0.7115091463414634 0.5454776422764228 0.7738185975609756 0.5353150406504065 0.8172637195121951 0.529979674796748 0.9998094512195121 0.5007621951219512 0.9996189024390244 0.5226117886178862 0.7578125 0.5541158536585366 0.6419588414634146 0.5665650406504065 0.6179496951219512 0.5701219512195121 
2 0.5238185975609756 0.5797764227642277 0.5158155487804879 0.5797764227642277 0.4923780487804878 0.5744410569105691 0.47008384146341464 0.5663109756097561 0.4691310975609756 0.5716463414634146 0.46684451219512196 0.571900406504065 0.4660823170731707 0.5683434959349594 0.4636051829268293 0.5655487804878049 0.4609375 0.5658028455284553 0.45960365853658536 0.5670731707317073 0.45884146341463417 0.569359756097561 0.45102896341463417 0.5673272357723578 0.4502667682926829 0.5665650406504065 0.4506478658536585 0.5635162601626016 0.4498856707317073 0.5632621951219512 0.4495045731707317 0.561229674796748 0.4449314024390244 0.5614837398373984 0.44416920731707316 0.5642784552845529 0.4447408536585366 0.5673272357723578 0.4272103658536585 0.5630081300813008 0.43197408536585363 0.5594512195121951 0.43959603658536583 0.5594512195121951 0.4538871951219512 0.5401422764227642 0.4658917682926829 0.5269308943089431 0.4683689024390244 0.5327743902439024 0.4725609756097561 0.5261686991869918 0.47103658536585363 0.5215955284552846 0.4733231707317073 0.5190548780487805 0.47827743902439024 0.5198170731707317 0.4872332317073171 0.514989837398374 0.4914253048780488 0.5154979674796748 0.4889481707317073 0.5264227642276422 0.4916158536585366 0.5279471544715447 0.4891387195121951 0.5327743902439024 0.48666158536585363 0.5309959349593496 0.484375 0.5332825203252033 0.4805640243902439 0.5477642276422764 0.4796112804878049 0.5591971544715447 0.4897103658536585 0.5627540650406504 0.5169588414634146 0.5764735772357723 0.526295731707317 0.5665650406504065 0.5280106707317073 0.5729166666666666 0.5318216463414634 0.571900406504065 0.5365853658536586 0.5599593495934959 0.5503048780487805 0.5602134146341463 0.5579268292682927 0.5645325203252033 0.5613567073170732 0.577489837398374 0.5238185975609756 0.5797764227642277 
2 0.5701219512195121 0.5767276422764228 0.5687881097560976 0.5767276422764228 0.5735518292682927 0.5602134146341463 0.6000381097560976 0.5576727642276422 0.5983231707317073 0.5711382113821138 0.6021341463414634 0.5721544715447154 0.5701219512195121 0.5767276422764228 
2 0.4645579268292683 0.5744410569105691 0.4634146341463415 0.5741869918699187 0.4645579268292683 0.5744410569105691 
4 0.45865091463414637 0.5713922764227642 0.4504573170731707 0.5688516260162602 0.4504573170731707 0.5673272357723578 0.4584603658536585 0.5691056910569106 0.45884146341463417 0.5696138211382114 0.45865091463414637 0.5713922764227642 
4 0.48608993902439024 0.5797764227642277 0.47560975609756095 0.5767276422764228 0.47465701219512196 0.5746951219512195 0.48589939024390244 0.5790142276422764 0.48608993902439024 0.5797764227642277 
3 0.4211128048780488 0.5658028455284553 0.4068216463414634 0.5645325203252033 0.4066310975609756 0.5627540650406504 0.42092225609756095 0.5645325203252033 0.4211128048780488 0.5658028455284553 
3 0.4415015243902439 0.573170731707317 0.4327362804878049 0.5688516260162602 0.42740091463414637 0.5673272357723578 0.4272103658536585 0.5665650406504065 0.42759146341463417 0.5658028455284553 0.4333079268292683 0.5675813008130082 0.4418826219512195 0.571900406504065 0.4415015243902439 0.573170731707317 
3 0.8210746951219512 0.7911585365853658 0.8176448170731707 0.790650406504065 0.7379954268292683 0.7517784552845529 0.5388719512195121 0.6392276422764228 0.4796112804878049 0.6036585365853658 0.45483993902439024 0.5828252032520326 0.45407774390243905 0.577489837398374 0.47751524390243905 0.5886686991869918 0.5125762195121951 0.6003556910569106 0.6112804878048781 0.6199186991869918 0.821265243902439 0.657520325203252 0.9998094512195121 0.6938516260162602 0.9996189024390244 0.7713414634146342 0.8210746951219512 0.7911585365853658 
