0 0.4019607843137255 0.6964869281045751 0.4010416666666667 0.6964869281045751 0.4019607843137255 0.6964869281045751 
0 0.39920343137254904 0.6973039215686274 0.3903186274509804 0.6973039215686274 0.40042892156862747 0.6968954248366013 0.39920343137254904 0.6973039215686274 
0 0.43903186274509803 0.7001633986928104 0.4322916666666667 0.6968954248366013 0.4387254901960784 0.698937908496732 0.43903186274509803 0.7001633986928104 
0 0.34558823529411764 0.7140522875816994 0.3446691176470588 0.7140522875816994 0.3449754901960784 0.7116013071895425 0.3746936274509804 0.7034313725490197 0.3900122549019608 0.6977124183006536 0.3789828431372549 0.7030228758169934 0.34558823529411764 0.7140522875816994 
0 0.46170343137254904 0.7075163398692811 0.4586397058823529 0.7050653594771242 0.46200980392156865 0.7054738562091504 0.46170343137254904 0.7075163398692811 
0 0.4693627450980392 0.7103758169934641 0.4638480392156863 0.7083333333333334 0.4635416666666667 0.7075163398692811 0.4641544117647059 0.7062908496732027 0.4696691176470588 0.7079248366013072 0.4693627450980392 0.7103758169934641 
0 0.4810049019607843 0.7160947712418301 0.47457107843137253 0.7128267973856209 0.47487745098039214 0.7111928104575164 0.4788602941176471 0.7132352941176471 0.48253676470588236 0.7136437908496732 0.4810049019607843 0.7160947712418301 
0 0.5036764705882353 0.7222222222222222 0.49387254901960786 0.7201797385620915 0.4846813725490196 0.7169117647058824 0.4840686274509804 0.7156862745098039 0.4852941176470588 0.7144607843137255 0.5036764705882353 0.7197712418300654 0.5042892156862745 0.7209967320261438 0.5036764705882353 0.7222222222222222 
0 0.0 0.7814542483660131 0.0 0.7777777777777778 0.0628063725490196 0.7712418300653595 0.08884803921568628 0.7663398692810458 0.10386029411764706 0.7602124183006536 0.10477941176470588 0.758578431372549 0.31525735294117646 0.7165032679738562 0.3161764705882353 0.7169117647058824 0.3164828431372549 0.7193627450980392 0.3164828431372549 0.7201797385620915 0.2261029411764706 0.7393790849673203 0.10508578431372549 0.7675653594771242 0.10477941176470588 0.766748366013072 0.09068627450980392 0.7696078431372549 0.0 0.7814542483660131 
0 0.5753676470588235 0.7209967320261438 0.5753676470588235 0.7185457516339869 0.5753676470588235 0.7209967320261438 
0 0.5615808823529411 0.7214052287581699 0.5618872549019608 0.7197712418300654 0.5646446078431373 0.7197712418300654 0.5649509803921569 0.7209967320261438 0.5615808823529411 0.7214052287581699 
0 0.6188725490196079 0.7622549019607843 0.5465686274509803 0.7373366013071896 0.5456495098039216 0.7369281045751634 0.5459558823529411 0.7328431372549019 0.5422794117647058 0.7328431372549019 0.5419730392156863 0.7361111111111112 0.5438112745098039 0.7365196078431373 0.5395220588235294 0.7361111111111112 0.5410539215686274 0.7312091503267973 0.5484068627450981 0.7320261437908496 0.625 0.7532679738562091 0.6274509803921569 0.7553104575163399 0.6237745098039216 0.7569444444444444 0.6231617647058824 0.7618464052287581 0.6188725490196079 0.7622549019607843 
0 0.9996936274509803 0.8312908496732027 0.9920343137254902 0.8304738562091504 0.9905024509803921 0.8231209150326797 0.9996936274509803 0.823937908496732 0.9996936274509803 0.8312908496732027 
1 0.9996936274509803 0.7814542483660131 0.9237132352941176 0.7696078431372549 0.8786764705882353 0.7214052287581699 0.8670343137254902 0.7140522875816994 0.8621323529411765 0.6642156862745098 0.9341299019607843 0.6609477124183006 0.9301470588235294 0.6678921568627451 0.9325980392156863 0.6772875816993464 0.9368872549019608 0.6805555555555556 0.9384191176470589 0.6924019607843137 0.9375 0.7062908496732027 0.9399509803921569 0.7087418300653595 0.9996936274509803 0.7087418300653595 0.9996936274509803 0.7814542483660131 
1 0.8624387254901961 0.7107843137254902 0.8219975490196079 0.7050653594771242 0.7867647058823529 0.7026143790849673 0.7478553921568627 0.7046568627450981 0.7463235294117647 0.6703431372549019 0.8575367647058824 0.6638071895424836 0.8624387254901961 0.7107843137254902 
1 0.45894607843137253 0.7013888888888888 0.45526960784313725 0.7005718954248366 0.4543504901960784 0.6919934640522876 0.45925245098039214 0.6928104575163399 0.45894607843137253 0.7013888888888888 
1 0.46109068627450983 0.6928104575163399 0.45955882352941174 0.6928104575163399 0.46109068627450983 0.6928104575163399 
1 0.49693627450980393 0.6964869281045751 0.4877450980392157 0.696078431372549 0.48743872549019607 0.693218954248366 0.4892769607843137 0.6924019607843137 0.4898897058823529 0.6944444444444444 0.49693627450980393 0.6940359477124183 0.49693627450980393 0.6964869281045751 
1 0.48590686274509803 0.7091503267973857 0.4794730392156863 0.7071078431372549 0.4794730392156863 0.6956699346405228 0.4742647058823529 0.6952614379084967 0.47457107843137253 0.7058823529411765 0.4733455882352941 0.7054738562091504 0.4727328431372549 0.6944444444444444 0.48651960784313725 0.6928104575163399 0.48590686274509803 0.7091503267973857 
1 0.671875 0.7508169934640523 0.5962009803921569 0.733251633986928 0.5952818627450981 0.6940359477124183 0.6056985294117647 0.6936274509803921 0.6063112745098039 0.704248366013072 0.6136642156862745 0.704248366013072 0.6127450980392157 0.6940359477124183 0.6173406862745098 0.693218954248366 0.633578431372549 0.693218954248366 0.6338848039215687 0.7038398692810458 0.6375612745098039 0.7034313725490197 0.6372549019607843 0.6936274509803921 0.6415441176470589 0.6928104575163399 0.6544117647058824 0.6944444444444444 0.6559436274509803 0.7038398692810458 0.6611519607843137 0.7050653594771242 0.6917892156862745 0.7054738562091504 0.6801470588235294 0.7381535947712419 0.671875 0.7508169934640523 
1 0.4675245098039216 0.7038398692810458 0.4653799019607843 0.7030228758169934 0.46629901960784315 0.6936274509803921 0.46721813725490197 0.6964869281045751 0.4675245098039216 0.7038398692810458 
1 0.5223651960784313 0.7038398692810458 0.5159313725490197 0.7038398692810458 0.5165441176470589 0.6940359477124183 0.5220588235294118 0.6940359477124183 0.5223651960784313 0.7038398692810458 
1 0.5637254901960784 0.7058823529411765 0.5235906862745098 0.7046568627450981 0.5235906862745098 0.6944444444444444 0.5637254901960784 0.6936274509803921 0.5637254901960784 0.7058823529411765 
1 0.5940563725490197 0.7328431372549019 0.5796568627450981 0.7295751633986928 0.5787377450980392 0.6940359477124183 0.5934436274509803 0.6940359477124183 0.5940563725490197 0.7328431372549019 
1 0.2925857843137255 0.7144607843137255 0.2815563725490196 0.7132352941176471 0.28278186274509803 0.6940359477124183 0.2931985294117647 0.6944444444444444 0.2925857843137255 0.7144607843137255 
1 0.5750612745098039 0.7054738562091504 0.5680147058823529 0.7054738562091504 0.5689338235294118 0.6940359477124183 0.5747549019607843 0.6944444444444444 0.5750612745098039 0.7054738562091504 
1 0.5150122549019608 0.704248366013072 0.5094975490196079 0.7034313725490197 0.5094975490196079 0.6944444444444444 0.5153186274509803 0.6948529411764706 0.5150122549019608 0.704248366013072 
1 0.6522671568627451 0.7034313725490197 0.6519607843137255 0.7005718954248366 0.6455269607843137 0.6948529411764706 0.6464460784313726 0.7034313725490197 0.6522671568627451 0.7034313725490197 
1 0.6902573529411765 0.7258986928104575 0.6936274509803921 0.7144607843137255 0.6942401960784313 0.7214052287581699 0.6902573529411765 0.7258986928104575 
5 0.4586397058823529 0.7054738562091504 0.45588235294117646 0.7050653594771242 0.45557598039215685 0.704248366013072 0.45894607843137253 0.704248366013072 0.4586397058823529 0.7054738562091504 
5 0.4635416666666667 0.7079248366013072 0.46170343137254904 0.7075163398692811 0.46231617647058826 0.7058823529411765 0.4638480392156863 0.7066993464052288 0.4635416666666667 0.7079248366013072 
5 0.47457107843137253 0.7124183006535948 0.4696691176470588 0.7103758169934641 0.4696691176470588 0.7087418300653595 0.47457107843137253 0.7103758169934641 0.47457107843137253 0.7124183006535948 
5 0.484375 0.7165032679738562 0.4810049019607843 0.7160947712418301 0.4837622549019608 0.7140522875816994 0.4849877450980392 0.7148692810457516 0.484375 0.7165032679738562 
5 0.522671568627451 0.7226307189542484 0.5064338235294118 0.7222222222222222 0.5042892156862745 0.7218137254901961 0.5039828431372549 0.7205882352941176 0.5177696078431373 0.7218137254901961 0.5615808823529411 0.7205882352941176 0.5612745098039216 0.7214052287581699 0.522671568627451 0.7226307189542484 
5 0.6504289215686274 0.7704248366013072 0.6210171568627451 0.7622549019607843 0.6231617647058824 0.7618464052287581 0.6240808823529411 0.7565359477124183 0.6277573529411765 0.7549019607843137 0.6329656862745098 0.761437908496732 0.649203431372549 0.7655228758169934 0.6504289215686274 0.7704248366013072 
2 0.5217524509803921 0.7189542483660131 0.5033700980392157 0.7144607843137255 0.5030637254901961 0.6895424836601307 0.5189950980392157 0.6895424836601307 0.5196078431372549 0.6862745098039216 0.5291053921568627 0.6862745098039216 0.5294117647058824 0.6825980392156863 0.5349264705882353 0.6821895424836601 0.5367647058823529 0.6862745098039216 0.5422794117647058 0.6854575163398693 0.5481004901960784 0.6866830065359477 0.5526960784313726 0.684640522875817 0.5566789215686274 0.6801470588235294 0.5686274509803921 0.6805555555555556 0.5680147058823529 0.7054738562091504 0.5750612745098039 0.7058823529411765 0.5753676470588235 0.7177287581699346 0.5744485294117647 0.7165032679738562 0.5713848039215687 0.7177287581699346 0.5217524509803921 0.7189542483660131 
2 0.006127450980392157 0.766748366013072 0.005208333333333333 0.766748366013072 0.005208333333333333 0.7638888888888888 0.006433823529411764 0.744281045751634 0.030943627450980393 0.741421568627451 0.03216911764705882 0.7250816993464052 0.044730392156862746 0.7242647058823529 0.04442401960784314 0.7397875816993464 0.0661764705882353 0.7369281045751634 0.06770833333333333 0.7214052287581699 0.07720588235294118 0.7218137254901961 0.07720588235294118 0.7352941176470589 0.0940563725490196 0.733251633986928 0.09558823529411764 0.7193627450980392 0.0974264705882353 0.7189542483660131 0.0977328431372549 0.7156862745098039 0.10477941176470588 0.7156862745098039 0.10447303921568628 0.7189542483660131 0.1053921568627451 0.7189542483660131 0.10784313725490197 0.6858660130718954 0.10998774509803921 0.6858660130718954 0.11060049019607843 0.6883169934640523 0.23161764705882354 0.6907679738562091 0.22977941176470587 0.7263071895424836 0.16666666666666666 0.7397875816993464 0.006127450980392157 0.766748366013072 
2 0.5018382352941176 0.7140522875816994 0.48713235294117646 0.7099673202614379 0.48743872549019607 0.6964869281045751 0.49693627450980393 0.6964869281045751 0.49693627450980393 0.6899509803921569 0.5012254901960784 0.6895424836601307 0.5018382352941176 0.7140522875816994 
2 0.24295343137254902 0.7271241830065359 0.23988970588235295 0.7267156862745098 0.24050245098039216 0.690359477124183 0.2824754901960784 0.6919934640522876 0.28125 0.7205882352941176 0.24295343137254902 0.7271241830065359 
2 0.43566176470588236 0.6964869281045751 0.43106617647058826 0.6956699346405228 0.43045343137254904 0.6911764705882353 0.43566176470588236 0.6907679738562091 0.43566176470588236 0.6964869281045751 
2 0.4381127450980392 0.6973039215686274 0.43566176470588236 0.6968954248366013 0.4365808823529412 0.6964869281045751 0.4371936274509804 0.6907679738562091 0.4368872549019608 0.6964869281045751 0.4381127450980392 0.6973039215686274 
2 0.43995098039215685 0.6952614379084967 0.4384191176470588 0.6952614379084967 0.4384191176470588 0.6907679738562091 0.4417892156862745 0.6915849673202614 0.43995098039215685 0.6952614379084967 
2 0.3756127450980392 0.701797385620915 0.37254901960784315 0.701797385620915 0.37316176470588236 0.6911764705882353 0.3762254901960784 0.6915849673202614 0.3762254901960784 0.7013888888888888 0.3756127450980392 0.701797385620915 
2 0.3792892156862745 0.7005718954248366 0.3795955882352941 0.6911764705882353 0.3792892156862745 0.7005718954248366 
2 0.38082107843137253 0.6997549019607843 0.38082107843137253 0.6911764705882353 0.38082107843137253 0.6997549019607843 
2 0.38235294117647056 0.6993464052287581 0.38265931372549017 0.6911764705882353 0.38235294117647056 0.6993464052287581 
2 0.38480392156862747 0.698937908496732 0.38357843137254904 0.698937908496732 0.38357843137254904 0.6919934640522876 0.3860294117647059 0.6911764705882353 0.3863357843137255 0.6985294117647058 0.38480392156862747 0.698937908496732 
2 0.35355392156862747 0.7058823529411765 0.35263480392156865 0.7058823529411765 0.35294117647058826 0.6924019607843137 0.36550245098039214 0.6919934640522876 0.36519607843137253 0.7022058823529411 0.35355392156862747 0.7058823529411765 
2 0.3713235294117647 0.701797385620915 0.36764705882352944 0.701797385620915 0.36795343137254904 0.6915849673202614 0.3713235294117647 0.6919934640522876 0.3713235294117647 0.701797385620915 
2 0.3483455882352941 0.7066993464052288 0.3483455882352941 0.6919934640522876 0.35049019607843135 0.6928104575163399 0.35018382352941174 0.7062908496732027 0.3483455882352941 0.7066993464052288 
2 0.6136642156862745 0.704248366013072 0.6060049019607843 0.704248366013072 0.6060049019607843 0.6924019607843137 0.6127450980392157 0.6924019607843137 0.6136642156862745 0.704248366013072 
2 0.46078431372549017 0.7022058823529411 0.45894607843137253 0.701797385620915 0.45955882352941174 0.6924019607843137 0.46109068627450983 0.693218954248366 0.46078431372549017 0.7022058823529411 
2 0.4653799019607843 0.7034313725490197 0.46170343137254904 0.7026143790849673 0.46231617647058826 0.6928104575163399 0.46599264705882354 0.6936274509803921 0.4653799019607843 0.7034313725490197 
2 0.4730392156862745 0.7054738562091504 0.4675245098039216 0.704248366013072 0.46721813725490197 0.693218954248366 0.4727328431372549 0.6940359477124183 0.4730392156862745 0.7054738562091504 
2 0.5223651960784313 0.7038398692810458 0.5220588235294118 0.6940359477124183 0.5165441176470589 0.6940359477124183 0.5159313725490197 0.7038398692810458 0.5223651960784313 0.7038398692810458 
2 0.5637254901960784 0.7058823529411765 0.5637254901960784 0.6936274509803921 0.5235906862745098 0.6944444444444444 0.5235906862745098 0.7046568627450981 0.5637254901960784 0.7058823529411765 
2 0.5150122549019608 0.704248366013072 0.5153186274509803 0.6948529411764706 0.5094975490196079 0.6944444444444444 0.5094975490196079 0.7034313725490197 0.5150122549019608 0.704248366013072 
2 0.6522671568627451 0.7034313725490197 0.6458333333333334 0.7030228758169934 0.6458333333333334 0.6944444444444444 0.6522671568627451 0.7013888888888888 0.6522671568627451 0.7034313725490197 
2 0.4794730392156863 0.7075163398692811 0.47457107843137253 0.7058823529411765 0.47457107843137253 0.6948529411764706 0.4794730392156863 0.696078431372549 0.4794730392156863 0.7075163398692811 
2 0.48621323529411764 0.7095588235294118 0.48621323529411764 0.6956699346405228 0.48621323529411764 0.7095588235294118 
2 0.23958333333333334 0.7267156862745098 0.23866421568627452 0.7267156862745098 0.23958333333333334 0.7267156862745098 
3 0.18290441176470587 0.9616013071895425 0.13909313725490197 0.9616013071895425 0.23560049019607843 0.8729575163398693 0.35784313725490197 0.747140522875817 0.3795955882352941 0.7283496732026143 0.3946078431372549 0.7169117647058824 0.4065563725490196 0.7095588235294118 0.41482843137254904 0.698937908496732 0.41605392156862747 0.6997549019607843 0.41574754901960786 0.701797385620915 0.41360294117647056 0.7030228758169934 0.4102328431372549 0.7087418300653595 0.39859068627450983 0.7173202614379085 0.36550245098039214 0.7479575163398693 0.2613357843137255 0.8754084967320261 0.18290441176470587 0.9616013071895425 
3 0.48131127450980393 0.7647058823529411 0.45588235294117646 0.7393790849673203 0.4375 0.7173202614379085 0.42922794117647056 0.7001633986928104 0.43106617647058826 0.7005718954248366 0.4381127450980392 0.7152777777777778 0.4528186274509804 0.7328431372549019 0.484375 0.7638888888888888 0.48131127450980393 0.7647058823529411 
3 0.2818627450980392 0.7455065359477124 0.27941176470588236 0.7438725490196079 0.34160539215686275 0.7222222222222222 0.36519607843137253 0.7152777777777778 0.3866421568627451 0.7058823529411765 0.38817401960784315 0.7071078431372549 0.36121323529411764 0.7181372549019608 0.33609068627450983 0.7258986928104575 0.2818627450980392 0.7455065359477124 
