0 0.4872894333843798 0.6794610044916293 0.48759571209800917 0.6778276847692936 0.4891271056661562 0.6782360146998775 0.4872894333843798 0.6794610044916293 
0 0.7874425727411944 0.6978358513679053 0.7644716692189892 0.685177623519804 0.7635528330781011 0.680277664352797 0.7813169984686065 0.6884442629644753 0.7874425727411944 0.6949775418538179 0.7874425727411944 0.6978358513679053 
0 0.467687595712098 0.6888525928950592 0.46248085758039814 0.6888525928950592 0.4774885145482389 0.680277664352797 0.4796324655436447 0.6831359738668844 0.467687595712098 0.6888525928950592 
0 0.0 0.7607186606778277 0.0 0.73172723560637 0.03614088820826952 0.7264189465087791 0.03460949464012251 0.7349938750510412 0.026033690658499236 0.7354022049816251 0.026339969372128638 0.7423438138015517 0.035834609494640124 0.7394855042874643 0.030627871362940276 0.7533687219273173 0.0 0.7607186606778277 
1 0.97947932618683 0.8860759493670886 0.9666156202143951 0.879542670477746 0.9678407350689127 0.8570845242956309 0.8493108728943338 0.7758268681094325 0.8490045941807044 0.7909350755410371 0.8413476263399694 0.7872601061657819 0.842572741194487 0.7721518987341772 0.7905053598774885 0.7354022049816251 0.7901990811638591 0.7472437729685586 0.7846860643185298 0.7423438138015517 0.7874425727411944 0.7068191098407514 0.7898928024502297 0.5618619844834626 0.7972434915773354 0.5590036749693753 0.7947932618683001 0.6586361780318497 0.8339969372128637 0.6704777460187832 0.8364471669218989 0.5430788076766027 0.8150076569678407 0.550837076357697 0.8670750382848392 0.527970600244998 0.9589586523736601 0.4797876684360964 0.9592649310872894 0.4642711310739077 0.9730474732006126 0.46263781135157206 0.974885145482389 0.47447937933850554 0.9996937212863706 0.4728460596161699 0.9996937212863706 0.8693344222131483 0.9834609494640123 0.8628011433238056 0.97947932618683 0.8860759493670886 
1 0.8150076569678407 0.5512454062882809 0.8140888208269526 0.5512454062882809 0.8150076569678407 0.5512454062882809 
1 0.8140888208269526 0.5516537362188648 0.8131699846860643 0.5516537362188648 0.8140888208269526 0.5516537362188648 
5 0.445635528330781 0.6966108615761535 0.4444104134762634 0.6966108615761535 0.4453292496171516 0.6933442221314823 0.46401225114854516 0.6868109432421396 0.4643185298621746 0.6876276031033075 0.46248085758039814 0.6888525928950592 0.4649310872894334 0.6892609228256431 0.445635528330781 0.6966108615761535 
5 0.41439509954058196 0.708452429563087 0.4131699846860643 0.708044099632503 0.41470137825421133 0.703960800326664 0.42297090352220523 0.7011024908125766 0.4321592649310873 0.7006941608819927 0.4315467075038285 0.7019191506737444 0.41439509954058196 0.708452429563087 
5 0.3647779479326187 0.7272356063699469 0.3641653905053599 0.721927317272356 0.3653905053598775 0.7211106574111883 0.4018376722817764 0.708452429563087 0.4036753445635528 0.7104940792160065 0.4076569678407351 0.7109024091465904 0.3647779479326187 0.7272356063699469 
5 0.3485451761102603 0.7333605553287056 0.34701378254211335 0.7280522662311147 0.3540581929555896 0.7251939567170274 0.35436447166921897 0.7309105757452021 0.3485451761102603 0.7333605553287056 
