0 0.46139705882352944 0.5845588235294118 0.4583333333333333 0.5841503267973857 0.45894607843137253 0.5796568627450981 0.47089460784313725 0.5800653594771242 0.47089460784313725 0.5821078431372549 0.46139705882352944 0.5845588235294118 
0 0.7374387254901961 0.6119281045751634 0.6755514705882353 0.5968137254901961 0.6752450980392157 0.5931372549019608 0.7233455882352942 0.6029411764705882 0.7245710784313726 0.6037581699346405 0.7248774509803921 0.6062091503267973 0.7285539215686274 0.6070261437908496 0.7288602941176471 0.6041666666666666 0.7362132352941176 0.6058006535947712 0.7374387254901961 0.6119281045751634 
0 0.027573529411764705 0.6102941176470589 0.0 0.6090686274509803 0.0 0.5972222222222222 0.04442401960784314 0.5988562091503268 0.04840686274509804 0.6004901960784313 0.04840686274509804 0.6094771241830066 0.027573529411764705 0.6102941176470589 
0 0.32659313725490197 0.6119281045751634 0.32567401960784315 0.6119281045751634 0.3324142156862745 0.6066176470588235 0.34191176470588236 0.6033496732026143 0.3636642156862745 0.6021241830065359 0.3912377450980392 0.6033496732026143 0.39705882352941174 0.6062091503267973 0.39705882352941174 0.6090686274509803 0.32659313725490197 0.6119281045751634 
0 0.08700980392156862 0.6094771241830066 0.07475490196078431 0.6094771241830066 0.07475490196078431 0.6045751633986928 0.07628676470588236 0.6037581699346405 0.08731617647058823 0.6078431372549019 0.08700980392156862 0.6094771241830066 
1 0.04595588235294118 0.5964052287581699 0.0 0.5959967320261438 0.0 0.45016339869281047 0.050551470588235295 0.4526143790849673 0.04013480392156863 0.5849673202614379 0.04013480392156863 0.5866013071895425 0.04595588235294118 0.5964052287581699 
1 0.09037990196078431 0.4877450980392157 0.08762254901960784 0.48733660130718953 0.08792892156862746 0.4579248366013072 0.1017156862745098 0.4583333333333333 0.09252450980392157 0.4591503267973856 0.09037990196078431 0.4877450980392157 
1 0.18321078431372548 0.5984477124183006 0.12224264705882353 0.5976307189542484 0.12591911764705882 0.5110294117647058 0.11427696078431372 0.5098039215686274 0.11182598039215687 0.5110294117647058 0.11151960784313726 0.514297385620915 0.10753676470588236 0.5972222222222222 0.08241421568627451 0.5968137254901961 0.08333333333333333 0.5788398692810458 0.08762254901960784 0.5788398692810458 0.08792892156862746 0.5763888888888888 0.09313725490196079 0.494281045751634 0.11243872549019608 0.49387254901960786 0.1133578431372549 0.48937908496732024 0.11795343137254902 0.48856209150326796 0.11948529411764706 0.46200980392156865 0.11580882352941177 0.4583333333333333 0.18872549019607843 0.46078431372549017 0.19178921568627452 0.4652777777777778 0.18964460784313725 0.5036764705882353 0.18872549019607843 0.5049019607843137 0.18535539215686275 0.5044934640522876 0.18229166666666666 0.5077614379084967 0.17800245098039216 0.5232843137254902 0.17493872549019607 0.5424836601307189 0.17432598039215685 0.5620915032679739 0.1801470588235294 0.5625 0.18627450980392157 0.559640522875817 0.18535539215686275 0.5959967320261438 0.18504901960784315 0.5980392156862745 0.18321078431372548 0.5984477124183006 
1 0.11029411764705882 0.4910130718954248 0.09987745098039216 0.48937908496732024 0.10263480392156862 0.4877450980392157 0.10386029411764706 0.45874183006535946 0.10631127450980392 0.4591503267973856 0.10386029411764706 0.4861111111111111 0.10723039215686274 0.48937908496732024 0.11090686274509803 0.48937908496732024 0.11029411764705882 0.4910130718954248 
1 0.18658088235294118 0.5551470588235294 0.18658088235294118 0.5518790849673203 0.18658088235294118 0.5551470588235294 
1 0.1871936274509804 0.5976307189542484 0.1881127450980392 0.5575980392156863 0.23100490196078433 0.5555555555555556 0.23192401960784315 0.5608660130718954 0.23008578431372548 0.5890522875816994 0.1871936274509804 0.5976307189542484 
1 0.31066176470588236 0.5825163398692811 0.29411764705882354 0.5812908496732027 0.2916666666666667 0.5645424836601307 0.2861519607843137 0.5580065359477124 0.30330882352941174 0.5584150326797386 0.3017769607843137 0.5629084967320261 0.3085171568627451 0.5718954248366013 0.31066176470588236 0.5825163398692811 
1 0.375 0.5669934640522876 0.3645833333333333 0.5637254901960784 0.35723039215686275 0.5665849673202614 0.3544730392156863 0.5633169934640523 0.3553921568627451 0.5608660130718954 0.37346813725490197 0.5616830065359477 0.375 0.5669934640522876 
1 0.39675245098039214 0.5910947712418301 0.3863357843137255 0.5910947712418301 0.3918504901960784 0.5890522875816994 0.3915441176470588 0.5829248366013072 0.3897058823529412 0.5784313725490197 0.3893995098039216 0.5718954248366013 0.3893995098039216 0.565359477124183 0.3909313725490196 0.5625 0.39705882352941174 0.5633169934640523 0.39675245098039214 0.5910947712418301 
1 0.43443627450980393 0.5910947712418301 0.4056372549019608 0.5910947712418301 0.40625 0.5637254901960784 0.4375 0.5645424836601307 0.4375 0.5747549019607843 0.43504901960784315 0.5751633986928104 0.43443627450980393 0.5910947712418301 
1 0.6691176470588235 0.5772058823529411 0.6678921568627451 0.5727124183006536 0.6697303921568627 0.5731209150326797 0.6691176470588235 0.5772058823529411 
1 0.6810661764705882 0.5902777777777778 0.6737132352941176 0.5890522875816994 0.6715686274509803 0.5812908496732027 0.6715686274509803 0.5784313725490197 0.6743259803921569 0.5772058823529411 0.6740196078431373 0.5747549019607843 0.6727941176470589 0.5731209150326797 0.6807598039215687 0.5743464052287581 0.6810661764705882 0.5902777777777778 
1 0.7248774509803921 0.5988562091503268 0.7071078431372549 0.5955882352941176 0.6985294117647058 0.5849673202614379 0.6957720588235294 0.5853758169934641 0.6951593137254902 0.5919117647058824 0.6936274509803921 0.5902777777777778 0.6920955882352942 0.5910947712418301 0.6920955882352942 0.5755718954248366 0.7254901960784313 0.5763888888888888 0.7248774509803921 0.5988562091503268 
1 0.7374387254901961 0.6033496732026143 0.7285539215686274 0.5992647058823529 0.7291666666666666 0.576797385620915 0.7398897058823529 0.5776143790849673 0.7395833333333334 0.5964052287581699 0.7386642156862745 0.5955882352941176 0.7371323529411765 0.5980392156862745 0.7374387254901961 0.6033496732026143 
1 0.8097426470588235 0.6303104575163399 0.8036151960784313 0.6290849673202614 0.8011642156862745 0.6233660130718954 0.7956495098039216 0.6143790849673203 0.7892156862745098 0.6115196078431373 0.7858455882352942 0.6086601307189542 0.7843137254901961 0.6094771241830066 0.7824754901960784 0.6160130718954249 0.7821691176470589 0.6229575163398693 0.7791053921568627 0.622140522875817 0.7787990196078431 0.6119281045751634 0.7754289215686274 0.6074346405228758 0.7693014705882353 0.6066176470588235 0.7622549019607843 0.6078431372549019 0.7561274509803921 0.6045751633986928 0.7481617647058824 0.6045751633986928 0.7472426470588235 0.6037581699346405 0.7466299019607843 0.5776143790849673 0.8118872549019608 0.5796568627450981 0.8112745098039216 0.5915032679738562 0.8085171568627451 0.6000816993464052 0.8091299019607843 0.6205065359477124 0.8100490196078431 0.6237745098039216 0.8097426470588235 0.6303104575163399 
1 0.12009803921568628 0.5972222222222222 0.10876225490196079 0.5972222222222222 0.109375 0.5845588235294118 0.11979166666666667 0.5841503267973857 0.12009803921568628 0.5972222222222222 
1 0.9803921568627451 0.5935457516339869 0.9715073529411765 0.5910947712418301 0.9721200980392157 0.5857843137254902 0.9803921568627451 0.5857843137254902 0.9803921568627451 0.5935457516339869 
1 0.984375 0.5947712418300654 0.9840686274509803 0.5861928104575164 0.9859068627450981 0.5857843137254902 0.9862132352941176 0.5878267973856209 0.9849877450980392 0.5890522875816994 0.984375 0.5947712418300654 
1 0.9996936274509803 0.6323529411764706 0.9987745098039216 0.622140522875817 0.9957107843137255 0.6168300653594772 0.9944852941176471 0.6053921568627451 0.9908088235294118 0.5984477124183006 0.9889705882352942 0.5972222222222222 0.9923406862745098 0.5939542483660131 0.9923406862745098 0.5898692810457516 0.9895833333333334 0.5882352941176471 0.9892769607843137 0.5861928104575164 0.9996936274509803 0.5866013071895425 0.9996936274509803 0.6323529411764706 
1 0.00428921568627451 0.9097222222222222 0.0 0.9097222222222222 0.0 0.6924019607843137 0.05269607843137255 0.6748366013071896 0.05514705882352941 0.6613562091503268 0.05667892156862745 0.6576797385620915 0.06709558823529412 0.6535947712418301 0.07935049019607843 0.6548202614379085 0.08302696078431372 0.6593137254901961 0.07965686274509803 0.6658496732026143 0.08670343137254902 0.6658496732026143 0.08547794117647059 0.6499183006535948 0.08670343137254902 0.6139705882352942 0.08700980392156862 0.6090686274509803 0.0900735294117647 0.6013071895424836 0.12346813725490197 0.6115196078431373 0.14583333333333334 0.6254084967320261 0.1559436274509804 0.6303104575163399 0.15441176470588236 0.6895424836601307 0.14307598039215685 0.7401960784313726 0.12959558823529413 0.7904411764705882 0.061887254901960786 0.8966503267973857 0.03216911764705882 0.9072712418300654 0.00428921568627451 0.9097222222222222 
1 0.9996936274509803 0.6580882352941176 0.9969362745098039 0.6576797385620915 0.9996936274509803 0.6356209150326797 0.9996936274509803 0.6580882352941176 
5 0.4022671568627451 0.6094771241830066 0.39736519607843135 0.6094771241830066 0.39705882352941174 0.6062091503267973 0.39828431372549017 0.6045751633986928 0.4231004901960784 0.6045751633986928 0.46292892156862747 0.6021241830065359 0.47150735294117646 0.6004901960784313 0.47150735294117646 0.6041666666666666 0.46875 0.6045751633986928 0.4022671568627451 0.6094771241830066 
5 0.32659313725490197 0.6123366013071896 0.1636029411764706 0.6115196078431373 0.1170343137254902 0.6098856209150327 0.10631127450980392 0.6066176470588235 0.11274509803921569 0.6053921568627451 0.28431372549019607 0.6078431372549019 0.3321078431372549 0.6070261437908496 0.32567401960784315 0.6119281045751634 0.32659313725490197 0.6123366013071896 
