0 0.29963235294117646 0.5098039215686274 0.29932598039215685 0.5069444444444444 0.3128063725490196 0.5061274509803921 0.3128063725490196 0.508578431372549 0.3115808823529412 0.5089869281045751 0.29963235294117646 0.5098039215686274 
0 0.6109068627450981 0.5355392156862745 0.5582107843137255 0.5339052287581699 0.5459558823529411 0.5318627450980392 0.508578431372549 0.5208333333333334 0.47824754901960786 0.5134803921568627 0.47794117647058826 0.5118464052287581 0.47855392156862747 0.5093954248366013 0.48223039215686275 0.5118464052287581 0.5199142156862745 0.5191993464052288 0.5560661764705882 0.5281862745098039 0.6087622549019608 0.5339052287581699 0.6109068627450981 0.5343137254901961 0.6109068627450981 0.5355392156862745 
0 0.21997549019607843 0.5208333333333334 0.21599264705882354 0.5200163398692811 0.21476715686274508 0.5171568627450981 0.25153186274509803 0.5122549019607843 0.25245098039215685 0.5138888888888888 0.25245098039215685 0.5159313725490197 0.25153186274509803 0.5163398692810458 0.21997549019607843 0.5208333333333334 
0 0.8017769607843137 0.5334967320261438 0.7843137254901961 0.5334967320261438 0.7889093137254902 0.5298202614379085 0.7913602941176471 0.5236928104575164 0.8385416666666666 0.5216503267973857 0.8406862745098039 0.5220588235294118 0.8452818627450981 0.5322712418300654 0.8017769607843137 0.5334967320261438 
0 0.6966911764705882 0.5371732026143791 0.6884191176470589 0.5371732026143791 0.6997549019607843 0.5351307189542484 0.6911764705882353 0.5347222222222222 0.6930147058823529 0.5306372549019608 0.7521446078431373 0.5265522875816994 0.7576593137254902 0.5265522875816994 0.7631740196078431 0.5330882352941176 0.7668504901960784 0.5343137254901961 0.6966911764705882 0.5371732026143791 
0 0.8700980392156863 0.5314542483660131 0.8630514705882353 0.5314542483660131 0.8667279411764706 0.5265522875816994 0.8700980392156863 0.5314542483660131 
0 0.0 0.5477941176470589 0.0 0.5404411764705882 0.04136029411764706 0.5363562091503268 0.045649509803921566 0.5404411764705882 0.04442401960784314 0.5445261437908496 0.0 0.5477941176470589 
5 0.47487745098039214 0.508578431372549 0.4424019607843137 0.508578431372549 0.4420955882352941 0.5069444444444444 0.4739583333333333 0.5073529411764706 0.47487745098039214 0.508578431372549 
5 0.6743259803921569 0.5375816993464052 0.6112132352941176 0.5359477124183006 0.6109068627450981 0.5343137254901961 0.6715686274509803 0.5351307189542484 0.6743259803921569 0.5375816993464052 
5 0.6902573529411765 0.5363562091503268 0.6911764705882353 0.5347222222222222 0.6997549019607843 0.5351307189542484 0.6902573529411765 0.5363562091503268 
2 0.4690563725490196 0.5016339869281046 0.4647671568627451 0.5012254901960784 0.4644607843137255 0.4987745098039216 0.4690563725490196 0.4987745098039216 0.4690563725490196 0.5016339869281046 
