0 0.3489583333333333 0.734457671957672 0.34771825396825395 0.734457671957672 0.3482142857142857 0.732473544973545 0.357390873015873 0.7311507936507936 0.35466269841269843 0.7334656084656085 0.3489583333333333 0.734457671957672 
0 0.33407738095238093 0.7371031746031746 0.33382936507936506 0.734457671957672 0.3402777777777778 0.7337962962962963 0.3402777777777778 0.7357804232804233 0.33407738095238093 0.7371031746031746 
0 0.32837301587301587 0.7380952380952381 0.32787698412698413 0.7374338624338624 0.3288690476190476 0.7371031746031746 0.32837301587301587 0.7380952380952381 
0 0.6068948412698413 0.7470238095238095 0.5875496031746031 0.7466931216931217 0.5783730158730159 0.7407407407407407 0.578125 0.7384259259259259 0.5877976190476191 0.7443783068783069 0.6078869047619048 0.7453703703703703 0.6068948412698413 0.7470238095238095 
0 0.3219246031746032 0.7390873015873016 0.3209325396825397 0.7390873015873016 0.3219246031746032 0.7390873015873016 
0 0.3152281746031746 0.7404100529100529 0.3134920634920635 0.7400793650793651 0.3169642857142857 0.7400793650793651 0.3152281746031746 0.7404100529100529 
0 0.29464285714285715 0.7440476190476191 0.2931547619047619 0.7440476190476191 0.2934027777777778 0.7417328042328042 0.3013392857142857 0.7410714285714286 0.3010912698412698 0.7427248677248677 0.29464285714285715 0.7440476190476191 
0 0.283234126984127 0.746031746031746 0.2829861111111111 0.7420634920634921 0.28621031746031744 0.7414021164021164 0.28621031746031744 0.7453703703703703 0.283234126984127 0.746031746031746 
0 0.6743551587301587 0.7457010582010583 0.6614583333333334 0.7453703703703703 0.6622023809523809 0.7427248677248677 0.6741071428571429 0.7423941798941799 0.6743551587301587 0.7457010582010583 
0 0.23040674603174602 0.7552910052910053 0.22916666666666666 0.7552910052910053 0.22941468253968253 0.7516534391534392 0.22842261904761904 0.7509920634920635 0.2777777777777778 0.7430555555555556 0.27802579365079366 0.7466931216931217 0.2775297619047619 0.7470238095238095 0.23040674603174602 0.7552910052910053 
0 0.7991071428571429 0.7483465608465608 0.7795138888888888 0.7483465608465608 0.7767857142857143 0.7433862433862434 0.7904265873015873 0.7440476190476191 0.7986111111111112 0.7470238095238095 0.7991071428571429 0.7483465608465608 
0 0.7986111111111112 0.7536375661375662 0.7822420634920635 0.7533068783068783 0.7819940476190477 0.7526455026455027 0.7827380952380952 0.7493386243386243 0.7963789682539683 0.75 0.7986111111111112 0.7536375661375662 
0 0.8412698412698413 0.7572751322751323 0.8216765873015873 0.7556216931216931 0.8239087301587301 0.751984126984127 0.8387896825396826 0.7526455026455027 0.8412698412698413 0.7572751322751323 
0 0.1909722222222222 0.7579365079365079 0.18774801587301587 0.7579365079365079 0.18551587301587302 0.7562830687830688 0.19791666666666666 0.7536375661375662 0.20610119047619047 0.7533068783068783 0.21329365079365079 0.7533068783068783 0.2140376984126984 0.7556216931216931 0.1909722222222222 0.7579365079365079 
0 0.8715277777777778 0.763558201058201 0.8650793650793651 0.7615740740740741 0.8452380952380952 0.7585978835978836 0.8479662698412699 0.7542989417989417 0.8663194444444444 0.7562830687830688 0.8705357142857143 0.7589285714285714 0.8715277777777778 0.763558201058201 
0 0.18526785714285715 0.7562830687830688 0.18353174603174602 0.7562830687830688 0.18526785714285715 0.7562830687830688 
0 0.9064980158730159 0.7678571428571429 0.8774801587301587 0.7619047619047619 0.8787202380952381 0.7572751322751323 0.904265873015873 0.7609126984126984 0.9064980158730159 0.7678571428571429 
0 0.0 0.7691798941798942 0.0 0.765542328042328 0.06374007936507936 0.7602513227513228 0.11532738095238096 0.7585978835978836 0.14012896825396826 0.7602513227513228 0.140625 0.7622354497354498 0.0 0.7691798941798942 
0 0.9997519841269841 0.904431216931217 0.8650793650793651 0.8488756613756614 0.6810515873015873 0.7853835978835979 0.6217757936507936 0.763558201058201 0.6232638888888888 0.7585978835978836 0.6299603174603174 0.7605820105820106 0.7276785714285714 0.7900132275132276 0.9997519841269841 0.8756613756613757 0.9997519841269841 0.904431216931217 
0 0.9513888888888888 0.7734788359788359 0.9146825396825397 0.7701719576719577 0.9144345238095238 0.769510582010582 0.9156746031746031 0.763558201058201 0.9441964285714286 0.7671957671957672 0.949156746031746 0.7691798941798942 0.9513888888888888 0.7734788359788359 
0 0.9992559523809523 0.7820767195767195 0.9595734126984127 0.7784391534391535 0.9595734126984127 0.7741402116402116 0.9598214285714286 0.7724867724867724 0.9627976190476191 0.769510582010582 0.9997519841269841 0.7738095238095238 0.9992559523809523 0.7820767195767195 
0 0.03249007936507937 0.7824074074074074 0.0 0.7824074074074074 0.0 0.7741402116402116 0.028769841269841268 0.7754629629629629 0.03249007936507937 0.77744708994709 0.03249007936507937 0.7824074074074074 
1 0.7824900793650794 0.753968253968254 0.7544642857142857 0.7529761904761905 0.7442956349206349 0.7506613756613757 0.7418154761904762 0.6759259259259259 0.7487599206349206 0.6765873015873016 0.7490079365079365 0.6825396825396826 0.7847222222222222 0.6822089947089947 0.7872023809523809 0.6881613756613757 0.7574404761904762 0.6878306878306878 0.7574404761904762 0.6921296296296297 0.792906746031746 0.7027116402116402 0.794890873015873 0.7066798941798942 0.7569444444444444 0.6937830687830688 0.7492559523809523 0.6941137566137566 0.7495039682539683 0.6990740740740741 0.7686011904761905 0.7281746031746031 0.7842261904761905 0.7232142857142857 0.7814980158730159 0.7268518518518519 0.7710813492063492 0.7311507936507936 0.7743055555555556 0.7371031746031746 0.7824900793650794 0.7377645502645502 0.783234126984127 0.7407407407407407 0.7752976190476191 0.7410714285714286 0.7824900793650794 0.753968253968254 
1 0.8315972222222222 0.6884920634920635 0.7906746031746031 0.6881613756613757 0.7879464285714286 0.6822089947089947 0.8377976190476191 0.6808862433862434 0.8315972222222222 0.6884920634920635 
1 0.7986111111111112 0.7080026455026455 0.7973710317460317 0.7043650793650794 0.800843253968254 0.7056878306878307 0.7986111111111112 0.7080026455026455 
5 0.6416170634920635 0.7483465608465608 0.6066468253968254 0.7473544973544973 0.6081349206349206 0.7453703703703703 0.6401289682539683 0.7453703703703703 0.6416170634920635 0.7483465608465608 
5 0.21428571428571427 0.7559523809523809 0.21329365079365079 0.7529761904761905 0.22941468253968253 0.7516534391534392 0.22916666666666666 0.7556216931216931 0.21428571428571427 0.7559523809523809 
5 0.14087301587301587 0.7628968253968254 0.14037698412698413 0.7599206349206349 0.18551587301587302 0.7559523809523809 0.18824404761904762 0.7585978835978836 0.14087301587301587 0.7628968253968254 
3 0.0 0.8508597883597884 0.0 0.8267195767195767 0.2916666666666667 0.7662037037037037 0.3318452380952381 0.7562830687830688 0.3368055555555556 0.7585978835978836 0.3375496031746032 0.7612433862433863 0.24330357142857142 0.7896825396825397 0.0 0.8508597883597884 
