0 0.53515625 0.5888310185185185 0.5264756944444444 0.5856481481481481 0.5080295138888888 0.5760995370370371 0.4832899305555556 0.5700231481481481 0.4830729166666667 0.5685763888888888 0.5130208333333334 0.5746527777777778 0.5345052083333334 0.5839120370370371 0.5353732638888888 0.5847800925925926 0.53515625 0.5888310185185185 
0 0.0 0.6750578703703703 0.0 0.640625 0.1681857638888889 0.6102430555555556 0.3161892361111111 0.6085069444444444 0.3975694444444444 0.609375 0.4021267361111111 0.6076388888888888 0.4479166666666667 0.5711805555555556 0.4509548611111111 0.5711805555555556 0.4507378472222222 0.5746527777777778 0.4075520833333333 0.6189236111111112 0.3930121527777778 0.6229745370370371 0.1697048611111111 0.6304976851851852 0.0 0.6750578703703703 
0 0.5358072916666666 0.5801504629629629 0.5082465277777778 0.5732060185185185 0.5080295138888888 0.5717592592592593 0.5266927083333334 0.5752314814814815 0.5271267361111112 0.5763888888888888 0.53515625 0.5769675925925926 0.5360243055555556 0.5775462962962963 0.5358072916666666 0.5801504629629629 
0 0.5850694444444444 0.5899884259259259 0.5792100694444444 0.5888310185185185 0.5789930555555556 0.5873842592592593 0.5798611111111112 0.5865162037037037 0.5855034722222222 0.5879629629629629 0.5857204861111112 0.5888310185185185 0.5850694444444444 0.5899884259259259 
0 0.6059027777777778 0.6050347222222222 0.5965711805555556 0.6012731481481481 0.5970052083333334 0.5960648148148148 0.6059027777777778 0.5992476851851852 0.6063368055555556 0.6001157407407407 0.6059027777777778 0.6050347222222222 
0 0.9997829861111112 0.8703703703703703 0.6477864583333334 0.6576967592592593 0.5770399305555556 0.6137152777777778 0.5774739583333334 0.6053240740740741 0.7506510416666666 0.6950231481481481 0.9997829861111112 0.8272569444444444 0.9997829861111112 0.8703703703703703 
0 0.6714409722222222 0.6302083333333334 0.654296875 0.6221064814814815 0.6538628472222222 0.6163194444444444 0.6575520833333334 0.6160300925925926 0.6634114583333334 0.6192129629629629 0.6675347222222222 0.6195023148148148 0.6666666666666666 0.6270254629629629 0.6714409722222222 0.6302083333333334 
0 0.6727430555555556 0.6304976851851852 0.671875 0.6304976851851852 0.6727430555555556 0.6304976851851852 
0 0.9997829861111112 0.7233796296296297 0.7591145833333334 0.6464120370370371 0.7582465277777778 0.6461226851851852 0.7580295138888888 0.6446759259259259 0.7575954861111112 0.6368634259259259 0.8947482638888888 0.6773726851851852 0.9997829861111112 0.7071759259259259 0.9997829861111112 0.7233796296296297 
1 0.990234375 0.6478587962962963 0.9876302083333334 0.6478587962962963 0.9798177083333334 0.6394675925925926 0.9631076388888888 0.6331018518518519 0.9099392361111112 0.6252893518518519 0.9012586805555556 0.6348379629629629 0.8977864583333334 0.6464120370370371 0.8967013888888888 0.6472800925925926 0.8287760416666666 0.6322337962962963 0.8198784722222222 0.6209490740740741 0.8198784722222222 0.6174768518518519 0.8174913194444444 0.6128472222222222 0.8174913194444444 0.6096643518518519 0.8159722222222222 0.6082175925925926 0.8151041666666666 0.6076388888888888 0.8125 0.6111111111111112 0.8125 0.6140046296296297 0.8068576388888888 0.609375 0.7903645833333334 0.6053240740740741 0.7892795138888888 0.6050347222222222 0.7892795138888888 0.6038773148148148 0.7914496527777778 0.5908564814814815 0.8784722222222222 0.6018518518518519 0.8799913194444444 0.6024305555555556 0.8802083333333334 0.6050347222222222 0.9134114583333334 0.6096643518518519 0.9134114583333334 0.6061921296296297 0.9155815972222222 0.6059027777777778 0.9609375 0.6108217592592593 0.9937065972222222 0.6160300925925926 0.9928385416666666 0.6281828703703703 0.990234375 0.6377314814814815 0.990234375 0.6478587962962963 
2 0.2341579861111111 0.5457175925925926 0.1794704861111111 0.5442708333333334 0.0 0.5358796296296297 0.0 0.3648726851851852 0.016276041666666668 0.36140046296296297 0.03407118055555555 0.375 0.061848958333333336 0.38310185185185186 0.05881076388888889 0.3802083333333333 0.06380208333333333 0.37991898148148145 0.06510416666666667 0.37181712962962965 0.06640625 0.3715277777777778 0.06640625 0.3816550925925926 0.06901041666666667 0.3833912037037037 0.06553819444444445 0.3833912037037037 0.0642361111111111 0.38859953703703703 0.09244791666666667 0.40162037037037035 0.10047743055555555 0.40162037037037035 0.16341145833333334 0.4296875 0.2243923611111111 0.4557291666666667 0.2443576388888889 0.4632523148148148 0.2445746527777778 0.46498842592592593 0.2361111111111111 0.53125 0.2345920138888889 0.5358796296296297 0.23502604166666666 0.5396412037037037 0.2341579861111111 0.5457175925925926 
2 0.3578559027777778 0.5491898148148148 0.3559027777777778 0.5486111111111112 0.3578559027777778 0.5341435185185185 0.35546875 0.5321180555555556 0.3528645833333333 0.5489004629629629 0.24674479166666666 0.5460069444444444 0.2502170138888889 0.5315393518518519 0.2536892361111111 0.5063657407407407 0.2536892361111111 0.5054976851851852 0.25 0.5054976851851852 0.2523871527777778 0.4939236111111111 0.2465277777777778 0.49363425925925924 0.2502170138888889 0.46585648148148145 0.2706163194444444 0.47337962962962965 0.3318142361111111 0.5005787037037037 0.3387586805555556 0.5054976851851852 0.33984375 0.5054976851851852 0.3402777777777778 0.5043402777777778 0.3467881944444444 0.5072337962962963 0.3470052083333333 0.5101273148148148 0.3506944444444444 0.5089699074074074 0.3552517361111111 0.5133101851851852 0.3559027777777778 0.5112847222222222 0.3617621527777778 0.5138888888888888 0.3578559027777778 0.5491898148148148 
