0 0.4536290322580645 0.6441532258064516 0.45026881720430106 0.6441532258064516 0.44993279569892475 0.6428091397849462 0.45598118279569894 0.6424731182795699 0.45530913978494625 0.6438172043010753 0.4536290322580645 0.6441532258064516 
0 0.4270833333333333 0.6461693548387096 0.42506720430107525 0.6461693548387096 0.42473118279569894 0.6448252688172043 0.4405241935483871 0.6434811827956989 0.4381720430107527 0.645497311827957 0.4270833333333333 0.6461693548387096 
0 0.4475806451612903 0.644489247311828 0.4459005376344086 0.644489247311828 0.4475806451612903 0.6431451612903226 0.4475806451612903 0.644489247311828 
0 0.41969086021505375 0.646505376344086 0.4166666666666667 0.646505376344086 0.4163306451612903 0.6451612903225806 0.41969086021505375 0.644489247311828 0.41969086021505375 0.646505376344086 
0 0.39213709677419356 0.647513440860215 0.3887768817204301 0.647513440860215 0.38844086021505375 0.6461693548387096 0.39213709677419356 0.645497311827957 0.39213709677419356 0.647513440860215 
0 0.2271505376344086 0.6495295698924731 0.21068548387096775 0.6481854838709677 0.21370967741935484 0.6458333333333334 0.2264784946236559 0.646505376344086 0.22782258064516128 0.6491935483870968 0.2271505376344086 0.6495295698924731 
0 0.3763440860215054 0.6481854838709677 0.37331989247311825 0.6461693548387096 0.3786962365591398 0.6461693548387096 0.3790322580645161 0.6478494623655914 0.3763440860215054 0.6481854838709677 
0 0.34711021505376344 0.6485215053763441 0.34610215053763443 0.6485215053763441 0.34643817204301075 0.6461693548387096 0.34711021505376344 0.646505376344086 0.34711021505376344 0.6485215053763441 
0 0.36727150537634407 0.6485215053763441 0.36693548387096775 0.6461693548387096 0.3696236559139785 0.646505376344086 0.3696236559139785 0.6481854838709677 0.36727150537634407 0.6485215053763441 
0 0.3736559139784946 0.6481854838709677 0.3713037634408602 0.6481854838709677 0.3713037634408602 0.646505376344086 0.3736559139784946 0.6481854838709677 
0 0.3178763440860215 0.6491935483870968 0.3175403225806452 0.6468413978494624 0.3346774193548387 0.6468413978494624 0.3346774193548387 0.6488575268817204 0.3178763440860215 0.6491935483870968 
0 0.23084677419354838 0.6495295698924731 0.23051075268817203 0.6468413978494624 0.23084677419354838 0.6495295698924731 
0 0.24966397849462366 0.6495295698924731 0.23219086021505375 0.6495295698924731 0.2318548387096774 0.6485215053763441 0.2325268817204301 0.6471774193548387 0.2553763440860215 0.6478494623655914 0.2550403225806452 0.6491935483870968 0.24966397849462366 0.6495295698924731 
0 0.27486559139784944 0.6491935483870968 0.2651209677419355 0.6491935483870968 0.2647849462365591 0.6478494623655914 0.2752016129032258 0.6471774193548387 0.27486559139784944 0.6491935483870968 
0 0.34173387096774194 0.6488575268817204 0.3390456989247312 0.6488575268817204 0.3387096774193548 0.6481854838709677 0.34139784946236557 0.647513440860215 0.34173387096774194 0.6488575268817204 
0 0.4032258064516129 0.6989247311827957 0.3709677419354839 0.6928763440860215 0.2799059139784946 0.678763440860215 0.22076612903225806 0.6750672043010753 0.2194220430107527 0.6646505376344086 0.25033602150537637 0.6653225806451613 0.25033602150537637 0.6666666666666666 0.2701612903225806 0.6673387096774194 0.2701612903225806 0.6663306451612904 0.2762096774193548 0.6663306451612904 0.36256720430107525 0.6780913978494624 0.3914650537634409 0.6891801075268817 0.4324596774193548 0.6693548387096774 0.4344758064516129 0.6703629032258065 0.43010752688172044 0.6737231182795699 0.42573924731182794 0.6807795698924731 0.42473118279569894 0.6848118279569892 0.4032258064516129 0.6989247311827957 
0 0.4459005376344086 0.6683467741935484 0.4435483870967742 0.6683467741935484 0.4442204301075269 0.6653225806451613 0.447244623655914 0.665994623655914 0.4459005376344086 0.6683467741935484 
0 0.4489247311827957 0.6696908602150538 0.44993279569892475 0.667002688172043 0.45026881720430106 0.668010752688172 0.4489247311827957 0.6696908602150538 
0 0.0 0.782258064516129 0.0 0.758736559139785 0.026545698924731184 0.7479838709677419 0.04233870967741935 0.739247311827957 0.056451612903225805 0.7298387096774194 0.05611559139784946 0.7247983870967742 0.04872311827956989 0.7130376344086021 0.03763440860215054 0.7049731182795699 0.0 0.6905241935483871 0.0 0.6868279569892473 0.04704301075268817 0.7049731182795699 0.06384408602150538 0.7194220430107527 0.06821236559139784 0.7335349462365591 0.06586021505376344 0.7415994623655914 0.05342741935483871 0.7550403225806451 0.016129032258064516 0.7765456989247311 0.0 0.782258064516129 
5 0.7684811827956989 0.6696908602150538 0.6915322580645161 0.6626344086021505 0.7651209677419355 0.6676747311827957 0.7674731182795699 0.668010752688172 0.7684811827956989 0.6696908602150538 
5 0.9996639784946236 0.6908602150537635 0.926747311827957 0.6851478494623656 0.9082661290322581 0.6824596774193549 0.8907930107526881 0.6821236559139785 0.824260752688172 0.6737231182795699 0.7735215053763441 0.6703629032258065 0.7741935483870968 0.6686827956989247 0.7768817204301075 0.6686827956989247 0.8481182795698925 0.6747311827956989 0.9996639784946236 0.6895161290322581 0.9996639784946236 0.6908602150537635 
