0 0.47716346153846156 0.5506410256410257 0.46802884615384616 0.5371794871794872 0.4774038461538462 0.5496794871794872 0.47716346153846156 0.5506410256410257 
0 0.49735576923076924 0.5560897435897436 0.484375 0.5560897435897436 0.4841346153846154 0.5544871794871795 0.49735576923076924 0.5548076923076923 0.49735576923076924 0.5560897435897436 
0 0.50625 0.5560897435897436 0.5002403846153847 0.5560897435897436 0.5 0.555448717948718 0.5060096153846154 0.5551282051282052 0.50625 0.5560897435897436 
0 0.5185096153846154 0.594551282051282 0.48822115384615383 0.5586538461538462 0.48990384615384613 0.5583333333333333 0.4911057692307692 0.5596153846153846 0.5185096153846154 0.591025641025641 0.5185096153846154 0.594551282051282 
0 0.3125 0.610897435897436 0.3105769230769231 0.6076923076923076 0.3870192307692308 0.5679487179487179 0.3870192307692308 0.5705128205128205 0.38653846153846155 0.5708333333333333 0.3125 0.610897435897436 
0 0.25625 0.6413461538461539 0.25384615384615383 0.6413461538461539 0.2536057692307692 0.6384615384615384 0.28076923076923077 0.6237179487179487 0.2783653846153846 0.6294871794871795 0.25625 0.6413461538461539 
0 0.7769230769230769 0.6461538461538462 0.6795673076923077 0.6445512820512821 0.6790865384615384 0.6419871794871795 0.7769230769230769 0.6410256410256411 0.7769230769230769 0.6461538461538462 
0 0.25216346153846153 0.6416666666666667 0.25 0.6416666666666667 0.25216346153846153 0.6416666666666667 
0 0.24807692307692308 0.6419871794871795 0.2466346153846154 0.6419871794871795 0.24807692307692308 0.6419871794871795 
0 0.6754807692307693 0.6445512820512821 0.6533653846153846 0.6442307692307693 0.653125 0.6423076923076924 0.6754807692307693 0.6416666666666667 0.6754807692307693 0.6445512820512821 
0 0.24423076923076922 0.6423076923076924 0.24302884615384615 0.6423076923076924 0.24423076923076922 0.6423076923076924 
0 0.6403846153846153 0.6442307692307693 0.6295673076923077 0.6442307692307693 0.6290865384615385 0.6423076923076924 0.6403846153846153 0.6419871794871795 0.6403846153846153 0.6442307692307693 
0 0.24014423076923078 0.6426282051282052 0.23942307692307693 0.6426282051282052 0.24014423076923078 0.6426282051282052 
0 0.1622596153846154 0.6493589743589744 0.15841346153846153 0.6490384615384616 0.15889423076923076 0.6480769230769231 0.16706730769230768 0.6480769230769231 0.16706730769230768 0.6458333333333334 0.16923076923076924 0.6451923076923077 0.196875 0.6432692307692308 0.196875 0.646474358974359 0.1622596153846154 0.6493589743589744 
0 0.19831730769230768 0.646474358974359 0.1971153846153846 0.646474358974359 0.19831730769230768 0.646474358974359 
0 0.675 0.7362179487179488 0.6192307692307693 0.708974358974359 0.6009615384615384 0.6987179487179487 0.6002403846153846 0.6983974358974359 0.6002403846153846 0.6881410256410256 0.604326923076923 0.6932692307692307 0.6262019230769231 0.7048076923076924 0.6682692307692307 0.7230769230769231 0.6795673076923077 0.7317307692307692 0.675 0.7362179487179488 
0 0.9997596153846153 0.8657051282051282 0.8170673076923077 0.7942307692307692 0.7242788461538462 0.7557692307692307 0.7317307692307692 0.7503205128205128 0.7411057692307692 0.7483974358974359 0.9997596153846153 0.8352564102564103 0.9997596153846153 0.8657051282051282 
5 0.1971153846153846 0.646474358974359 0.1971153846153846 0.6426282051282052 0.2536057692307692 0.6381410256410256 0.2536057692307692 0.6413461538461539 0.1971153846153846 0.646474358974359 
5 0.6293269230769231 0.6435897435897436 0.603125 0.6435897435897436 0.6028846153846154 0.6419871794871795 0.6290865384615385 0.6426282051282052 0.6293269230769231 0.6435897435897436 
5 0.7257211538461539 0.7548076923076923 0.6752403846153846 0.735897435897436 0.6795673076923077 0.7317307692307692 0.676923076923077 0.7298076923076923 0.6795673076923077 0.7282051282051282 0.739423076923077 0.7490384615384615 0.7317307692307692 0.7503205128205128 0.7257211538461539 0.7548076923076923 
4 0.2954326923076923 0.6012820512820513 0.29471153846153847 0.6006410256410256 0.29639423076923077 0.5875 0.2956730769230769 0.5823717948717949 0.3716346153846154 0.5576923076923077 0.3730769230769231 0.5676282051282051 0.2954326923076923 0.6012820512820513 
4 0.5319711538461539 0.5814102564102565 0.5139423076923076 0.569551282051282 0.5127403846153846 0.5631410256410256 0.5117788461538462 0.5618589743589744 0.5122596153846154 0.5592948717948718 0.5461538461538461 0.5794871794871795 0.5319711538461539 0.5814102564102565 
4 0.26875 0.6128205128205129 0.2658653846153846 0.6112179487179488 0.26466346153846154 0.592948717948718 0.28918269230769234 0.5846153846153846 0.2901442307692308 0.603525641025641 0.26875 0.6128205128205129 
4 0.2920673076923077 0.6025641025641025 0.2920673076923077 0.6006410256410256 0.2920673076923077 0.6025641025641025 
