0 0.0175 0.4673333333333333 0.0 0.4673333333333333 0.0 0.46066666666666667 0.01875 0.46066666666666667 0.0175 0.4673333333333333 
0 0.22 0.4703333333333333 0.0855 0.4673333333333333 0.02725 0.4673333333333333 0.027 0.466 0.02825 0.461 0.0735 0.461 0.1155 0.4633333333333333 0.213 0.4646666666666667 0.216 0.466 0.21625 0.465 0.22075 0.465 0.22 0.4703333333333333 
0 0.3075 0.4726666666666667 0.22425 0.47 0.22525 0.465 0.23125 0.465 0.28775 0.4676666666666667 0.2885 0.4686666666666667 0.3095 0.469 0.3075 0.4713333333333333 0.3075 0.4726666666666667 
0 0.36875 0.475 0.31975 0.47333333333333333 0.31875 0.47 0.3275 0.4696666666666667 0.34575 0.4716666666666667 0.3465 0.471 0.347 0.473 0.34975 0.4736666666666667 0.35025 0.471 0.36775 0.472 0.369 0.4726666666666667 0.36875 0.475 
0 0.373 0.47533333333333333 0.371 0.475 0.3715 0.4723333333333333 0.373 0.4726666666666667 0.373 0.47533333333333333 
0 0.40475 0.4766666666666667 0.3895 0.476 0.38925 0.475 0.38225 0.47433333333333333 0.382 0.4756666666666667 0.3805 0.4756666666666667 0.38025 0.47333333333333333 0.3865 0.47433333333333333 0.38725 0.47333333333333333 0.4035 0.47433333333333333 0.40475 0.475 0.40475 0.4766666666666667 
0 0.422 0.477 0.4065 0.47633333333333333 0.40625 0.475 0.422 0.475 0.422 0.477 
0 0.393 0.4816666666666667 0.38925 0.4816666666666667 0.389 0.48033333333333333 0.4055 0.4796666666666667 0.4055 0.4806666666666667 0.393 0.4816666666666667 
0 0.38125 0.485 0.3795 0.485 0.38 0.48033333333333333 0.3815 0.4806666666666667 0.38125 0.485 
0 0.0 0.5103333333333333 0.0 0.49666666666666665 0.14025 0.48833333333333334 0.241 0.4836666666666667 0.3725 0.481 0.37225 0.4846666666666667 0.29575 0.4886666666666667 0.178 0.49666666666666665 0.0 0.5103333333333333 
0 0.5795 0.49166666666666664 0.57125 0.49 0.57025 0.48333333333333334 0.57175 0.4826666666666667 0.573 0.48733333333333334 0.57625 0.4876666666666667 0.5765 0.48933333333333334 0.578 0.488 0.58 0.48833333333333334 0.5795 0.49166666666666664 
0 0.6205 0.511 0.578 0.497 0.57775 0.494 0.5805 0.493 0.619 0.5046666666666667 0.62075 0.5093333333333333 0.6205 0.511 
0 0.61575 0.555 0.5895 0.5356666666666666 0.56325 0.5183333333333333 0.55875 0.5143333333333333 0.55875 0.5046666666666667 0.59375 0.526 0.6125 0.5256666666666666 0.5725 0.5046666666666667 0.56025 0.49933333333333335 0.5595 0.498 0.59025 0.513 0.618 0.525 0.61725 0.5323333333333333 0.60825 0.5346666666666666 0.6165 0.5393333333333333 0.61575 0.555 
0 0.6355 0.516 0.63075 0.5143333333333333 0.632 0.5123333333333333 0.63425 0.5126666666666667 0.6355 0.516 
0 0.6795 0.531 0.6445 0.5193333333333333 0.6435 0.519 0.64325 0.5173333333333333 0.64575 0.5126666666666667 0.65875 0.516 0.66 0.52 0.66725 0.5193333333333333 0.668 0.5223333333333333 0.67475 0.5223333333333333 0.67675 0.5266666666666666 0.6775 0.526 0.6795 0.531 
0 0.66975 0.5193333333333333 0.66775 0.5193333333333333 0.66975 0.5193333333333333 
0 0.6925 0.5353333333333333 0.68075 0.5316666666666666 0.6855 0.5316666666666666 0.68975 0.53 0.69575 0.5306666666666666 0.69475 0.534 0.6925 0.5353333333333333 
0 0.7205 0.5376666666666666 0.71875 0.536 0.71925 0.533 0.723 0.5336666666666666 0.7205 0.5376666666666666 
0 0.67325 0.5546666666666666 0.65175 0.5446666666666666 0.6505 0.54 0.675 0.551 0.67325 0.5546666666666666 
0 0.99975 0.6366666666666667 0.83325 0.582 0.83075 0.578 0.82375 0.5756666666666667 0.817 0.5766666666666667 0.7925 0.5686666666666667 0.795 0.554 0.99975 0.611 0.99975 0.6366666666666667 
0 0.667 0.5926666666666667 0.65 0.5803333333333334 0.652 0.5693333333333334 0.65275 0.559 0.6625 0.5653333333333334 0.67025 0.5656666666666667 0.6695 0.5866666666666667 0.668 0.5916666666666667 0.667 0.5926666666666667 
0 0.63425 0.5686666666666667 0.629 0.565 0.6305 0.5646666666666667 0.63075 0.5616666666666666 0.6345 0.562 0.63425 0.5686666666666667 
0 0.99975 0.7083333333333334 0.82725 0.6276666666666667 0.8305 0.6246666666666667 0.99975 0.7006666666666667 0.99975 0.7083333333333334 
0 0.82675 0.6636666666666666 0.825 0.663 0.82425 0.6566666666666666 0.834 0.6623333333333333 0.82675 0.6636666666666666 
0 0.99975 0.8176666666666667 0.9035 0.7603333333333333 0.83275 0.712 0.8425 0.7103333333333334 0.83475 0.663 0.99975 0.7523333333333333 0.99975 0.8176666666666667 
1 0.38425 0.5656666666666667 0.3755 0.5646666666666667 0.378 0.523 0.38225 0.47433333333333333 0.38925 0.475 0.38925 0.4816666666666667 0.4055 0.4806666666666667 0.406 0.47633333333333333 0.4115 0.476 0.4115 0.47933333333333333 0.42175 0.47933333333333333 0.42225 0.475 0.4275 0.47533333333333333 0.42775 0.4786666666666667 0.4325 0.4786666666666667 0.43325 0.47533333333333333 0.437 0.47533333333333333 0.43725 0.4776666666666667 0.44175 0.4776666666666667 0.44175 0.475 0.44475 0.475 0.445 0.4776666666666667 0.44925 0.4776666666666667 0.44925 0.475 0.45225 0.47533333333333333 0.45225 0.4776666666666667 0.455 0.47733333333333333 0.4555 0.475 0.45775 0.475 0.458 0.47733333333333333 0.46 0.47733333333333333 0.46 0.47533333333333333 0.46225 0.475 0.46325 0.47733333333333333 0.4645 0.47733333333333333 0.46475 0.475 0.46975 0.47533333333333333 0.47 0.477 0.4715 0.477 0.47175 0.475 0.47375 0.47433333333333333 0.47975 0.47533333333333333 0.481 0.47733333333333333 0.483 0.494 0.46025 0.506 0.46 0.5033333333333333 0.4575 0.504 0.457 0.509 0.45575 0.5093333333333333 0.45525 0.5066666666666667 0.45125 0.5083333333333333 0.45125 0.512 0.45 0.5126666666666667 0.449 0.513 0.4485 0.51 0.4435 0.5123333333333333 0.4435 0.518 0.441 0.5193333333333333 0.44075 0.5143333333333333 0.43825 0.516 0.43525 0.5183333333333333 0.43475 0.524 0.4305 0.5246666666666666 0.43175 0.5206666666666667 0.424 0.5253333333333333 0.42475 0.5313333333333333 0.42175 0.534 0.4185 0.5333333333333333 0.42075 0.528 0.4085 0.537 0.40975 0.545 0.40675 0.547 0.4035 0.547 0.40225 0.5453333333333333 0.40425 0.5403333333333333 0.40375 0.54 0.38525 0.551 0.385 0.556 0.3875 0.5626666666666666 0.38425 0.5656666666666667 
1 0.613 0.4876666666666667 0.61275 0.481 0.6155 0.481 0.613 0.4876666666666667 
1 0.625 0.49266666666666664 0.61625 0.49133333333333334 0.62225 0.4816666666666667 0.62525 0.4816666666666667 0.62625 0.4826666666666667 0.625 0.49266666666666664 
1 0.65275 0.485 0.653 0.484 0.65275 0.485 
1 0.68 0.499 0.679 0.492 0.673 0.48533333333333334 0.691 0.487 0.68 0.499 
1 0.67725 0.5003333333333333 0.66175 0.49833333333333335 0.66025 0.49266666666666664 0.6615 0.494 0.66575 0.49333333333333335 0.6705 0.488 0.67775 0.49433333333333335 0.678 0.499 0.67725 0.5003333333333333 
1 0.722 0.5 0.71575 0.496 0.7125 0.49566666666666664 0.7215 0.48966666666666664 0.723 0.49 0.722 0.5 
1 0.7965 0.5213333333333333 0.79175 0.52 0.787 0.49466666666666664 0.78825 0.493 0.8 0.494 0.7965 0.5213333333333333 
1 0.8355 0.528 0.81475 0.5246666666666666 0.816 0.49466666666666664 0.8415 0.49633333333333335 0.8355 0.528 
1 0.8455 0.5296666666666666 0.83875 0.5286666666666666 0.83775 0.5283333333333333 0.8375 0.5273333333333333 0.8435 0.49666666666666665 0.8485 0.49633333333333335 0.8455 0.5296666666666666 
1 0.80525 0.5226666666666666 0.8 0.522 0.799 0.521 0.80325 0.49733333333333335 0.8065 0.49666666666666665 0.80525 0.5226666666666666 
1 0.85375 0.531 0.84775 0.53 0.85025 0.49666666666666665 0.8525 0.497 0.85375 0.531 
1 0.99225 0.5533333333333333 0.85575 0.5313333333333333 0.85375 0.497 0.994 0.505 0.99225 0.5533333333333333 
1 0.813 0.5243333333333333 0.80725 0.5233333333333333 0.80975 0.498 0.81275 0.49833333333333335 0.813 0.5243333333333333 
1 0.99975 0.5546666666666666 0.99625 0.554 0.99975 0.5053333333333333 0.99975 0.5546666666666666 
