0 0.8376225490196079 0.6944444444444444 0.7938112745098039 0.693218954248366 0.7925857843137255 0.6928104575163399 0.7925857843137255 0.6883169934640523 0.9402573529411765 0.6842320261437909 0.9641544117647058 0.6821895424836601 0.9641544117647058 0.6858660130718954 0.9626225490196079 0.6866830065359477 0.928921568627451 0.6924019607843137 0.9185049019607843 0.693218954248366 0.8884803921568627 0.6915849673202614 0.8704044117647058 0.6936274509803921 0.8376225490196079 0.6944444444444444 
0 0.28799019607843135 0.7062908496732027 0.24295343137254902 0.7046568627450981 0.24295343137254902 0.6895424836601307 0.24050245098039216 0.6838235294117647 0.28799019607843135 0.6842320261437909 0.28799019607843135 0.7062908496732027 
0 0.3002450980392157 0.7066993464052288 0.2959558823529412 0.7062908496732027 0.296875 0.6981209150326797 0.29534313725490197 0.6887254901960784 0.2962622549019608 0.684640522875817 0.29871323529411764 0.6850490196078431 0.3002450980392157 0.7066993464052288 
0 0.3587622549019608 0.7087418300653595 0.30667892156862747 0.7066993464052288 0.30637254901960786 0.6850490196078431 0.36642156862745096 0.6862745098039216 0.36580882352941174 0.7005718954248366 0.3636642156862745 0.7005718954248366 0.3587622549019608 0.7087418300653595 
0 0.7787990196078431 0.6928104575163399 0.7092524509803921 0.690359477124183 0.7074142156862745 0.6866830065359477 0.7787990196078431 0.6875 0.7800245098039216 0.6919934640522876 0.7787990196078431 0.6928104575163399 
0 0.20036764705882354 0.6924019607843137 0.1957720588235294 0.6924019607843137 0.19699754901960784 0.6870915032679739 0.20036764705882354 0.6924019607843137 
0 0.1479779411764706 0.7026143790849673 0.04411764705882353 0.6977124183006536 0.0818014705882353 0.6895424836601307 0.1210171568627451 0.6911764705882353 0.17800245098039216 0.6879084967320261 0.17738970588235295 0.6924019607843137 0.15134803921568626 0.6924019607843137 0.1485906862745098 0.6948529411764706 0.1479779411764706 0.7026143790849673 
0 0.1133578431372549 0.7328431372549019 0.018075980392156864 0.7242647058823529 0.0 0.7205882352941176 0.0 0.6968954248366013 0.015625 0.6993464052287581 0.015318627450980392 0.704248366013072 0.012254901960784314 0.7054738562091504 0.00030637254901960784 0.7058823529411765 0.00030637254901960784 0.7095588235294118 0.018688725490196078 0.7124183006535948 0.07506127450980392 0.7169117647058824 0.10416666666666667 0.7173202614379085 0.11488970588235294 0.7197712418300654 0.12162990196078431 0.7246732026143791 0.12377450980392157 0.7295751633986928 0.1133578431372549 0.7328431372549019 
0 0.7837009803921569 0.7075163398692811 0.758578431372549 0.7062908496732027 0.7420343137254902 0.7075163398692811 0.7138480392156863 0.7071078431372549 0.7123161764705882 0.7009803921568627 0.7837009803921569 0.7013888888888888 0.7849264705882353 0.7022058823529411 0.7837009803921569 0.7075163398692811 
0 0.819546568627451 0.7091503267973857 0.7907475490196079 0.7079248366013072 0.7922794117647058 0.7013888888888888 0.9050245098039216 0.701797385620915 0.9528186274509803 0.7005718954248366 0.9635416666666666 0.7005718954248366 0.9632352941176471 0.7054738562091504 0.9641544117647058 0.7071078431372549 0.9001225490196079 0.7087418300653595 0.8599877450980392 0.7079248366013072 0.819546568627451 0.7091503267973857 
0 0.7591911764705882 0.7287581699346405 0.7178308823529411 0.7258986928104575 0.7162990196078431 0.7246732026143791 0.7147671568627451 0.7148692810457516 0.7634803921568627 0.7156862745098039 0.8106617647058824 0.7116013071895425 0.8149509803921569 0.7120098039215687 0.8161764705882353 0.7181372549019608 0.8149509803921569 0.7230392156862745 0.8026960784313726 0.7267156862745098 0.7591911764705882 0.7287581699346405 
1 0.28431372549019607 0.6711601307189542 0.22977941176470587 0.6695261437908496 0.22977941176470587 0.6666666666666666 0.23897058823529413 0.6572712418300654 0.2337622549019608 0.6311274509803921 0.29013480392156865 0.6315359477124183 0.28952205882352944 0.6372549019607843 0.2864583333333333 0.6462418300653595 0.28431372549019607 0.6613562091503268 0.28431372549019607 0.6711601307189542 
1 0.20496323529411764 0.6609477124183006 0.19148284313725492 0.6540032679738562 0.19332107843137256 0.6331699346405228 0.20680147058823528 0.6319444444444444 0.20986519607843138 0.6331699346405228 0.21231617647058823 0.6368464052287581 0.21262254901960784 0.6413398692810458 0.20802696078431374 0.6527777777777778 0.20465686274509803 0.6552287581699346 0.20496323529411764 0.6609477124183006 
1 0.3272058823529412 0.684640522875817 0.3241421568627451 0.6834150326797386 0.32536764705882354 0.6711601307189542 0.3091299019607843 0.6711601307189542 0.3158700980392157 0.6605392156862745 0.31832107843137253 0.6540032679738562 0.31985294117647056 0.6429738562091504 0.3177083333333333 0.6319444444444444 0.3241421568627451 0.6319444444444444 0.3268995098039216 0.633578431372549 0.3287377450980392 0.6368464052287581 0.3272058823529412 0.684640522875817 
1 0.3321078431372549 0.6842320261437909 0.3293504901960784 0.6838235294117647 0.33088235294117646 0.6388888888888888 0.33639705882352944 0.633578431372549 0.36887254901960786 0.633578431372549 0.36703431372549017 0.6776960784313726 0.3330269607843137 0.6776960784313726 0.3321078431372549 0.6842320261437909 
1 0.3786764705882353 0.6740196078431373 0.3789828431372549 0.6339869281045751 0.4016544117647059 0.6339869281045751 0.3860294117647059 0.6589052287581699 0.3786764705882353 0.6740196078431373 
1 0.15042892156862744 0.6899509803921569 0.15104166666666666 0.6540032679738562 0.15318627450980393 0.6433823529411765 0.1556372549019608 0.6397058823529411 0.16023284313725492 0.6368464052287581 0.18259803921568626 0.6343954248366013 0.17892156862745098 0.6785130718954249 0.15287990196078433 0.6801470588235294 0.15226715686274508 0.6891339869281046 0.15042892156862744 0.6899509803921569 
1 0.7380514705882353 0.6866830065359477 0.7359068627450981 0.6866830065359477 0.7359068627450981 0.6805555555555556 0.7040441176470589 0.6805555555555556 0.696078431372549 0.6736111111111112 0.6822916666666666 0.6674836601307189 0.6825980392156863 0.6625816993464052 0.6783088235294118 0.6548202614379085 0.6700367647058824 0.6523692810457516 0.6642156862745098 0.6531862745098039 0.663296568627451 0.6556372549019608 0.6501225490196079 0.6401143790849673 0.6534926470588235 0.6376633986928104 0.7340686274509803 0.6397058823529411 0.7359068627450981 0.641748366013072 0.7377450980392157 0.6462418300653595 0.7380514705882353 0.6866830065359477 
1 0.741421568627451 0.6866830065359477 0.7395833333333334 0.6862745098039216 0.7392769607843137 0.6662581699346405 0.7392769607843137 0.6458333333333334 0.741421568627451 0.6413398692810458 0.7447916666666666 0.6397058823529411 0.7821691176470589 0.6413398692810458 0.7824754901960784 0.6433823529411765 0.7781862745098039 0.6454248366013072 0.7745098039215687 0.6593137254901961 0.774203431372549 0.6723856209150327 0.7781862745098039 0.6719771241830066 0.7803308823529411 0.6748366013071896 0.7784926470588235 0.6805555555555556 0.7417279411764706 0.6805555555555556 0.741421568627451 0.6866830065359477 
1 0.8063725490196079 0.6866830065359477 0.803921568627451 0.6866830065359477 0.8036151960784313 0.6805555555555556 0.7928921568627451 0.6805555555555556 0.7931985294117647 0.676062091503268 0.7971813725490197 0.6703431372549019 0.8005514705882353 0.6572712418300654 0.7996323529411765 0.6527777777777778 0.7950367647058824 0.6450163398692811 0.7895220588235294 0.6433823529411765 0.7895220588235294 0.6409313725490197 0.8014705882352942 0.6409313725490197 0.8048406862745098 0.6458333333333334 0.8063725490196079 0.6866830065359477 
1 0.18995098039215685 0.6768790849673203 0.19148284313725492 0.6584967320261438 0.19761029411764705 0.6646241830065359 0.19607843137254902 0.6744281045751634 0.18995098039215685 0.6768790849673203 
2 0.125 0.6401143790849673 0.1213235294117647 0.6331699346405228 0.10814950980392157 0.6360294117647058 0.08057598039215687 0.6384803921568627 0.07965686274509803 0.6323529411764706 0.0704656862745098 0.6352124183006536 0.06096813725490196 0.6254084967320261 0.05667892156862745 0.6339869281045751 0.040747549019607844 0.6356209150326797 0.020833333333333332 0.6356209150326797 0.010416666666666666 0.6274509803921569 0.0 0.6356209150326797 0.0 0.5339052287581699 0.03278186274509804 0.5359477124183006 0.030943627450980393 0.553921568627451 0.031862745098039214 0.5808823529411765 0.0389093137254902 0.5808823529411765 0.0389093137254902 0.559640522875817 0.035845588235294115 0.5518790849673203 0.03676470588235294 0.5363562091503268 0.05667892156862745 0.5371732026143791 0.05943627450980392 0.5531045751633987 0.05698529411764706 0.5531045751633987 0.056372549019607844 0.5547385620915033 0.05330882352941176 0.5812908496732027 0.061274509803921566 0.5812908496732027 0.061887254901960786 0.5641339869281046 0.07230392156862746 0.5816993464052288 0.07598039215686274 0.5816993464052288 0.06556372549019608 0.5592320261437909 0.0585171568627451 0.5367647058823529 0.10049019607843138 0.5404411764705882 0.09987745098039216 0.5816993464052288 0.1053921568627451 0.5821078431372549 0.10416666666666667 0.5465686274509803 0.10692401960784313 0.5420751633986928 0.11488970588235294 0.5433006535947712 0.13357843137254902 0.5694444444444444 0.1329656862745098 0.5821078431372549 0.13970588235294118 0.5821078431372549 0.140625 0.5878267973856209 0.13541666666666666 0.6078431372549019 0.125 0.6401143790849673 
2 0.15962009803921567 0.6360294117647058 0.16299019607843138 0.608251633986928 0.16789215686274508 0.5829248366013072 0.1868872549019608 0.5825163398692811 0.18443627450980393 0.6131535947712419 0.16666666666666666 0.6147875816993464 0.16268382352941177 0.6200980392156863 0.16207107843137256 0.6339869281045751 0.15962009803921567 0.6360294117647058 
2 0.3697916666666667 0.6172385620915033 0.3633578431372549 0.6156045751633987 0.35723039215686275 0.6123366013071896 0.35171568627450983 0.613562091503268 0.32046568627450983 0.613562091503268 0.3158700980392157 0.6090686274509803 0.3137254901960784 0.6123366013071896 0.31403186274509803 0.6143790849673203 0.3085171568627451 0.6143790849673203 0.31066176470588236 0.6094771241830066 0.3125 0.6008986928104575 0.31035539215686275 0.5968137254901961 0.3079044117647059 0.5943627450980392 0.3002450980392157 0.5968137254901961 0.2981004901960784 0.6025326797385621 0.29993872549019607 0.6139705882352942 0.22977941176470587 0.6123366013071896 0.22977941176470587 0.6098856209150327 0.23284313725490197 0.6086601307189542 0.23069852941176472 0.6008986928104575 0.23008578431372548 0.5988562091503268 0.22487745098039216 0.5980392156862745 0.2184436274509804 0.6025326797385621 0.21537990196078433 0.6102941176470589 0.21721813725490197 0.610702614379085 0.21691176470588236 0.6127450980392157 0.1948529411764706 0.6131535947712419 0.19454656862745098 0.6111111111111112 0.19699754901960784 0.5825163398692811 0.24693627450980393 0.5829248366013072 0.32077205882352944 0.5861928104575164 0.36121323529411764 0.5866013071895425 0.3710171568627451 0.5882352941176471 0.3697916666666667 0.6172385620915033 
2 0.4105392156862745 0.6188725490196079 0.3799019607843137 0.6180555555555556 0.3805147058823529 0.5886437908496732 0.4206495098039216 0.5890522875816994 0.4185049019607843 0.6102941176470589 0.41360294117647056 0.6123366013071896 0.4105392156862745 0.6188725490196079 
2 0.42984068627450983 0.6086601307189542 0.42892156862745096 0.6078431372549019 0.4325980392156863 0.5894607843137255 0.4681372549019608 0.5910947712418301 0.47150735294117646 0.5984477124183006 0.47058823529411764 0.6029411764705882 0.42984068627450983 0.6086601307189542 
2 0.48161764705882354 0.6021241830065359 0.47732843137254904 0.6021241830065359 0.4739583333333333 0.5992647058823529 0.4699754901960784 0.5910947712418301 0.5395220588235294 0.5939542483660131 0.5373774509803921 0.5992647058823529 0.49846813725490197 0.6000816993464052 0.48161764705882354 0.6021241830065359 
