0 0.6916666666666667 0.5217592592592593 0.6859375 0.5199074074074074 0.68515625 0.5194444444444445 0.6854166666666667 0.5166666666666667 0.6869791666666667 0.5157407407407407 0.6911458333333333 0.5185185185185185 0.6916666666666667 0.5217592592592593 
0 0.9997395833333333 0.6027777777777777 0.94609375 0.5907407407407408 0.8239583333333333 0.5587962962962963 0.7083333333333334 0.5268518518518519 0.7075520833333333 0.524074074074074 0.9096354166666667 0.5694444444444444 0.9997395833333333 0.587037037037037 0.9997395833333333 0.6027777777777777 
0 0.10260416666666666 0.5888888888888889 0.00390625 0.5884259259259259 0.0036458333333333334 0.5861111111111111 0.0 0.5810185185185185 0.0 0.575462962962963 0.10260416666666666 0.575 0.10260416666666666 0.5888888888888889 
0 0.14348958333333334 0.5888888888888889 0.10963541666666667 0.5888888888888889 0.10911458333333333 0.575462962962963 0.11536458333333334 0.575462962962963 0.115625 0.5782407407407407 0.14348958333333334 0.5810185185185185 0.14348958333333334 0.5888888888888889 
0 0.19869791666666667 0.5925925925925926 0.15260416666666668 0.5888888888888889 0.15234375 0.5824074074074074 0.19869791666666667 0.5833333333333334 0.19869791666666667 0.5925925925925926 
0 0.19869791666666667 0.649074074074074 0.0 0.6444444444444445 0.0 0.6231481481481481 0.04921875 0.624537037037037 0.0625 0.6166666666666667 0.07447916666666667 0.6152777777777778 0.07838541666666667 0.6134259259259259 0.0765625 0.611574074074074 0.08541666666666667 0.6060185185185185 0.07682291666666667 0.6050925925925926 0.06979166666666667 0.6069444444444444 0.0625 0.6037037037037037 0.039322916666666666 0.6023148148148149 0.037760416666666664 0.600462962962963 0.08776041666666666 0.5986111111111111 0.09505208333333333 0.6 0.09895833333333333 0.6046296296296296 0.05755208333333333 0.625 0.19869791666666667 0.6300925925925925 0.19869791666666667 0.649074074074074 
0 0.7307291666666667 0.6212962962962963 0.7231770833333333 0.6212962962962963 0.71640625 0.6138888888888889 0.715625 0.6125 0.71640625 0.6018518518518519 0.7294270833333333 0.6134259259259259 0.7307291666666667 0.6212962962962963 
0 0.29296875 0.6523148148148148 0.23723958333333334 0.6504629629629629 0.23697916666666666 0.6319444444444444 0.31145833333333334 0.6328703703703704 0.3177083333333333 0.6518518518518519 0.29296875 0.6523148148148148 
1 0.6234375 0.5148148148148148 0.6182291666666667 0.513425925925926 0.6177083333333333 0.5064814814814815 0.6236979166666666 0.5069444444444444 0.6234375 0.5148148148148148 
1 0.6361979166666667 0.5342592592592592 0.6286458333333333 0.5273148148148148 0.6278645833333333 0.5185185185185185 0.6247395833333333 0.5162037037037037 0.625 0.5074074074074074 0.62890625 0.5087962962962963 0.6291666666666667 0.5268518518518519 0.63046875 0.5273148148148148 0.6307291666666667 0.513425925925926 0.6364583333333333 0.5171296296296296 0.6361979166666667 0.5342592592592592 
1 0.69140625 0.5925925925925926 0.6872395833333333 0.5916666666666667 0.68671875 0.5842592592592593 0.6833333333333333 0.5828703703703704 0.6815104166666667 0.5796296296296296 0.67890625 0.5800925925925926 0.6755208333333333 0.5740740740740741 0.671875 0.575 0.66875 0.5671296296296297 0.665625 0.5671296296296297 0.6635416666666667 0.5606481481481481 0.6604166666666667 0.5625 0.6588541666666666 0.5569444444444445 0.6575520833333334 0.5578703703703703 0.6557291666666667 0.5532407407407407 0.653125 0.5537037037037037 0.63984375 0.537962962962963 0.6393229166666666 0.5185185185185185 0.69140625 0.5453703703703704 0.69140625 0.5925925925925926 
1 0.7145833333333333 0.6333333333333333 0.7080729166666667 0.6310185185185185 0.7080729166666667 0.6185185185185185 0.70390625 0.6180555555555556 0.7041666666666667 0.6152777777777778 0.7072916666666667 0.6152777777777778 0.7075520833333333 0.5537037037037037 0.7143229166666667 0.5555555555555556 0.7205729166666667 0.562037037037037 0.7208333333333333 0.5648148148148148 0.7208333333333333 0.5662037037037037 0.7192708333333333 0.5671296296296297 0.7190104166666667 0.5712962962962963 0.72109375 0.575 0.72109375 0.5791666666666667 0.71875 0.5824074074074074 0.71875 0.5837962962962963 0.72109375 0.5898148148148148 0.71796875 0.5962962962962963 0.7166666666666667 0.5967592592592592 0.7145833333333333 0.6333333333333333 
5 0.61328125 0.6638888888888889 0.528125 0.6638888888888889 0.38255208333333335 0.6532407407407408 0.37864583333333335 0.6564814814814814 0.35598958333333336 0.6564814814814814 0.3184895833333333 0.6537037037037037 0.31171875 0.6337962962962963 0.3489583333333333 0.6416666666666667 0.4890625 0.6532407407407408 0.640625 0.6546296296296297 0.6755208333333333 0.649537037037037 0.71171875 0.6398148148148148 0.7239583333333334 0.6328703703703704 0.7260416666666667 0.6268518518518519 0.7234375 0.6212962962962963 0.7307291666666667 0.6212962962962963 0.7346354166666667 0.6282407407407408 0.7333333333333333 0.6356481481481482 0.7213541666666666 0.6462962962962963 0.7182291666666667 0.6472222222222223 0.709375 0.649537037037037 0.7072916666666667 0.6462962962962963 0.67734375 0.6578703703703703 0.61328125 0.6638888888888889 
5 0.19739583333333333 0.8652777777777778 0.14166666666666666 0.8564814814814815 0.14427083333333332 0.85 0.14453125 0.8444444444444444 0.16458333333333333 0.8476851851851852 0.19739583333333333 0.8532407407407407 0.19739583333333333 0.8652777777777778 
5 0.6309895833333333 0.999537037037037 0.590625 0.999537037037037 0.49661458333333336 0.9532407407407407 0.39010416666666664 0.9111111111111111 0.27109375 0.8759259259259259 0.2375 0.8712962962962963 0.23671875 0.8708333333333333 0.23671875 0.8601851851851852 0.27786458333333336 0.8662037037037037 0.4171875 0.9037037037037037 0.5830729166666667 0.9736111111111111 0.6309895833333333 0.999537037037037 
2 0.41770833333333335 0.6162037037037037 0.3380208333333333 0.6148148148148148 0.29270833333333335 0.6097222222222223 0.29296875 0.5972222222222222 0.27578125 0.5958333333333333 0.2755208333333333 0.5851851851851851 0.30130208333333336 0.5851851851851851 0.30182291666666666 0.5439814814814815 0.25885416666666666 0.5416666666666666 0.28515625 0.5115740740740741 0.28541666666666665 0.5162037037037037 0.2890625 0.5185185185185185 0.2890625 0.5074074074074074 0.2947916666666667 0.5009259259259259 0.29453125 0.46574074074074073 0.2921875 0.4652777777777778 0.2921875 0.449537037037037 0.3609375 0.4513888888888889 0.37213541666666666 0.4532407407407407 0.37265625 0.4675925925925926 0.37109375 0.46805555555555556 0.37161458333333336 0.49166666666666664 0.3984375 0.5097222222222222 0.41510416666666666 0.5143518518518518 0.490625 0.513425925925926 0.5302083333333333 0.5069444444444444 0.5341145833333333 0.5115740740740741 0.5380208333333333 0.5078703703703704 0.5700520833333333 0.5078703703703704 0.5708333333333333 0.5050925925925925 0.5721354166666667 0.5041666666666667 0.5729166666666666 0.5064814814814815 0.5760416666666667 0.5069444444444444 0.5869791666666667 0.5064814814814815 0.5872395833333334 0.5175925925925926 0.5807291666666666 0.5148148148148148 0.5755208333333334 0.5185185185185185 0.5729166666666666 0.5157407407407407 0.5669270833333333 0.524537037037037 0.48802083333333335 0.5708333333333333 0.41796875 0.6078703703703704 0.41822916666666665 0.6157407407407407 0.41770833333333335 0.6162037037037037 
2 0.26640625 0.5953703703703703 0.23723958333333334 0.5925925925925926 0.23697916666666666 0.5851851851851851 0.26640625 0.5856481481481481 0.26640625 0.5953703703703703 
4 0.15625 0.6287037037037037 0.13151041666666666 0.6277777777777778 0.14088541666666668 0.6199074074074075 0.14296875 0.6199074074074075 0.14348958333333334 0.5814814814814815 0.115625 0.5782407407407407 0.11588541666666667 0.5351851851851852 0.19869791666666667 0.5398148148148149 0.19869791666666667 0.5833333333333334 0.15234375 0.5824074074074074 0.15208333333333332 0.6203703703703703 0.16666666666666666 0.6231481481481481 0.15625 0.6287037037037037 
4 0.28072916666666664 0.6328703703703704 0.253125 0.6324074074074074 0.25338541666666664 0.6310185185185185 0.26145833333333335 0.6259259259259259 0.26640625 0.6259259259259259 0.26640625 0.5861111111111111 0.23723958333333334 0.5847222222222223 0.23723958333333334 0.5407407407407407 0.30182291666666666 0.5439814814814815 0.30130208333333336 0.5851851851851851 0.2755208333333333 0.5851851851851851 0.27578125 0.6259259259259259 0.2869791666666667 0.6291666666666667 0.28072916666666664 0.6328703703703704 
3 0.62890625 0.5069444444444444 0.6263020833333334 0.5069444444444444 0.6268229166666667 0.5027777777777778 0.62890625 0.5037037037037037 0.62890625 0.5069444444444444 
3 0.6364583333333333 0.5074074074074074 0.6307291666666667 0.5069444444444444 0.63046875 0.5037037037037037 0.6364583333333333 0.5032407407407408 0.6364583333333333 0.5074074074074074 
3 0.68671875 0.5157407407407407 0.6401041666666667 0.5078703703703704 0.6390625 0.5074074074074074 0.6390625 0.5037037037037037 0.6916666666666667 0.5060185185185185 0.6916666666666667 0.5101851851851852 0.6875 0.5111111111111111 0.68671875 0.5157407407407407 
