0 0.43964460784313725 0.6225490196078431 0.43443627450980393 0.6203703703703703 0.4329044117647059 0.616557734204793 0.43474264705882354 0.6138344226579521 0.4384191176470588 0.6176470588235294 0.44332107843137253 0.6181917211328976 0.44332107843137253 0.6220043572984749 0.43964460784313725 0.6225490196078431 
0 0.4427083333333333 0.6301742919389978 0.44025735294117646 0.6258169934640523 0.4408700980392157 0.6236383442265795 0.4430147058823529 0.6241830065359477 0.4427083333333333 0.6301742919389978 
0 0.45036764705882354 0.6399782135076253 0.44607843137254904 0.6356209150326797 0.44638480392156865 0.6285403050108932 0.45006127450980393 0.633442265795207 0.45036764705882354 0.6399782135076253 
0 0.48161764705882354 0.6541394335511983 0.47549019607843135 0.6541394335511983 0.46660539215686275 0.650871459694989 0.46629901960784315 0.644880174291939 0.48161764705882354 0.6459694989106753 0.48161764705882354 0.6541394335511983 
0 0.48223039215686275 0.6715686274509803 0.47549019607843135 0.664488017429194 0.47640931372549017 0.6557734204793029 0.4800857843137255 0.6568627450980392 0.4791666666666667 0.6623093681917211 0.48284313725490197 0.6666666666666666 0.48223039215686275 0.6715686274509803 
0 0.4996936274509804 0.6917211328976035 0.4947916666666667 0.6862745098039216 0.4960171568627451 0.6824618736383442 0.5006127450980392 0.6830065359477124 0.4996936274509804 0.6917211328976035 
0 0.5471813725490197 0.7412854030501089 0.5410539215686274 0.7369281045751634 0.5214460784313726 0.7162309368191722 0.5211397058823529 0.7053376906318083 0.5275735294117647 0.7053376906318083 0.5324754901960784 0.6993464052287581 0.5462622549019608 0.7118736383442266 0.553921568627451 0.7391067538126361 0.5471813725490197 0.7412854030501089 
0 0.913296568627451 0.9994553376906318 0.7971813725490197 0.9994553376906318 0.5916053921568627 0.7875816993464052 0.6145833333333334 0.7717864923747276 0.6188725490196079 0.7706971677559913 0.8964460784313726 0.9842047930283224 0.913296568627451 0.9994553376906318 
5 0.47549019607843135 0.6639433551198257 0.46721813725490197 0.6546840958605664 0.46629901960784315 0.6514161220043573 0.4699754901960784 0.6519607843137255 0.47549019607843135 0.6579520697167756 0.47549019607843135 0.6639433551198257 
5 0.5925245098039216 0.7870370370370371 0.571078431372549 0.7685185185185185 0.5471813725490197 0.7412854030501089 0.553921568627451 0.7380174291938998 0.5719975490196079 0.7363834422657952 0.6133578431372549 0.7723311546840959 0.5925245098039216 0.7870370370370371 
