0 0.31925 0.565 0.313 0.565 0.31275 0.563 0.41575 0.5586666666666666 0.46725 0.5576666666666666 0.50325 0.555 0.52175 0.555 0.52175 0.5556666666666666 0.4965 0.5563333333333333 0.43475 0.5606666666666666 0.37225 0.562 0.31925 0.565 
0 0.531 0.5553333333333333 0.527 0.555 0.531 0.5553333333333333 
0 0.28825 0.567 0.27325 0.5666666666666667 0.27425 0.5646666666666667 0.29375 0.5646666666666667 0.294 0.5663333333333334 0.28825 0.567 
0 0.0 0.5713333333333334 0.0 0.565 0.0315 0.5653333333333334 0.031 0.5706666666666667 0.0 0.5713333333333334 
0 0.71825 0.9996666666666667 0.68775 0.9996666666666667 0.687 0.9983333333333333 0.617 0.7526666666666667 0.58 0.5766666666666667 0.57975 0.5746666666666667 0.581 0.574 0.58275 0.5693333333333334 0.59775 0.6273333333333333 0.62325 0.7146666666666667 0.71825 0.9996666666666667 
2 0.03225 0.5573333333333333 0.0 0.556 0.0 0.5036666666666667 0.05375 0.5093333333333333 0.0515 0.5103333333333333 0.036 0.529 0.03225 0.5573333333333333 
2 0.31875 0.561 0.31275 0.561 0.31275 0.546 0.32 0.5293333333333333 0.329 0.5273333333333333 0.33 0.5263333333333333 0.33775 0.5253333333333333 0.344 0.529 0.34675 0.5406666666666666 0.3715 0.5406666666666666 0.37175 0.5303333333333333 0.393 0.532 0.417 0.5373333333333333 0.435 0.5373333333333333 0.44075 0.534 0.448 0.5406666666666666 0.44925 0.541 0.44675 0.548 0.448 0.5543333333333333 0.4505 0.5563333333333333 0.42725 0.5576666666666666 0.43225 0.556 0.4395 0.556 0.43825 0.5476666666666666 0.432 0.5423333333333333 0.42325 0.5456666666666666 0.4195 0.5506666666666666 0.41825 0.5473333333333333 0.4095 0.5423333333333333 0.40575 0.5456666666666666 0.40075 0.5406666666666666 0.388 0.5373333333333333 0.3815 0.5443333333333333 0.374 0.5476666666666666 0.374 0.5573333333333333 0.35325 0.5573333333333333 0.348 0.543 0.34525 0.5406666666666666 0.3475 0.5593333333333333 0.34975 0.5606666666666666 0.31875 0.561 
2 0.4735 0.556 0.4675 0.556 0.46725 0.554 0.4595 0.549 0.4495 0.541 0.4665 0.5406666666666666 0.46575 0.5426666666666666 0.46575 0.551 0.4685 0.5526666666666666 0.4735 0.5526666666666666 0.4735 0.556 
2 0.47825 0.554 0.476 0.5533333333333333 0.47625 0.5406666666666666 0.4795 0.541 0.47825 0.5473333333333333 0.47825 0.554 
2 0.492 0.556 0.48175 0.555 0.4825 0.541 0.4925 0.544 0.49725 0.5423333333333333 0.509 0.5456666666666666 0.515 0.5423333333333333 0.5215 0.5453333333333333 0.5205 0.5476666666666666 0.52175 0.5486666666666666 0.52175 0.5546666666666666 0.492 0.556 
2 0.496 0.5543333333333333 0.49725 0.5493333333333333 0.4935 0.5473333333333333 0.492 0.5493333333333333 0.492 0.5526666666666666 0.4935 0.5543333333333333 0.496 0.5543333333333333 
2 0.531 0.5546666666666666 0.52975 0.554 0.52925 0.5473333333333333 0.531 0.5476666666666666 0.531 0.5546666666666666 
2 0.5515 0.5536666666666666 0.5465 0.5536666666666666 0.54575 0.549 0.55775 0.5493333333333333 0.55775 0.5533333333333333 0.5515 0.5536666666666666 
2 0.50375 0.5543333333333333 0.50375 0.551 0.5025 0.549 0.50125 0.549 0.501 0.5543333333333333 0.50375 0.5543333333333333 
2 0.529 0.5546666666666666 0.52725 0.5546666666666666 0.52825 0.5503333333333333 0.529 0.5546666666666666 
2 0.2825 0.5623333333333334 0.27475 0.5623333333333334 0.2765 0.557 0.28 0.551 0.28875 0.5593333333333333 0.29225 0.556 0.2925 0.557 0.29325 0.5616666666666666 0.2825 0.5623333333333334 
2 0.544 0.554 0.543 0.554 0.5435 0.5523333333333333 0.544 0.554 
2 0.4115 0.5586666666666666 0.4065 0.5586666666666666 0.41575 0.5576666666666666 0.41825 0.5543333333333333 0.42675 0.5576666666666666 0.4115 0.5586666666666666 
2 0.365 0.5606666666666666 0.35075 0.5606666666666666 0.353 0.5576666666666666 0.38475 0.5576666666666666 0.39275 0.5593333333333333 0.365 0.5606666666666666 
