0 0.2058531746031746 0.44907407407407407 0.2048611111111111 0.44907407407407407 0.2048611111111111 0.4444444444444444 0.20510912698412698 0.44246031746031744 0.20610119047619047 0.4417989417989418 0.3447420634920635 0.4097222222222222 0.3479662698412698 0.4103835978835979 0.35540674603174605 0.4083994708994709 0.3556547619047619 0.4074074074074074 0.357390873015873 0.40674603174603174 0.4412202380952381 0.38756613756613756 0.4459325396825397 0.38657407407407407 0.44717261904761907 0.38855820105820105 0.2978670634920635 0.4246031746031746 0.2058531746031746 0.44907407407407407 
0 0.10863095238095238 0.4732142857142857 0.1029265873015873 0.4685846560846561 0.09846230158730158 0.4675925925925926 0.12276785714285714 0.4619708994708995 0.12276785714285714 0.4695767195767196 0.10863095238095238 0.4732142857142857 
0 0.3410218253968254 0.548941798941799 0.3263888888888889 0.548941798941799 0.3365575396825397 0.5254629629629629 0.4072420634920635 0.4675925925925926 0.408234126984127 0.4728835978835979 0.4079861111111111 0.4742063492063492 0.34970238095238093 0.5267857142857143 0.3410218253968254 0.548941798941799 
0 0.3402777777777778 0.5509259259259259 0.34052579365079366 0.5502645502645502 0.3402777777777778 0.5509259259259259 
1 0.642609126984127 0.16038359788359788 0.6443452380952381 0.15013227513227514 0.6381448412698413 0.14682539682539683 0.6309523809523809 0.14781746031746032 0.6594742063492064 0.09986772486772487 0.9997519841269841 0.08366402116402116 0.9997519841269841 0.1388888888888889 0.6470734126984127 0.15376984126984128 0.642609126984127 0.16038359788359788 
1 0.6245039682539683 0.18683862433862433 0.6192956349206349 0.1789021164021164 0.6257440476190477 0.17195767195767195 0.6364087301587301 0.16898148148148148 0.6245039682539683 0.18683862433862433 
1 0.0 0.4252645502645503 0.0 0.1970899470899471 0.23759920634920634 0.2705026455026455 0.3603670634920635 0.31183862433862436 0.43700396825396826 0.3349867724867725 0.4357638888888889 0.3783068783068783 0.3482142857142857 0.38822751322751325 0.345734126984127 0.38822751322751325 0.34523809523809523 0.38657407407407407 0.33903769841269843 0.38822751322751325 0.33878968253968256 0.38921957671957674 0.20014880952380953 0.4037698412698413 0.1984126984126984 0.40145502645502645 0.19345238095238096 0.3998015873015873 0.1810515873015873 0.3994708994708995 0.18080357142857142 0.39021164021164023 0.171875 0.37797619047619047 0.16319444444444445 0.37962962962962965 0.15550595238095238 0.39021164021164023 0.15550595238095238 0.3978174603174603 0.13045634920634921 0.396494708994709 0.12276785714285714 0.40674603174603174 0.12276785714285714 0.41203703703703703 0.0 0.4252645502645503 
1 0.9997519841269841 0.3680555555555556 0.9947916666666666 0.35648148148148145 0.9997519841269841 0.35648148148148145 0.9997519841269841 0.3680555555555556 
1 0.7901785714285714 0.517526455026455 0.7837301587301587 0.517526455026455 0.7834821428571429 0.5102513227513228 0.6257440476190477 0.5023148148148148 0.6192956349206349 0.5026455026455027 0.6192956349206349 0.5158730158730159 0.6128472222222222 0.5142195767195767 0.6138392857142857 0.37996031746031744 0.7886904761904762 0.37665343915343913 0.7889384920634921 0.3680555555555556 0.9732142857142857 0.36507936507936506 0.9744543650793651 0.35813492063492064 0.9776785714285714 0.35813492063492064 0.9756944444444444 0.36177248677248675 0.9821428571428571 0.3716931216931217 0.9821428571428571 0.38293650793650796 0.9759424603174603 0.38293650793650796 0.9744543650793651 0.3872354497354497 0.9781746031746031 0.398478835978836 0.9873511904761905 0.4054232804232804 0.9898313492063492 0.41104497354497355 0.9920634920634921 0.421957671957672 0.9995039682539683 0.4236111111111111 0.9995039682539683 0.4513888888888889 0.9898313492063492 0.44047619047619047 0.9898313492063492 0.43187830687830686 0.9848710317460317 0.419973544973545 0.9796626984126984 0.419973544973545 0.9744543650793651 0.42857142857142855 0.982390873015873 0.44246031746031744 0.9873511904761905 0.4537037037037037 0.9995039682539683 0.45866402116402116 0.9995039682539683 0.49173280423280424 0.9898313492063492 0.478505291005291 0.9846230158730159 0.48544973544973546 0.9756944444444444 0.49074074074074076 0.9779265873015873 0.4966931216931217 0.9734623015873016 0.4973544973544973 0.9747023809523809 0.5089285714285714 0.9635416666666666 0.5122354497354498 0.9632936507936508 0.503968253968254 0.7891865079365079 0.5052910052910053 0.7901785714285714 0.517526455026455 
1 0.5297619047619048 0.38525132275132273 0.5248015873015873 0.38525132275132273 0.5250496031746031 0.3680555555555556 0.5297619047619048 0.3683862433862434 0.5285218253968254 0.3759920634920635 0.5297619047619048 0.38525132275132273 
1 0.5386904761904762 0.38525132275132273 0.5374503968253969 0.38525132275132273 0.5374503968253969 0.3816137566137566 0.5337301587301587 0.3783068783068783 0.5349702380952381 0.37202380952380953 0.5372023809523809 0.37665343915343913 0.5386904761904762 0.38525132275132273 
1 0.5357142857142857 0.38525132275132273 0.5314980158730159 0.38525132275132273 0.53125 0.38062169312169314 0.5357142857142857 0.38525132275132273 
5 0.27827380952380953 0.6121031746031746 0.2648809523809524 0.6051587301587301 0.3263888888888889 0.548941798941799 0.34151785714285715 0.5492724867724867 0.3055555555555556 0.5836640211640212 0.27827380952380953 0.6121031746031746 
5 0.24603174603174602 0.6392195767195767 0.2408234126984127 0.6273148148148148 0.26413690476190477 0.6061507936507936 0.26884920634920634 0.6220238095238095 0.2663690476190476 0.6233465608465608 0.25496031746031744 0.6193783068783069 0.24603174603174602 0.6392195767195767 
2 0.35639880952380953 0.40476190476190477 0.3549107142857143 0.40476190476190477 0.3541666666666667 0.396494708994709 0.34672619047619047 0.3951719576719577 0.345734126984127 0.38822751322751325 0.4357638888888889 0.3783068783068783 0.43601190476190477 0.37533068783068785 0.44072420634920634 0.375 0.44072420634920634 0.38657407407407407 0.35639880952380953 0.40476190476190477 
2 0.20684523809523808 0.43683862433862436 0.20510912698412698 0.43683862433862436 0.2058531746031746 0.41203703703703703 0.20014880952380953 0.4041005291005291 0.20114087301587302 0.40343915343915343 0.33878968253968256 0.38955026455026454 0.33878968253968256 0.40674603174603174 0.3412698412698413 0.4080687830687831 0.20684523809523808 0.43683862433862436 
2 0.08308531746031746 0.46296296296296297 0.0689484126984127 0.4599867724867725 0.000248015873015873 0.4537037037037037 0.0 0.4255952380952381 0.12276785714285714 0.4123677248677249 0.12276785714285714 0.45436507936507936 0.08308531746031746 0.46296296296296297 
2 0.9997519841269841 0.9996693121693122 0.8881448412698413 0.9996693121693122 0.886656746031746 0.9513888888888888 0.886656746031746 0.9454365079365079 0.8918650793650794 0.9090608465608465 0.9077380952380952 0.6583994708994709 0.9117063492063492 0.6263227513227513 0.9270833333333334 0.59755291005291 0.9479166666666666 0.5793650793650794 0.9997519841269841 0.5555555555555556 0.9997519841269841 0.708994708994709 0.9985119047619048 0.5925925925925926 0.9848710317460317 0.6041666666666666 0.9766865079365079 0.6167328042328042 0.970734126984127 0.6312830687830688 0.9682539682539683 0.6458333333333334 0.9682539682539683 0.6567460317460317 0.9724702380952381 0.6746031746031746 0.9818948412698413 0.6947751322751323 0.9997519841269841 0.7222222222222222 0.9997519841269841 0.9996693121693122 
