0 0.6320281124497992 0.6492637215528781 0.6292670682730924 0.6485943775100401 0.6290160642570282 0.6469210174029452 0.6322791164658634 0.6475903614457831 0.6320281124497992 0.6492637215528781 
0 0.8067269076305221 0.6643239625167336 0.8062248995983936 0.6606425702811245 0.8094879518072289 0.6599732262382865 0.8074799196787149 0.6613119143239625 0.8067269076305221 0.6643239625167336 
0 0.7889056224899599 0.6716867469879518 0.7876506024096386 0.6626506024096386 0.8034638554216867 0.6606425702811245 0.803714859437751 0.6683400267737617 0.8057228915662651 0.6673360107095047 0.8052208835341366 0.6693440428380187 0.7889056224899599 0.6716867469879518 
0 0.8461345381526104 0.715528781793842 0.7969377510040161 0.6994645247657296 0.7193775100401606 0.6716867469879518 0.7259036144578314 0.6696787148594378 0.7286646586345381 0.6716867469879518 0.7387048192771084 0.6750334672021419 0.7891566265060241 0.6890896921017403 0.8446285140562249 0.7061579651941098 0.8453815261044176 0.7068273092369478 0.8461345381526104 0.715528781793842 
0 0.41616465863453816 0.7101740294511378 0.4159136546184739 0.7064926372155288 0.4274598393574297 0.7054886211512718 0.41616465863453816 0.7101740294511378 
0 0.339859437751004 0.7416331994645248 0.3353413654618474 0.7399598393574297 0.34387550200803213 0.7362784471218207 0.3755020080321285 0.7182061579651942 0.40336345381526106 0.7085006693440429 0.4041164658634538 0.714190093708166 0.4036144578313253 0.715528781793842 0.3604417670682731 0.7352744310575636 0.339859437751004 0.7416331994645248 
0 0.05622489959839357 0.7520080321285141 0.05622489959839357 0.7396251673360107 0.12424698795180723 0.7299196787148594 0.20456827309236947 0.7282463186077643 0.26129518072289154 0.7386211512717537 0.12449799196787148 0.7416331994645248 0.05622489959839357 0.7520080321285141 
0 0.0050200803212851405 0.7603748326639893 0.0050200803212851405 0.7466532797858099 0.05321285140562249 0.7402945113788487 0.05296184738955823 0.7523427041499331 0.05220883534136546 0.7526773761713521 0.0050200803212851405 0.7603748326639893 
0 0.0 0.8808567603748326 0.0 0.857095046854083 0.09061244979919679 0.8239625167336011 0.2284136546184739 0.7801204819277109 0.23770080321285142 0.7801204819277109 0.24322289156626506 0.7831325301204819 0.22590361445783133 0.7938420348058902 0.15411646586345382 0.8192771084337349 0.0 0.8808567603748326 
1 0.8062248995983936 0.6445783132530121 0.804718875502008 0.606091030789826 0.8155120481927711 0.6057563587684069 0.820281124497992 0.6024096385542169 0.8330823293172691 0.6024096385542169 0.8363453815261044 0.6295180722891566 0.8227911646586346 0.6295180722891566 0.8097389558232931 0.641566265060241 0.8077309236947792 0.6325301204819277 0.8062248995983936 0.6362115127175368 0.8062248995983936 0.6445783132530121 
1 0.8443775100401606 0.6191432396251674 0.8416164658634538 0.6027443105756358 0.8516566265060241 0.6024096385542169 0.8514056224899599 0.6127844712182061 0.8441265060240963 0.6141231593038822 0.8443775100401606 0.6191432396251674 
1 0.7966867469879518 0.6485943775100401 0.793925702811245 0.6485943775100401 0.7934236947791165 0.6472556894243642 0.7911646586345381 0.6117804551539491 0.7989457831325302 0.6057563587684069 0.8019578313253012 0.6057563587684069 0.8032128514056225 0.6472556894243642 0.802710843373494 0.6479250334672021 0.7966867469879518 0.6485943775100401 
1 0.8446285140562249 0.6204819277108434 0.8446285140562249 0.6191432396251674 0.8446285140562249 0.6204819277108434 
1 0.7831325301204819 0.6475903614457831 0.7700803212851406 0.642904953145917 0.7695783132530121 0.641566265060241 0.768574297188755 0.6311914323962516 0.7761044176706827 0.6308567603748326 0.7761044176706827 0.6228246318607764 0.7791164658634538 0.6204819277108434 0.7796184738955824 0.6211512717536813 0.7823795180722891 0.6372155287817939 0.7831325301204819 0.6475903614457831 
1 0.6995481927710844 0.642904953145917 0.6995481927710844 0.6291834002677377 0.7246485943775101 0.6211512717536813 0.7246485943775101 0.6342034805890228 0.723644578313253 0.6342034805890228 0.7233935742971888 0.6291834002677377 0.7120983935742972 0.6308567603748326 0.7123493975903614 0.6402275769745649 0.6995481927710844 0.642904953145917 
1 0.8448795180722891 0.6221552878179384 0.8448795180722891 0.6211512717536813 0.8448795180722891 0.6221552878179384 
1 0.0572289156626506 0.7396251673360107 0.05597389558232932 0.7396251673360107 0.05597389558232932 0.7379518072289156 0.05823293172690763 0.6613119143239625 0.11646586345381527 0.6562918340026773 0.11546184738955824 0.6342034805890228 0.13177710843373494 0.6342034805890228 0.1320281124497992 0.6542838018741634 0.1905120481927711 0.6495983935742972 0.18950803212851405 0.6275100401606426 0.21460843373493976 0.6258366800535475 0.21335341365461846 0.6462516733601071 0.21561244979919678 0.6475903614457831 0.21561244979919678 0.6395582329317269 0.2196285140562249 0.6342034805890228 0.22213855421686746 0.6395582329317269 0.22213855421686746 0.6509370816599732 0.22866465863453816 0.6492637215528781 0.22966867469879518 0.6562918340026773 0.2469879518072289 0.6482597054886211 0.2507530120481928 0.7098393574297188 0.24573293172690763 0.7098393574297188 0.2447289156626506 0.6512717536813922 0.24347389558232932 0.6509370816599732 0.24322289156626506 0.7101740294511378 0.21460843373493976 0.7115127175368139 0.1330321285140562 0.7265729585006694 0.13102409638554216 0.7299196787148594 0.12424698795180723 0.7299196787148594 0.0572289156626506 0.7396251673360107 
1 0.2552710843373494 0.7098393574297188 0.25251004016064255 0.642904953145917 0.25903614457831325 0.6412315930388219 0.26506024096385544 0.6462516733601071 0.2751004016064257 0.6479250334672021 0.2914156626506024 0.6479250334672021 0.2964357429718876 0.6378848728246319 0.29819277108433734 0.6288487282463187 0.3102409638554217 0.6275100401606426 0.3107429718875502 0.6599732262382865 0.30873493975903615 0.6596385542168675 0.30873493975903615 0.6753681392235609 0.31149598393574296 0.6880856760374833 0.3077309236947791 0.6880856760374833 0.3072289156626506 0.6907630522088354 0.29944779116465864 0.6944444444444444 0.2916666666666667 0.6947791164658634 0.28815261044176704 0.6964524765729585 0.26380522088353414 0.6997991967871486 0.26255020080321284 0.7068273092369478 0.2615461847389558 0.7074966532797858 0.26129518072289154 0.6495983935742972 0.2575301204819277 0.6492637215528781 0.2582831325301205 0.7091700133868809 0.2552710843373494 0.7098393574297188 
1 0.007279116465863454 0.7466532797858099 0.005271084337349397 0.7466532797858099 0.004769076305220884 0.7449799196787149 0.0035140562248995983 0.6663319946452476 0.055220883534136546 0.6616465863453815 0.05321285140562249 0.7399598393574297 0.007279116465863454 0.7466532797858099 
1 0.004769076305220884 0.7700803212851406 0.0030120481927710845 0.7700803212851406 0.004769076305220884 0.7687416331994645 0.004769076305220884 0.7700803212851406 
5 0.2447289156626506 0.7838018741633199 0.23443775100401607 0.7787817938420348 0.33157630522088355 0.7382864792503346 0.33910642570281124 0.7419678714859438 0.2447289156626506 0.7838018741633199 
2 0.5363955823293173 0.643908969210174 0.5353915662650602 0.642904953145917 0.5338855421686747 0.6315261044176707 0.5401606425702812 0.6308567603748326 0.5414156626506024 0.6328647925033467 0.5414156626506024 0.6395582329317269 0.5404116465863453 0.642235609103079 0.5389056224899599 0.6328647925033467 0.5363955823293173 0.6325301204819277 0.5368975903614458 0.642235609103079 0.5363955823293173 0.643908969210174 
