0 0.07475 0.5633333333333334 0.05975 0.5623333333333334 0.025 0.5623333333333334 0.02475 0.5613333333333334 0.0325 0.5603333333333333 0.0635 0.561 0.07475 0.5616666666666666 0.07475 0.5633333333333334 
0 0.21 0.602 0.20375 0.598 0.20125 0.5893333333333334 0.2105 0.5953333333333334 0.21 0.602 
0 0.23325 0.6153333333333333 0.227 0.6153333333333333 0.22025 0.6083333333333333 0.2115 0.603 0.21175 0.5966666666666667 0.2125 0.596 0.223 0.6016666666666667 0.233 0.6113333333333333 0.23325 0.6153333333333333 
0 0.30075 0.6183333333333333 0.257 0.617 0.25675 0.612 0.29575 0.6133333333333333 0.30075 0.6183333333333333 
0 0.35425 0.6463333333333333 0.34625 0.6456666666666667 0.344 0.643 0.34425 0.6396666666666667 0.34975 0.6393333333333333 0.35425 0.6376666666666667 0.35425 0.6463333333333333 
0 0.332 0.6446666666666667 0.25475 0.6396666666666667 0.33375 0.6393333333333333 0.33375 0.6413333333333333 0.332 0.6446666666666667 
0 0.74525 0.8876666666666667 0.711 0.8876666666666667 0.66325 0.8853333333333333 0.47775 0.847 0.4195 0.8273333333333334 0.371 0.807 0.26125 0.7503333333333333 0.226 0.725 0.199 0.685 0.199 0.6836666666666666 0.20025 0.6783333333333333 0.206 0.6663333333333333 0.29025 0.7536666666666667 0.366 0.7893333333333333 0.47375 0.834 0.5755 0.8573333333333333 0.6635 0.8693333333333333 0.72675 0.8723333333333333 0.81875 0.8693333333333333 0.88775 0.8573333333333333 0.94675 0.844 0.99975 0.819 0.99975 0.8406666666666667 0.96825 0.8546666666666667 0.8135 0.885 0.8055 0.886 0.74525 0.8876666666666667 
1 0.7125 0.694 0.70525 0.694 0.706 0.6823333333333333 0.7055 0.546 0.7295 0.5473333333333333 0.731 0.532 0.7335 0.532 0.74 0.5376666666666666 0.75225 0.539 0.81775 0.539 0.854 0.5406666666666666 0.85275 0.529 0.85675 0.527 0.86325 0.5306666666666666 0.87825 0.5323333333333333 0.90025 0.534 0.9455 0.534 0.94675 0.524 0.951 0.5236666666666666 0.95375 0.5356666666666666 0.98225 0.534 0.9985 0.5393333333333333 0.99975 0.6446666666666667 0.96 0.6476666666666666 0.9585 0.6596666666666666 0.954 0.66 0.956 0.6516666666666666 0.956 0.6456666666666667 0.95475 0.6376666666666667 0.951 0.6246666666666667 0.9445 0.6176666666666667 0.94075 0.616 0.9365 0.6176666666666667 0.93325 0.6176666666666667 0.93325 0.6113333333333333 0.93175 0.6106666666666667 0.93075 0.6046666666666667 0.937 0.599 0.92325 0.599 0.92825 0.6053333333333333 0.92925 0.6113333333333333 0.92625 0.6126666666666667 0.911 0.6096666666666667 0.91075 0.6013333333333334 0.91875 0.596 0.908 0.6013333333333334 0.90075 0.6026666666666667 0.89275 0.6063333333333333 0.893 0.608 0.904 0.6046666666666667 0.908 0.605 0.908 0.621 0.898 0.6276666666666667 0.8975 0.6296666666666667 0.8965 0.65 0.9015 0.666 0.86575 0.6696666666666666 0.8655 0.675 0.8205 0.68 0.824 0.6686666666666666 0.82525 0.6603333333333333 0.8205 0.642 0.81025 0.6293333333333333 0.80075 0.625 0.8115 0.6246666666666667 0.8115 0.6226666666666667 0.79625 0.6243333333333333 0.793 0.626 0.78525 0.6226666666666667 0.78625 0.6163333333333333 0.785 0.613 0.78875 0.6096666666666667 0.79 0.606 0.77475 0.608 0.78075 0.614 0.78325 0.619 0.7785 0.6196666666666667 0.781 0.6293333333333333 0.75275 0.618 0.7525 0.6126666666666667 0.74725 0.6113333333333333 0.74725 0.603 0.75375 0.5976666666666667 0.746 0.5906666666666667 0.74325 0.5926666666666667 0.74975 0.5976666666666667 0.7425 0.6073333333333333 0.741 0.6013333333333334 0.7385 0.601 0.74075 0.6096666666666667 0.737 0.613 0.73975 0.6146666666666667 0.74325 0.613 0.74825 0.6146666666666667 0.747 0.628 0.7445 0.6296666666666667 0.7445 0.6393333333333333 0.736 0.6393333333333333 0.7285 0.6426666666666667 0.721 0.654 0.7195 0.6623333333333333 0.7195 0.6703333333333333 0.72325 0.6816666666666666 0.7285 0.69 0.73175 0.6923333333333334 0.7285 0.6933333333333334 0.7125 0.694 
1 0.68825 0.695 0.64025 0.6896666666666667 0.6135 0.688 0.613 0.687 0.61425 0.6866666666666666 0.61425 0.6243333333333333 0.59025 0.6226666666666667 0.5815 0.6226666666666667 0.57025 0.6243333333333333 0.56875 0.6826666666666666 0.55775 0.6816666666666666 0.53025 0.6756666666666666 0.5305 0.6386666666666667 0.52875 0.6383333333333333 0.5285 0.6296666666666667 0.5475 0.628 0.55 0.5493333333333333 0.57875 0.5476666666666666 0.5865 0.5456666666666666 0.5935 0.549 0.649 0.549 0.68575 0.544 0.69175 0.5446666666666666 0.69175 0.6946666666666667 0.68825 0.695 
1 0.466 0.675 0.39425 0.663 0.35425 0.653 0.359 0.5543333333333333 0.36425 0.5506666666666666 0.37775 0.552 0.38425 0.5543333333333333 0.385 0.5526666666666666 0.40075 0.554 0.40175 0.5546666666666666 0.4005 0.556 0.40075 0.5576666666666666 0.404 0.5543333333333333 0.41375 0.5546666666666666 0.4155 0.5553333333333333 0.41575 0.561 0.42075 0.561 0.421 0.5553333333333333 0.4685 0.5556666666666666 0.47225 0.5456666666666666 0.50825 0.549 0.50725 0.6246666666666667 0.52325 0.6283333333333333 0.5225 0.6383333333333333 0.51375 0.6386666666666667 0.51125 0.6643333333333333 0.5115 0.6653333333333333 0.5205 0.666 0.51975 0.6743333333333333 0.5 0.6733333333333333 0.47675 0.6683333333333333 0.46875 0.6696666666666666 0.466 0.675 
1 0.91925 0.664 0.922 0.646 0.91925 0.6373333333333333 0.9145 0.628 0.91475 0.6233333333333333 0.9255 0.6396666666666667 0.923 0.648 0.9265 0.6543333333333333 0.933 0.653 0.9345 0.6596666666666666 0.94025 0.6616666666666666 0.91925 0.664 
1 0.77725 0.6833333333333333 0.75925 0.6833333333333333 0.76125 0.68 0.7625 0.668 0.76 0.6563333333333333 0.7525 0.646 0.74725 0.643 0.75025 0.6283333333333333 0.7545 0.6323333333333333 0.76875 0.6516666666666666 0.77325 0.6606666666666666 0.77225 0.6646666666666666 0.77225 0.67 0.775 0.6733333333333333 0.7785 0.6746666666666666 0.77975 0.6796666666666666 0.776 0.6816666666666666 0.77725 0.6833333333333333 
1 0.79125 0.6833333333333333 0.78 0.6833333333333333 0.781 0.6743333333333333 0.7825 0.67 0.785 0.67 0.78625 0.669 0.787 0.6726666666666666 0.7895 0.678 0.7935 0.683 0.79125 0.6833333333333333 
1 0.61025 0.6876666666666666 0.609 0.6876666666666666 0.61025 0.6866666666666666 0.61025 0.6876666666666666 
5 0.02475 0.562 0.0165 0.56 0.01625 0.559 0.02525 0.5606666666666666 0.02475 0.562 
