0 0.5895833333333333 0.6226851851851852 0.5846354166666666 0.6212962962962963 0.5888020833333333 0.6138888888888889 0.60390625 0.6055555555555555 0.65 0.5856481481481481 0.6565104166666667 0.5847222222222223 0.65703125 0.587037037037037 0.6466145833333333 0.5888888888888889 0.6057291666666667 0.6083333333333333 0.5895833333333333 0.6226851851851852 
0 0.38776041666666666 0.6356481481481482 0.38359375 0.6356481481481482 0.3921875 0.6189814814814815 0.4114583333333333 0.5962962962962963 0.41770833333333335 0.5921296296296297 0.41822916666666665 0.5902777777777778 0.42473958333333334 0.5875 0.42473958333333334 0.5912037037037037 0.4236979166666667 0.5930555555555556 0.39817708333333335 0.6337962962962963 0.38776041666666666 0.6356481481481482 
0 0.32109375 0.7583333333333333 0.315625 0.7435185185185185 0.32578125 0.7097222222222223 0.3375 0.6861111111111111 0.34765625 0.6763888888888889 0.36015625 0.6560185185185186 0.378125 0.6416666666666667 0.37473958333333335 0.662962962962963 0.37916666666666665 0.6643518518518519 0.32109375 0.7583333333333333 
0 0.8 0.6759259259259259 0.79140625 0.6712962962962963 0.79296875 0.6699074074074074 0.7963541666666667 0.6703703703703704 0.7994791666666666 0.6722222222222223 0.8 0.6759259259259259 
0 0.8239583333333333 0.6912037037037037 0.8083333333333333 0.6810185185185185 0.8072916666666666 0.6800925925925926 0.8075520833333333 0.6777777777777778 0.8252604166666667 0.687037037037037 0.8255208333333334 0.687962962962963 0.8239583333333333 0.6912037037037037 
0 0.15807291666666667 0.999537037037037 0.05260416666666667 0.999537037037037 0.109375 0.9328703703703703 0.13359375 0.9425925925925925 0.14869791666666668 0.9310185185185185 0.12526041666666668 0.924537037037037 0.14765625 0.8976851851851851 0.18828125 0.8606481481481482 0.20182291666666666 0.837037037037037 0.22213541666666667 0.8273148148148148 0.23072916666666668 0.8157407407407408 0.23255208333333333 0.7986111111111112 0.24296875 0.788425925925926 0.26015625 0.7763888888888889 0.2747395833333333 0.7703703703703704 0.2825520833333333 0.812037037037037 0.28932291666666665 0.8018518518518518 0.29791666666666666 0.7800925925925926 0.30885416666666665 0.7708333333333334 0.31015625 0.7754629629629629 0.21536458333333333 0.912962962962963 0.15807291666666667 0.999537037037037 
1 0.5880208333333333 0.5837962962962963 0.5869791666666667 0.5740740740740741 0.5893229166666667 0.5421296296296296 0.5971354166666667 0.5439814814814815 0.5979166666666667 0.5402777777777777 0.6197916666666666 0.5486111111111112 0.62265625 0.5574074074074075 0.6216145833333333 0.5675925925925925 0.6260416666666667 0.5689814814814815 0.6276041666666666 0.5689814814814815 0.6328125 0.5643518518518519 0.6330729166666667 0.5486111111111112 0.64375 0.5513888888888889 0.6434895833333333 0.5675925925925925 0.6330729166666667 0.5652777777777778 0.62109375 0.575462962962963 0.6049479166666667 0.5675925925925925 0.5940104166666667 0.5717592592592593 0.5901041666666667 0.575925925925926 0.5880208333333333 0.5837962962962963 
1 0.5828125 0.5861111111111111 0.5807291666666666 0.5861111111111111 0.58046875 0.5847222222222223 0.5833333333333334 0.5416666666666666 0.5846354166666666 0.5412037037037037 0.5864583333333333 0.5425925925925926 0.5848958333333333 0.5717592592592593 0.5828125 0.5791666666666667 0.5828125 0.5861111111111111 
1 0.7276041666666667 0.575462962962963 0.7216145833333333 0.5740740740740741 0.7036458333333333 0.575462962962963 0.7028645833333333 0.5722222222222222 0.70078125 0.5722222222222222 0.6989583333333333 0.5689814814814815 0.6888020833333334 0.5675925925925925 0.6877604166666667 0.5638888888888889 0.68671875 0.5638888888888889 0.6856770833333333 0.5671296296296297 0.6716145833333333 0.5652777777777778 0.6669270833333333 0.5689814814814815 0.6653645833333334 0.5740740740740741 0.6513020833333333 0.575 0.65 0.5689814814814815 0.64453125 0.5680555555555555 0.6450520833333333 0.5513888888888889 0.68046875 0.5560185185185185 0.6989583333333333 0.5569444444444445 0.728125 0.5638888888888889 0.72890625 0.5745370370370371 0.7276041666666667 0.575462962962963 
1 0.8252604166666667 0.6638888888888889 0.8130208333333333 0.6574074074074074 0.8130208333333333 0.6412037037037037 0.81015625 0.6342592592592593 0.8080729166666667 0.6333333333333333 0.8080729166666667 0.6226851851851852 0.8138020833333334 0.6222222222222222 0.8140625 0.6189814814814815 0.8044270833333333 0.6175925925925926 0.8036458333333333 0.6217592592592592 0.7997395833333333 0.6125 0.7903645833333334 0.6083333333333333 0.7828125 0.6055555555555555 0.7690104166666667 0.6046296296296296 0.7611979166666667 0.600462962962963 0.75390625 0.6 0.7557291666666667 0.5898148148148148 0.7565104166666666 0.5777777777777777 0.7684895833333333 0.575925925925926 0.76875 0.5740740740740741 0.7828125 0.575462962962963 0.7778645833333333 0.5814814814814815 0.7765625 0.5879629629629629 0.7885416666666667 0.5888888888888889 0.7869791666666667 0.5986111111111111 0.7911458333333333 0.6013888888888889 0.79296875 0.5861111111111111 0.7950520833333333 0.5856481481481481 0.7934895833333333 0.6027777777777777 0.8111979166666666 0.6046296296296296 0.8145833333333333 0.6046296296296296 0.8145833333333333 0.6027777777777777 0.8174479166666667 0.5995370370370371 0.8184895833333333 0.5902777777777778 0.8174479166666667 0.5861111111111111 0.8177083333333334 0.5787037037037037 0.8328125 0.5800925925925926 0.8296875 0.6532407407407408 0.8260416666666667 0.6546296296296297 0.8252604166666667 0.6638888888888889 
1 0.8463541666666666 0.6638888888888889 0.840625 0.663425925925926 0.8385416666666666 0.6537037037037037 0.8401041666666667 0.5810185185185185 0.8875 0.5856481481481481 0.8859375 0.5912037037037037 0.8911458333333333 0.5921296296296297 0.8953125 0.5995370370370371 0.9005208333333333 0.600925925925926 0.9005208333333333 0.6129629629629629 0.9033854166666667 0.6157407407407407 0.9033854166666667 0.6171296296296296 0.8911458333333333 0.6203703703703703 0.8799479166666667 0.6268518518518519 0.8674479166666667 0.6388888888888888 0.8463541666666666 0.6638888888888889 
4 0.590625 0.5962962962962963 0.5856770833333333 0.5962962962962963 0.5875 0.5837962962962963 0.6130208333333333 0.5828703703703704 0.6463541666666667 0.575462962962963 0.6653645833333334 0.5745370370370371 0.6640625 0.5791666666666667 0.6494791666666667 0.5791666666666667 0.63125 0.5842592592592593 0.6020833333333333 0.5888888888888889 0.5919270833333333 0.5921296296296297 0.590625 0.5962962962962963 
4 0.70390625 0.5768518518518518 0.7036458333333333 0.575462962962963 0.7072916666666667 0.575925925925926 0.70390625 0.5768518518518518 
3 0.08463541666666667 0.7518518518518519 0.078125 0.7486111111111111 0.07786458333333333 0.7472222222222222 0.08541666666666667 0.662962962962963 0.0 0.6796296296296296 0.0 0.6277777777777778 0.24921875 0.5944444444444444 0.3377604166666667 0.5810185185185185 0.35859375 0.575925925925926 0.36354166666666665 0.5518518518518518 0.38515625 0.5504629629629629 0.40598958333333335 0.5518518518518518 0.4192708333333333 0.5652777777777778 0.421875 0.5745370370370371 0.41875 0.5787037037037037 0.41458333333333336 0.575925925925926 0.4119791666666667 0.5703703703703704 0.40963541666666664 0.5587962962962963 0.40130208333333334 0.5537037037037037 0.4010416666666667 0.562962962962963 0.40338541666666666 0.5726851851851852 0.40208333333333335 0.5791666666666667 0.37057291666666664 0.5995370370370371 0.36640625 0.5972222222222222 0.3625 0.6055555555555555 0.30911458333333336 0.6425925925925926 0.2786458333333333 0.6680555555555555 0.18776041666666668 0.6995370370370371 0.08463541666666667 0.7518518518518519 
