0 0.189453125 0.7083333333333334 0.18798828125 0.70703125 0.19091796875 0.7057291666666666 0.189453125 0.7083333333333334 
0 0.16162109375 0.7109375 0.15771484375 0.7109375 0.1572265625 0.7096354166666666 0.1806640625 0.7063802083333334 0.18115234375 0.7083333333333334 0.16162109375 0.7109375 
0 0.0888671875 0.716796875 0.0478515625 0.716796875 0.05029296875 0.7141927083333334 0.0703125 0.7115885416666666 0.119140625 0.7115885416666666 0.1337890625 0.7096354166666666 0.13720703125 0.712890625 0.111328125 0.7161458333333334 0.0888671875 0.716796875 
0 0.86962890625 0.7135416666666666 0.8583984375 0.7135416666666666 0.85791015625 0.7102864583333334 0.8701171875 0.7096354166666666 0.86962890625 0.7135416666666666 
0 0.59619140625 0.716796875 0.556640625 0.716796875 0.55615234375 0.7141927083333334 0.59619140625 0.7122395833333334 0.59619140625 0.716796875 
0 0.009765625 0.7174479166666666 0.0 0.7174479166666666 0.0 0.7161458333333334 0.0087890625 0.7154947916666666 0.009765625 0.7174479166666666 
0 0.75 0.9993489583333334 0.70166015625 0.998046875 0.580078125 0.869140625 0.56591796875 0.8509114583333334 0.57080078125 0.833984375 0.58740234375 0.826171875 0.595703125 0.826171875 0.58544921875 0.8365885416666666 0.58984375 0.8489583333333334 0.75 0.9993489583333334 
1 0.99951171875 0.8216145833333334 0.9921875 0.76953125 0.9775390625 0.7571614583333334 0.96435546875 0.7578125 0.9580078125 0.763671875 0.9541015625 0.7747395833333334 0.93603515625 0.7734375 0.9306640625 0.69140625 0.9580078125 0.689453125 0.951171875 0.6790364583333334 0.96484375 0.65234375 0.9775390625 0.6751302083333334 0.9755859375 0.6881510416666666 0.99951171875 0.6881510416666666 0.99951171875 0.8216145833333334 
1 0.89501953125 0.763671875 0.89306640625 0.74609375 0.896484375 0.7454427083333334 0.896484375 0.7421875 0.8935546875 0.6998697916666666 0.87109375 0.69921875 0.86962890625 0.6979166666666666 0.86962890625 0.6927083333333334 0.865234375 0.6790364583333334 0.873046875 0.658203125 0.88720703125 0.6822916666666666 0.90625 0.6881510416666666 0.91064453125 0.7513020833333334 0.89990234375 0.7545572916666666 0.89501953125 0.763671875 
1 0.8583984375 0.7200520833333334 0.84521484375 0.7200520833333334 0.84619140625 0.7102864583333334 0.8447265625 0.6998697916666666 0.8525390625 0.69921875 0.8515625 0.6868489583333334 0.8447265625 0.685546875 0.84423828125 0.6966145833333334 0.83984375 0.6861979166666666 0.84521484375 0.673828125 0.8515625 0.6796875 0.85205078125 0.6673177083333334 0.85595703125 0.6686197916666666 0.8583984375 0.7200520833333334 
1 0.6787109375 0.748046875 0.6650390625 0.7454427083333334 0.6455078125 0.7376302083333334 0.62744140625 0.7376302083333334 0.607421875 0.73046875 0.60009765625 0.7298177083333334 0.59765625 0.7317708333333334 0.59619140625 0.73046875 0.5947265625 0.6842447916666666 0.599609375 0.6770833333333334 0.60400390625 0.685546875 0.6015625 0.6907552083333334 0.60888671875 0.6907552083333334 0.61083984375 0.6770833333333334 0.61328125 0.6751302083333334 0.61572265625 0.6920572916666666 0.650390625 0.6940104166666666 0.6494140625 0.68359375 0.6533203125 0.6751302083333334 0.6572265625 0.68359375 0.6572265625 0.693359375 0.65869140625 0.693359375 0.658203125 0.689453125 0.66064453125 0.6881510416666666 0.66162109375 0.6940104166666666 0.66552734375 0.6940104166666666 0.66748046875 0.6881510416666666 0.6689453125 0.6959635416666666 0.67919921875 0.6959635416666666 0.6796875 0.6829427083333334 0.68310546875 0.67578125 0.68603515625 0.6809895833333334 0.685546875 0.7389322916666666 0.68505859375 0.74609375 0.67919921875 0.7454427083333334 0.6787109375 0.748046875 
1 0.91357421875 0.798828125 0.900390625 0.7962239583333334 0.8984375 0.7819010416666666 0.912109375 0.78125 0.91357421875 0.798828125 
1 0.95458984375 0.810546875 0.9384765625 0.806640625 0.9375 0.787109375 0.9521484375 0.7903645833333334 0.95458984375 0.810546875 
1 0.99169921875 0.8196614583333334 0.9619140625 0.8118489583333334 0.95947265625 0.791015625 0.98876953125 0.7897135416666666 0.99169921875 0.8196614583333334 
5 0.138671875 0.7135416666666666 0.1337890625 0.7102864583333334 0.15771484375 0.7083333333333334 0.15673828125 0.7122395833333334 0.138671875 0.7135416666666666 
5 0.0478515625 0.7174479166666666 0.01025390625 0.7174479166666666 0.00830078125 0.7154947916666666 0.04833984375 0.71484375 0.0478515625 0.7174479166666666 
