0 0.2191358024691358 0.38739669421487605 0.2179783950617284 0.3868801652892562 0.22453703703703703 0.38636363636363635 0.2191358024691358 0.38739669421487605 
0 0.2040895061728395 0.43388429752066116 0.2013888888888889 0.43285123966942146 0.19945987654320987 0.41735537190082644 0.19521604938271606 0.39979338842975204 0.19945987654320987 0.390495867768595 0.2013888888888889 0.3910123966942149 0.19675925925925927 0.4003099173553719 0.2033179012345679 0.4271694214876033 0.2040895061728395 0.43388429752066116 
0 0.13117283950617284 0.45144628099173556 0.011959876543209876 0.45041322314049587 0.011574074074074073 0.446797520661157 0.15432098765432098 0.4478305785123967 0.15470679012345678 0.4493801652892562 0.13117283950617284 0.45144628099173556 
0 0.6496913580246914 0.5067148760330579 0.501929012345679 0.4865702479338843 0.4683641975308642 0.47985537190082644 0.4201388888888889 0.46642561983471076 0.4251543209876543 0.46487603305785125 0.4332561728395062 0.4659090909090909 0.5073302469135802 0.484504132231405 0.6574074074074074 0.5036157024793388 0.6496913580246914 0.5067148760330579 
0 0.8653549382716049 0.5232438016528925 0.7970679012345679 0.5201446280991735 0.7943672839506173 0.5144628099173554 0.8653549382716049 0.5232438016528925 
0 0.9996141975308642 0.5330578512396694 0.96875 0.53099173553719 0.9996141975308642 0.5278925619834711 0.9996141975308642 0.5330578512396694 
0 0.11651234567901235 0.625 0.1087962962962963 0.625 0.10570987654320987 0.612603305785124 0.09297839506172839 0.5898760330578512 0.08179012345679013 0.5785123966942148 0.056712962962962965 0.5614669421487604 0.024305555555555556 0.5480371900826446 0.02353395061728395 0.5444214876033058 0.059799382716049385 0.559400826446281 0.08757716049382716 0.5759297520661157 0.10532407407407407 0.5955578512396694 0.11496913580246913 0.6182851239669421 0.11651234567901235 0.625 
0 0.9131944444444444 0.606404958677686 0.9120370370370371 0.606404958677686 0.9120370370370371 0.6038223140495868 0.9139660493827161 0.6027892561983471 0.9216820987654321 0.6043388429752066 0.9131944444444444 0.606404958677686 
0 0.8692129629629629 0.6869834710743802 0.8603395061728395 0.6869834710743802 0.8549382716049383 0.6766528925619835 0.8510802469135802 0.6642561983471075 0.8503086419753086 0.6554752066115702 0.8530092592592593 0.6389462809917356 0.8584104938271605 0.6291322314049587 0.8680555555555556 0.6198347107438017 0.8915895061728395 0.609504132231405 0.9031635802469136 0.606404958677686 0.9027777777777778 0.6105371900826446 0.8757716049382716 0.6244834710743802 0.8676697530864198 0.6322314049586777 0.8591820987654321 0.6451446280991735 0.8576388888888888 0.6523760330578512 0.8587962962962963 0.6621900826446281 0.8692129629629629 0.6869834710743802 
0 0.0 0.8409090909090909 0.0 0.8274793388429752 0.06828703703703703 0.7272727272727273 0.07098765432098765 0.7236570247933884 0.08101851851851852 0.7267561983471075 0.02546296296296296 0.8068181818181818 0.0 0.8409090909090909 
0 0.9996141975308642 0.8140495867768595 0.9560185185185185 0.7784090909090909 0.9656635802469136 0.7747933884297521 0.9984567901234568 0.8006198347107438 0.9996141975308642 0.8021694214876033 0.9996141975308642 0.8140495867768595 
1 0.6037808641975309 0.4850206611570248 0.5929783950617284 0.4839876033057851 0.5945216049382716 0.44421487603305787 0.5752314814814815 0.4447314049586777 0.5725308641975309 0.48140495867768596 0.4880401234567901 0.47107438016528924 0.4228395061728395 0.45041322314049587 0.4216820987654321 0.44989669421487605 0.4216820987654321 0.44421487603305787 0.4220679012345679 0.4364669421487603 0.42322530864197533 0.4359504132231405 0.4243827160493827 0.42768595041322316 0.4243827160493827 0.42613636363636365 0.4228395061728395 0.4256198347107438 0.4243827160493827 0.42458677685950413 0.4243827160493827 0.4121900826446281 0.5073302469135802 0.4230371900826446 0.6242283950617284 0.43233471074380164 0.6215277777777778 0.46952479338842973 0.6107253086419753 0.47262396694214875 0.6041666666666666 0.4772727272727273 0.6037808641975309 0.4850206611570248 
1 0.37808641975308643 0.4369834710743802 0.3742283950617284 0.43543388429752067 0.3742283950617284 0.42613636363636365 0.373070987654321 0.4240702479338843 0.3715277777777778 0.42510330578512395 0.36921296296296297 0.41890495867768596 0.36574074074074076 0.4142561983471074 0.37885802469135804 0.4168388429752066 0.37808641975308643 0.4369834710743802 
1 0.3854166666666667 0.43956611570247933 0.38078703703703703 0.4380165289256198 0.3819444444444444 0.4168388429752066 0.3861882716049383 0.41787190082644626 0.3854166666666667 0.43956611570247933 
1 0.408179012345679 0.44576446280991733 0.3881172839506173 0.440599173553719 0.38927469135802467 0.41787190082644626 0.4166666666666667 0.4214876033057851 0.41705246913580246 0.42458677685950413 0.42052469135802467 0.42510330578512395 0.41898148148148145 0.43543388429752067 0.41975308641975306 0.4375 0.4097222222222222 0.4380165289256198 0.408179012345679 0.44576446280991733 
1 0.8360339506172839 0.5082644628099173 0.7901234567901234 0.503099173553719 0.7854938271604939 0.4927685950413223 0.7662037037037037 0.4865702479338843 0.753858024691358 0.484504132231405 0.7110339506172839 0.4834710743801653 0.7118055555555556 0.48295454545454547 0.6844135802469136 0.4772727272727273 0.6408179012345679 0.4731404958677686 0.6280864197530864 0.4674586776859504 0.6257716049382716 0.4684917355371901 0.6277006172839507 0.43336776859504134 0.6882716049382716 0.4380165289256198 0.841820987654321 0.44214876033057854 0.8360339506172839 0.5082644628099173 
1 0.9112654320987654 0.515495867768595 0.8402777777777778 0.5087809917355371 0.8425925925925926 0.4881198347107438 0.8452932098765432 0.4850206611570248 0.8468364197530864 0.47262396694214875 0.8468364197530864 0.4705578512396694 0.8441358024691358 0.46952479338842973 0.8464506172839507 0.44266528925619836 0.8580246913580247 0.44214876033057854 0.8595679012345679 0.4478305785123967 0.9112654320987654 0.45144628099173556 0.9085648148148148 0.46952479338842973 0.9151234567901234 0.47520661157024796 0.9112654320987654 0.515495867768595 
1 0.9996141975308642 0.5216942148760331 0.9193672839506173 0.5160123966942148 0.9216820987654321 0.4819214876033058 0.9386574074074074 0.4824380165289256 0.9398148148148148 0.4912190082644628 0.9440586419753086 0.4912190082644628 0.9471450617283951 0.4540289256198347 0.9996141975308642 0.45764462809917356 0.9996141975308642 0.5216942148760331 
5 0.1732253086419753 0.4493801652892562 0.15432098765432098 0.44886363636363635 0.18981481481481483 0.4462809917355372 0.2010030864197531 0.44163223140495866 0.2029320987654321 0.4385330578512397 0.2021604938271605 0.43336776859504134 0.2044753086419753 0.43491735537190085 0.2040895061728395 0.44111570247933884 0.2006172839506173 0.443698347107438 0.18904320987654322 0.4478305785123967 0.1732253086419753 0.4493801652892562 
5 0.4224537037037037 0.4659090909090909 0.4027777777777778 0.4602272727272727 0.3757716049382716 0.4478305785123967 0.3746141975308642 0.44576446280991733 0.4039351851851852 0.45867768595041325 0.42399691358024694 0.46539256198347106 0.4224537037037037 0.4659090909090909 
5 0.8614969135802469 0.5222107438016529 0.8572530864197531 0.5222107438016529 0.8614969135802469 0.5222107438016529 
5 0.9104938271604939 0.5263429752066116 0.8614969135802469 0.5227272727272727 0.9066358024691358 0.5247933884297521 0.9104938271604939 0.5263429752066116 
5 0.9749228395061729 0.5304752066115702 0.9185956790123457 0.5273760330578512 0.9182098765432098 0.5263429752066116 0.9749228395061729 0.5304752066115702 
5 0.08140432098765432 0.7272727272727273 0.07214506172839506 0.7241735537190083 0.09297839506172839 0.6890495867768595 0.10262345679012345 0.668904958677686 0.10648148148148148 0.65599173553719 0.1087962962962963 0.6255165289256198 0.11651234567901235 0.625 0.11766975308641975 0.6291322314049587 0.11882716049382716 0.6528925619834711 0.11535493827160494 0.6658057851239669 0.10532407407407407 0.6900826446280992 0.08641975308641975 0.7210743801652892 0.08140432098765432 0.7272727272727273 
5 0.9575617283950617 0.7778925619834711 0.8927469135802469 0.7221074380165289 0.8653549382716049 0.693698347107438 0.8614969135802469 0.6875 0.8688271604938271 0.6869834710743802 0.878858024691358 0.6988636363636364 0.9085648148148148 0.7277892561983471 0.9621913580246914 0.7763429752066116 0.9575617283950617 0.7778925619834711 
2 0.1736111111111111 0.3925619834710744 0.1720679012345679 0.3837809917355372 0.17785493827160495 0.3837809917355372 0.17901234567901234 0.38171487603305787 0.17901234567901234 0.38791322314049587 0.18094135802469136 0.38791322314049587 0.18171296296296297 0.37861570247933884 0.1871141975308642 0.37861570247933884 0.18942901234567902 0.3744834710743802 0.19058641975308643 0.3755165289256198 0.19020061728395063 0.3853305785123967 0.1736111111111111 0.3925619834710744 
2 0.19521604938271606 0.3853305785123967 0.19405864197530864 0.3853305785123967 0.19444444444444445 0.3755165289256198 0.20023148148148148 0.375 0.19791666666666666 0.3765495867768595 0.19521604938271606 0.3853305785123967 
2 0.12962962962962962 0.43388429752066116 0.09722222222222222 0.43336776859504134 0.09837962962962964 0.3755165289256198 0.10609567901234568 0.3755165289256198 0.1087962962962963 0.38584710743801653 0.13117283950617284 0.3884297520661157 0.13078703703703703 0.40392561983471076 0.12924382716049382 0.4044421487603306 0.12962962962962962 0.43388429752066116 
2 0.21720679012345678 0.37913223140495866 0.21566358024691357 0.3755165289256198 0.21720679012345678 0.3760330578512397 0.21720679012345678 0.37913223140495866 
2 0.2191358024691358 0.3837809917355372 0.2191358024691358 0.3755165289256198 0.22646604938271606 0.3760330578512397 0.22415123456790123 0.38326446280991733 0.2191358024691358 0.3837809917355372 
2 0.09143518518518519 0.43336776859504134 0.020833333333333332 0.43285123966942146 0.02199074074074074 0.3806818181818182 0.0470679012345679 0.3822314049586777 0.047453703703703706 0.37706611570247933 0.05709876543209876 0.37706611570247933 0.059027777777777776 0.384297520661157 0.0933641975308642 0.3853305785123967 0.09143518518518519 0.43336776859504134 
2 0.14621913580246915 0.434400826446281 0.13464506172839505 0.43388429752066116 0.13464506172839505 0.4168388429752066 0.13734567901234568 0.41632231404958675 0.1385030864197531 0.4059917355371901 0.1385030864197531 0.40392561983471076 0.13503086419753085 0.40392561983471076 0.13503086419753085 0.3910123966942149 0.13580246913580246 0.3884297520661157 0.14506172839506173 0.38894628099173556 0.15354938271604937 0.3827479338842975 0.15239197530864199 0.42045454545454547 0.15200617283950618 0.422004132231405 0.14853395061728394 0.4230371900826446 0.14621913580246915 0.434400826446281 
