0 0.027573529411764705 0.6156045751633987 0.026348039215686275 0.6156045751633987 0.023284313725490197 0.6078431372549019 0.21446078431372548 0.579248366013072 0.2769607843137255 0.5678104575163399 0.3177083333333333 0.5588235294117647 0.32169117647058826 0.5592320261437909 0.33026960784313725 0.556781045751634 0.33609068627450983 0.556781045751634 0.3602941176470588 0.5490196078431373 0.36672794117647056 0.548202614379085 0.3740808823529412 0.5428921568627451 0.375 0.5404411764705882 0.3756127450980392 0.5420751633986928 0.3753063725490196 0.5441176470588235 0.36642156862745096 0.5502450980392157 0.3606004901960784 0.551062091503268 0.3449754901960784 0.556781045751634 0.34160539215686275 0.556781045751634 0.33670343137254904 0.5592320261437909 0.3278186274509804 0.5592320261437909 0.2974877450980392 0.5678104575163399 0.20526960784313725 0.5857843137254902 0.027573529411764705 0.6156045751633987 
1 0.5591299019607843 0.5343137254901961 0.5548406862745098 0.5339052287581699 0.5548406862745098 0.5249183006535948 0.5456495098039216 0.5253267973856209 0.5453431372549019 0.5302287581699346 0.5425857843137255 0.5302287581699346 0.5425857843137255 0.5253267973856209 0.5343137254901961 0.5253267973856209 0.5340073529411765 0.5330882352941176 0.5333946078431373 0.5261437908496732 0.5251225490196079 0.5261437908496732 0.5248161764705882 0.5326797385620915 0.524203431372549 0.5253267973856209 0.5594362745098039 0.5216503267973857 0.5591299019607843 0.5343137254901961 
1 0.36519607843137253 0.5379901960784313 0.36213235294117646 0.5379901960784313 0.36151960784313725 0.5236928104575164 0.3710171568627451 0.5245098039215687 0.3716299019607843 0.5359477124183006 0.36519607843137253 0.5379901960784313 
4 0.5248161764705882 0.5355392156862745 0.5248161764705882 0.5326797385620915 0.5248161764705882 0.5355392156862745 
4 0.5340073529411765 0.5343137254901961 0.5337009803921569 0.5330882352941176 0.5340073529411765 0.5343137254901961 
4 0.43566176470588236 0.5408496732026143 0.42769607843137253 0.5392156862745098 0.4175857843137255 0.5392156862745098 0.4172794117647059 0.5359477124183006 0.4181985294117647 0.5334967320261438 0.4341299019607843 0.5351307189542484 0.43443627450980393 0.5367647058823529 0.4368872549019608 0.5375816993464052 0.43566176470588236 0.5408496732026143 
4 0.5597426470588235 0.545751633986928 0.5548406862745098 0.5449346405228758 0.555453431372549 0.5339052287581699 0.5600490196078431 0.5347222222222222 0.5597426470588235 0.545751633986928 
4 0.01011029411764706 0.5984477124183006 0.006740196078431373 0.5980392156862745 0.0 0.5939542483660131 0.0 0.5563725490196079 0.22794117647058823 0.5465686274509803 0.36519607843137253 0.5379901960784313 0.37316176470588236 0.5351307189542484 0.3746936274509804 0.5359477124183006 0.375 0.5383986928104575 0.3743872549019608 0.5416666666666666 0.34528186274509803 0.5494281045751634 0.3290441176470588 0.5575980392156863 0.32169117647058826 0.5592320261437909 0.30637254901960786 0.5571895424836601 0.2267156862745098 0.571078431372549 0.15226715686274508 0.5821078431372549 0.01011029411764706 0.5984477124183006 
4 0.578125 0.5469771241830066 0.5707720588235294 0.5465686274509803 0.5713848039215687 0.5351307189542484 0.5784313725490197 0.5359477124183006 0.578125 0.5469771241830066 
4 0.6415441176470589 0.5498366013071896 0.6188725490196079 0.548202614379085 0.6188725490196079 0.5363562091503268 0.6409313725490197 0.5355392156862745 0.6415441176470589 0.5498366013071896 
4 0.7071078431372549 0.5551470588235294 0.6602328431372549 0.5514705882352942 0.6602328431372549 0.5359477124183006 0.7064950980392157 0.5375816993464052 0.7071078431372549 0.5551470588235294 
4 0.602328431372549 0.5477941176470589 0.5906862745098039 0.5473856209150327 0.5903799019607843 0.5371732026143791 0.602328431372549 0.5363562091503268 0.602328431372549 0.5477941176470589 
4 0.8808210784313726 0.75 0.8618259803921569 0.7459150326797386 0.8587622549019608 0.6801470588235294 0.7827818627450981 0.6499183006535948 0.7855392156862745 0.7009803921568627 0.7699142156862745 0.6948529411764706 0.7674632352941176 0.6454248366013072 0.7230392156862745 0.6274509803921569 0.7227328431372549 0.6683006535947712 0.7126225490196079 0.6662581699346405 0.7132352941176471 0.6270424836601307 0.6844362745098039 0.6160130718954249 0.6841299019607843 0.6486928104575164 0.6743259803921569 0.6458333333333334 0.6495098039215687 0.6258169934640523 0.5395220588235294 0.5723039215686274 0.4944852941176471 0.5547385620915033 0.46629901960784315 0.5469771241830066 0.4653799019607843 0.5383986928104575 0.4727328431372549 0.5379901960784313 0.5134803921568627 0.5428921568627451 0.5165441176470589 0.5433006535947712 0.5168504901960784 0.5449346405228758 0.5245098039215687 0.5445261437908496 0.5327818627450981 0.5453431372549019 0.5343137254901961 0.5465686274509803 0.5444240196078431 0.5469771241830066 0.5453431372549019 0.5477941176470589 0.5456495098039216 0.5494281045751634 0.5594362745098039 0.5494281045751634 0.5597426470588235 0.5522875816993464 0.5778186274509803 0.5522875816993464 0.5784313725490197 0.5559640522875817 0.5845588235294118 0.5571895424836601 0.5900735294117647 0.5559640522875817 0.5903799019607843 0.5543300653594772 0.6001838235294118 0.5555555555555556 0.602328431372549 0.5563725490196079 0.6026348039215687 0.5604575163398693 0.6118259803921569 0.5608660130718954 0.6185661764705882 0.5600490196078431 0.6188725490196079 0.5584150326797386 0.6200980392156863 0.5584150326797386 0.6397058823529411 0.5612745098039216 0.6418504901960784 0.5620915032679739 0.6424632352941176 0.5669934640522876 0.6461397058823529 0.5690359477124183 0.6593137254901961 0.5694444444444444 0.6596200980392157 0.5641339869281046 0.7074142156862745 0.571078431372549 0.7083333333333334 0.5776143790849673 0.7334558823529411 0.5833333333333334 0.7337622549019608 0.5755718954248366 0.7349877450980392 0.5751633986928104 0.84375 0.5931372549019608 0.8440563725490197 0.6094771241830066 0.8930759803921569 0.6078431372549019 0.8933823529411765 0.6013071895424836 0.9996936274509803 0.619281045751634 0.9996936274509803 0.7336601307189542 0.8771446078431373 0.6854575163398693 0.8808210784313726 0.75 
4 0.84375 0.565359477124183 0.7362132352941176 0.5571895424836601 0.7346813725490197 0.556781045751634 0.7352941176470589 0.5383986928104575 0.8425245098039216 0.5404411764705882 0.84375 0.565359477124183 
4 0.9996936274509803 0.5784313725490197 0.8909313725490197 0.5694444444444444 0.8890931372549019 0.5424836601307189 0.9996936274509803 0.5449346405228758 0.9996936274509803 0.5784313725490197 
3 0.42003676470588236 0.5396241830065359 0.4172794117647059 0.5396241830065359 0.42003676470588236 0.5396241830065359 
3 0.9996936274509803 0.8578431372549019 0.9466911764705882 0.8541666666666666 0.8268995098039216 0.766748366013072 0.6755514705882353 0.6719771241830066 0.5968137254901961 0.6188725490196079 0.5569852941176471 0.5947712418300654 0.5254289215686274 0.5735294117647058 0.4947916666666667 0.5575980392156863 0.46721813725490197 0.5486111111111112 0.46599264705882354 0.5473856209150327 0.47028186274509803 0.5473856209150327 0.4944852941176471 0.5547385620915033 0.5395220588235294 0.5723039215686274 0.6495098039215687 0.6258169934640523 0.6743259803921569 0.6458333333333334 0.6841299019607843 0.6486928104575164 0.6844362745098039 0.6160130718954249 0.7132352941176471 0.6270424836601307 0.7126225490196079 0.6662581699346405 0.7227328431372549 0.6683006535947712 0.7230392156862745 0.6274509803921569 0.7674632352941176 0.6454248366013072 0.7699142156862745 0.6948529411764706 0.7855392156862745 0.7009803921568627 0.7827818627450981 0.6499183006535948 0.8587622549019608 0.6801470588235294 0.8621323529411765 0.7459150326797386 0.8808210784313726 0.75 0.8771446078431373 0.6854575163398693 0.9993872549019608 0.733251633986928 0.9996936274509803 0.8578431372549019 
