0 0.5143995098039216 0.5657679738562091 0.5128676470588235 0.5657679738562091 0.5143995098039216 0.5657679738562091 
0 0.5125612745098039 0.5706699346405228 0.5110294117647058 0.5702614379084967 0.5082720588235294 0.5665849673202614 0.5125612745098039 0.5657679738562091 0.5104166666666666 0.5665849673202614 0.5125612745098039 0.5706699346405228 
0 0.5232843137254902 0.5939542483660131 0.5165441176470589 0.5939542483660131 0.515625 0.5919117647058824 0.5162377450980392 0.5866013071895425 0.5193014705882353 0.5845588235294118 0.5205269607843137 0.5866013071895425 0.5223651960784313 0.5866013071895425 0.5232843137254902 0.5939542483660131 
0 0.5496323529411765 0.613562091503268 0.5327818627450981 0.613562091503268 0.5269607843137255 0.6062091503267973 0.5272671568627451 0.5996732026143791 0.5487132352941176 0.5964052287581699 0.5487132352941176 0.5988562091503268 0.5315563725490197 0.6021241830065359 0.5349264705882353 0.6053921568627451 0.5487132352941176 0.6045751633986928 0.5496323529411765 0.613562091503268 
0 0.5729166666666666 0.6560457516339869 0.5523897058823529 0.6327614379084967 0.5572916666666666 0.6282679738562091 0.5628063725490197 0.6294934640522876 0.5689338235294118 0.6266339869281046 0.5940563725490197 0.6233660130718954 0.5943627450980392 0.6266339869281046 0.5612745098039216 0.6311274509803921 0.5747549019607843 0.641748366013072 0.5946691176470589 0.6413398692810458 0.5955882352941176 0.6535947712418301 0.5729166666666666 0.6560457516339869 
0 0.727328431372549 0.823937908496732 0.7132352941176471 0.8092320261437909 0.6446078431372549 0.7283496732026143 0.6433823529411765 0.7267156862745098 0.6464460784313726 0.7177287581699346 0.6507352941176471 0.7132352941176471 0.8219975490196079 0.701797385620915 0.8057598039215687 0.6924019607843137 0.7925857843137255 0.6887254901960784 0.796875 0.678921568627451 0.7987132352941176 0.6642156862745098 0.7999387254901961 0.6638071895424836 0.8348651960784313 0.6776960784313726 0.8354779411764706 0.7095588235294118 0.6865808823529411 0.7218137254901961 0.7622549019607843 0.7814542483660131 0.9175857843137255 0.7716503267973857 0.9126838235294118 0.7871732026143791 0.9065563725490197 0.8022875816993464 0.9074754901960784 0.8129084967320261 0.7527573529411765 0.8235294117647058 0.727328431372549 0.823937908496732 
0 0.8670343137254902 0.7071078431372549 0.8621323529411765 0.7071078431372549 0.8609068627450981 0.6879084967320261 0.9019607843137255 0.704248366013072 0.8670343137254902 0.7071078431372549 
1 0.6482843137254902 0.5241013071895425 0.6449142156862745 0.5151143790849673 0.6418504901960784 0.5147058823529411 0.640625 0.47875816993464054 0.7408088235294118 0.477124183006536 0.7423406862745098 0.5061274509803921 0.7417279411764706 0.5073529411764706 0.6969975490196079 0.5151143790849673 0.6954656862745098 0.5138888888888888 0.6951593137254902 0.5102124183006536 0.6927083333333334 0.5053104575163399 0.6878063725490197 0.5053104575163399 0.6856617647058824 0.4991830065359477 0.6813725490196079 0.49754901960784315 0.6792279411764706 0.4987745098039216 0.6764705882352942 0.5036764705882353 0.6761642156862745 0.505718954248366 0.6783088235294118 0.508578431372549 0.6783088235294118 0.5122549019607843 0.6770833333333334 0.516748366013072 0.6752450980392157 0.5191993464052288 0.6482843137254902 0.5241013071895425 
1 0.6317401960784313 0.5375816993464052 0.6283700980392157 0.5302287581699346 0.6213235294117647 0.5232843137254902 0.6185661764705882 0.5191993464052288 0.6133578431372549 0.5212418300653595 0.6032475490196079 0.5212418300653595 0.6029411764705882 0.48733660130718953 0.6167279411764706 0.48080065359477125 0.6280637254901961 0.48080065359477125 0.6317401960784313 0.5375816993464052 
1 0.5958946078431373 0.5220588235294118 0.5860906862745098 0.5220588235294118 0.5854779411764706 0.5134803921568627 0.5753676470588235 0.5134803921568627 0.5738357843137255 0.5012254901960784 0.5986519607843137 0.48937908496732024 0.5995710784313726 0.5212418300653595 0.5958946078431373 0.5220588235294118 
1 0.5631127450980392 0.5138888888888888 0.5591299019607843 0.5138888888888888 0.5609681372549019 0.5073529411764706 0.5677083333333334 0.5036764705882353 0.5689338235294118 0.5134803921568627 0.5631127450980392 0.5138888888888888 
1 0.5756740196078431 0.5191993464052288 0.5756740196078431 0.5179738562091504 0.5756740196078431 0.5191993464052288 
1 0.5762867647058824 0.5236928104575164 0.5759803921568627 0.5200163398692811 0.5762867647058824 0.5236928104575164 
2 0.9996936274509803 0.6299019607843137 0.8541666666666666 0.6033496732026143 0.8443627450980392 0.4889705882352941 0.8458946078431373 0.48733660130718953 0.9996936274509803 0.46078431372549017 0.9996936274509803 0.6299019607843137 
2 0.7990196078431373 0.5996732026143791 0.7876838235294118 0.5972222222222222 0.7846200980392157 0.5874183006535948 0.7833946078431373 0.5784313725490197 0.7751225490196079 0.5743464052287581 0.7693014705882353 0.5629084967320261 0.7601102941176471 0.5506535947712419 0.7564338235294118 0.5404411764705882 0.75 0.5355392156862745 0.7435661764705882 0.5334967320261438 0.7297794117647058 0.5334967320261438 0.7215073529411765 0.5306372549019608 0.7049632352941176 0.5306372549019608 0.7018995098039216 0.5245098039215687 0.7015931372549019 0.5151143790849673 0.7006740196078431 0.5204248366013072 0.6969975490196079 0.5155228758169934 0.7579656862745098 0.5040849673202614 0.8020833333333334 0.5016339869281046 0.803921568627451 0.5200163398692811 0.8235294117647058 0.5049019607843137 0.8296568627450981 0.5988562091503268 0.8152573529411765 0.5968137254901961 0.7990196078431373 0.5996732026143791 
2 0.6537990196078431 0.5334967320261438 0.6528799019607843 0.5334967320261438 0.6516544117647058 0.5298202614379085 0.6488970588235294 0.5273692810457516 0.6485906862745098 0.5236928104575164 0.6752450980392157 0.5196078431372549 0.6724877450980392 0.5269607843137255 0.671875 0.5318627450980392 0.6672794117647058 0.5269607843137255 0.6642156862745098 0.5306372549019608 0.6651348039215687 0.5318627450980392 0.6537990196078431 0.5334967320261438 
