0 0.35202205882352944 0.8443627450980392 0.35661764705882354 0.8427287581699346 0.3547794117647059 0.8415032679738562 0.39859068627450983 0.8333333333333334 0.40410539215686275 0.8308823529411765 0.4056372549019608 0.8349673202614379 0.39307598039215685 0.8382352941176471 0.35202205882352944 0.8443627450980392 
0 0.30484068627450983 0.8537581699346405 0.2800245098039216 0.8521241830065359 0.27389705882352944 0.8504901960784313 0.28125 0.8472222222222222 0.3287377450980392 0.8464052287581699 0.33026960784313725 0.8492647058823529 0.30484068627450983 0.8537581699346405 
0 0.3318014705882353 0.8492647058823529 0.33057598039215685 0.8492647058823529 0.3318014705882353 0.8492647058823529 
0 0.0 0.8962418300653595 0.0 0.8848039215686274 0.11488970588235294 0.8758169934640523 0.16115196078431374 0.8705065359477124 0.1636029411764706 0.8705065359477124 0.16482843137254902 0.8741830065359477 0.16482843137254902 0.8758169934640523 0.14552696078431374 0.8799019607843137 0.10294117647058823 0.886437908496732 0.061274509803921566 0.889297385620915 0.0 0.8962418300653595 
1 0.23069852941176472 0.8374183006535948 0.22487745098039216 0.8370098039215687 0.22579656862745098 0.8125 0.00030637254901960784 0.7863562091503268 0.0 0.7691993464052288 0.23774509803921567 0.7937091503267973 0.23590686274509803 0.8296568627450981 0.23560049019607843 0.8312908496732027 0.23161764705882354 0.8316993464052288 0.23069852941176472 0.8374183006535948 
1 0.0055147058823529415 0.8006535947712419 0.0 0.7998366013071896 0.0 0.7908496732026143 0.006740196078431373 0.7924836601307189 0.0055147058823529415 0.8006535947712419 
1 0.06924019607843138 0.8178104575163399 0.061887254901960786 0.8169934640522876 0.06096813725490196 0.8047385620915033 0.010723039215686275 0.801062091503268 0.01133578431372549 0.7953431372549019 0.011948529411764705 0.7941176470588235 0.014399509803921568 0.7941176470588235 0.07138480392156862 0.8014705882352942 0.06924019607843138 0.8178104575163399 
1 0.14215686274509803 0.826797385620915 0.07536764705882353 0.8186274509803921 0.07628676470588236 0.8022875816993464 0.14307598039215685 0.8092320261437909 0.14215686274509803 0.826797385620915 
1 0.21966911764705882 0.8361928104575164 0.1485906862745098 0.8276143790849673 0.14950980392156862 0.8100490196078431 0.21966911764705882 0.8190359477124183 0.21966911764705882 0.8361928104575164 
5 0.33057598039215685 0.8492647058823529 0.3284313725490196 0.8455882352941176 0.35202205882352944 0.8406862745098039 0.35661764705882354 0.8427287581699346 0.33057598039215685 0.8492647058823529 
4 0.22487745098039216 0.8366013071895425 0.21966911764705882 0.8366013071895425 0.21966911764705882 0.8190359477124183 0.15226715686274508 0.809640522875817 0.14950980392156862 0.8100490196078431 0.1482843137254902 0.8288398692810458 0.14215686274509803 0.8288398692810458 0.14307598039215685 0.8092320261437909 0.07659313725490197 0.8018790849673203 0.07506127450980392 0.8206699346405228 0.06924019607843138 0.8194444444444444 0.07138480392156862 0.8014705882352942 0.014399509803921568 0.7941176470588235 0.011642156862745098 0.7945261437908496 0.010416666666666666 0.801062091503268 0.005821078431372549 0.8006535947712419 0.006740196078431373 0.7924836601307189 0.0 0.7908496732026143 0.0 0.7863562091503268 0.22579656862745098 0.8125 0.22487745098039216 0.8366013071895425 
