0 0.5677083333333334 0.735838779956427 0.47579656862745096 0.7325708061002179 0.47549019607843135 0.7314814814814815 0.5330882352941176 0.7336601307189542 0.5625 0.7331154684095861 0.5670955882352942 0.7336601307189542 0.5677083333333334 0.735838779956427 
0 0.5756740196078431 0.7630718954248366 0.5707720588235294 0.7619825708061002 0.5707720588235294 0.7570806100217865 0.5655637254901961 0.7559912854030502 0.5631127450980392 0.7521786492374728 0.5612745098039216 0.7450980392156863 0.5631127450980392 0.7440087145969498 0.5683210784313726 0.7538126361655774 0.5738357843137255 0.7538126361655774 0.5759803921568627 0.7521786492374728 0.5756740196078431 0.7559912854030502 0.5719975490196079 0.7570806100217865 0.5732230392156863 0.7592592592592593 0.5762867647058824 0.7608932461873639 0.5750612745098039 0.7625272331154684 0.5756740196078431 0.7630718954248366 
0 0.45159313725490197 0.7630718954248366 0.45098039215686275 0.7592592592592593 0.4540441176470588 0.7581699346405228 0.45526960784313725 0.7559912854030502 0.4635416666666667 0.7538126361655774 0.4653799019607843 0.7570806100217865 0.45159313725490197 0.7630718954248366 
0 0.4166666666666667 0.7799564270152506 0.41605392156862747 0.7766884531590414 0.41390931372549017 0.7761437908496732 0.41390931372549017 0.7734204793028322 0.4476102941176471 0.7608932461873639 0.44638480392156865 0.7652505446623094 0.42953431372549017 0.7717864923747276 0.4166666666666667 0.7799564270152506 
0 0.5772058823529411 0.7619825708061002 0.5762867647058824 0.7619825708061002 0.5772058823529411 0.7619825708061002 
0 0.08854166666666667 0.7794117647058824 0.019301470588235295 0.7761437908496732 0.02297794117647059 0.7717864923747276 0.08946078431372549 0.7712418300653595 0.08854166666666667 0.7794117647058824 
0 0.27512254901960786 0.7875816993464052 0.21323529411764705 0.7870370370370371 0.21446078431372548 0.7837690631808278 0.24417892156862744 0.7826797385620915 0.26256127450980393 0.7799564270152506 0.2806372549019608 0.7810457516339869 0.32659313725490197 0.7739651416122004 0.33547794117647056 0.7745098039215687 0.33609068627450983 0.7761437908496732 0.33547794117647056 0.7772331154684096 0.3017769607843137 0.7821350762527233 0.2959558823529412 0.7859477124183006 0.27512254901960786 0.7875816993464052 
0 0.17524509803921567 0.7832244008714597 0.13756127450980393 0.7821350762527233 0.1412377450980392 0.7761437908496732 0.17677696078431374 0.7810457516339869 0.17585784313725492 0.7805010893246187 0.17524509803921567 0.7832244008714597 
0 0.3851102941176471 0.7864923747276689 0.3792892156862745 0.7859477124183006 0.3802083333333333 0.7832244008714597 0.40012254901960786 0.7815904139433552 0.4071691176470588 0.7788671023965141 0.4071691176470588 0.7837690631808278 0.3851102941176471 0.7864923747276689 
0 0.6838235294117647 0.8763616557734205 0.6384803921568627 0.8284313725490197 0.6381740196078431 0.8159041394335512 0.640625 0.8115468409586056 0.6862745098039216 0.8513071895424836 0.6859681372549019 0.8534858387799564 0.6927083333333334 0.866557734204793 0.6868872549019608 0.8671023965141612 0.6865808823529411 0.8758169934640523 0.6838235294117647 0.8763616557734205 
0 0.8639705882352942 0.9994553376906318 0.8094362745098039 0.9994553376906318 0.7205882352941176 0.9101307189542484 0.7215073529411765 0.8910675381263616 0.7356004901960784 0.8905228758169934 0.7432598039215687 0.8954248366013072 0.7757352941176471 0.9221132897603486 0.7735906862745098 0.9259259259259259 0.7754289215686274 0.9330065359477124 0.7806372549019608 0.9373638344226579 0.7974877450980392 0.9422657952069716 0.7987132352941176 0.9493464052287581 0.8075980392156863 0.9613289760348583 0.8265931372549019 0.9662309368191722 0.8639705882352942 0.9994553376906318 
1 0.5894607843137255 0.7156862745098039 0.5863970588235294 0.7058823529411765 0.5784313725490197 0.7026143790849673 0.5775122549019608 0.6993464052287581 0.5750612745098039 0.6993464052287581 0.5729166666666666 0.6971677559912854 0.5726102941176471 0.6998910675381264 0.5707720588235294 0.7026143790849673 0.5664828431372549 0.7031590413943355 0.5655637254901961 0.6971677559912854 0.5625 0.6928104575163399 0.5640318627450981 0.6900871459694989 0.5631127450980392 0.6862745098039216 0.5833333333333334 0.6840958605664488 0.586703431372549 0.690631808278867 0.5891544117647058 0.7064270152505446 0.5894607843137255 0.7156862745098039 
1 0.5287990196078431 0.6944444444444444 0.5260416666666666 0.6879084967320261 0.5392156862745098 0.6879084967320261 0.5373774509803921 0.690631808278867 0.5309436274509803 0.690631808278867 0.5287990196078431 0.6944444444444444 
1 0.4803921568627451 0.7265795206971678 0.47487745098039214 0.7265795206971678 0.47150735294117646 0.7211328976034859 0.4696691176470588 0.7211328976034859 0.4690563725490196 0.7047930283224401 0.47028186274509803 0.6949891067538126 0.46875 0.6922657952069716 0.4690563725490196 0.6889978213507625 0.5067401960784313 0.6900871459694989 0.5217524509803921 0.6889978213507625 0.5196078431372549 0.6949891067538126 0.5183823529411765 0.6949891067538126 0.515625 0.7009803921568627 0.5168504901960784 0.7058823529411765 0.5122549019607843 0.704248366013072 0.5094975490196079 0.7064270152505446 0.5088848039215687 0.7047930283224401 0.5064338235294118 0.704248366013072 0.5058210784313726 0.7086056644880174 0.5021446078431373 0.7113289760348583 0.5021446078431373 0.7184095860566448 0.5009191176470589 0.7184095860566448 0.5009191176470589 0.7260348583877996 0.4803921568627451 0.7265795206971678 
1 0.46292892156862747 0.6938997821350763 0.46231617647058826 0.6900871459694989 0.4641544117647059 0.6895424836601307 0.4641544117647059 0.6917211328976035 0.46292892156862747 0.6938997821350763 
1 0.45067401960784315 0.7194989106753813 0.45006127450980393 0.7145969498910676 0.4488357843137255 0.7118736383442266 0.44577205882352944 0.7129629629629629 0.44577205882352944 0.690631808278867 0.45036764705882354 0.690631808278867 0.45067401960784315 0.7194989106753813 
1 0.4411764705882353 0.7265795206971678 0.44025735294117646 0.7260348583877996 0.43995098039215685 0.6911764705882353 0.44393382352941174 0.690631808278867 0.44454656862745096 0.721677559912854 0.4411764705882353 0.7265795206971678 
1 0.45618872549019607 0.7194989106753813 0.45526960784313725 0.7194989106753813 0.45496323529411764 0.7135076252723311 0.45496323529411764 0.6911764705882353 0.45618872549019607 0.6938997821350763 0.45618872549019607 0.7194989106753813 
1 0.4650735294117647 0.7200435729847494 0.4632352941176471 0.7200435729847494 0.46292892156862747 0.7004357298474946 0.4647671568627451 0.7053376906318083 0.4650735294117647 0.7200435729847494 
5 0.6381740196078431 0.8278867102396514 0.6216299019607843 0.8126361655773421 0.5962009803921569 0.7854030501089324 0.5903799019607843 0.7772331154684096 0.5750612745098039 0.7625272331154684 0.5762867647058824 0.761437908496732 0.5827205882352942 0.7657952069716776 0.5971200980392157 0.7777777777777778 0.6075367647058824 0.789760348583878 0.6378676470588235 0.818082788671024 0.6381740196078431 0.8278867102396514 
5 0.0 0.7761437908496732 0.0 0.7717864923747276 0.02267156862745098 0.7723311546840959 0.02022058823529412 0.7750544662309368 0.0 0.7761437908496732 
5 0.36580882352941174 0.7875816993464052 0.34129901960784315 0.7772331154684096 0.33609068627450983 0.7766884531590414 0.33578431372549017 0.775599128540305 0.3382352941176471 0.7745098039215687 0.3446691176470588 0.7766884531590414 0.3639705882352941 0.7848583877995643 0.3799019607843137 0.7843137254901961 0.3792892156862745 0.7859477124183006 0.36580882352941174 0.7875816993464052 
5 0.4111519607843137 0.7837690631808278 0.4074754901960784 0.7837690631808278 0.4071691176470588 0.7805010893246187 0.41390931372549017 0.775599128540305 0.41605392156862747 0.7772331154684096 0.41605392156862747 0.7799564270152506 0.4111519607843137 0.7837690631808278 
5 0.21354166666666666 0.7859477124183006 0.17555147058823528 0.7848583877995643 0.17524509803921567 0.7832244008714597 0.17585784313725492 0.7805010893246187 0.21660539215686275 0.7837690631808278 0.21446078431372548 0.7837690631808278 0.21354166666666666 0.7859477124183006 
5 0.7239583333333334 0.9139433551198257 0.6847426470588235 0.8763616557734205 0.6865808823529411 0.8758169934640523 0.6865808823529411 0.8676470588235294 0.6933210784313726 0.8654684095860566 0.7215073529411765 0.8916122004357299 0.7202818627450981 0.9101307189542484 0.7239583333333334 0.9139433551198257 
5 0.7261029411764706 0.9161220043572985 0.7251838235294118 0.9155773420479303 0.7261029411764706 0.9161220043572985 
2 0.9996936274509803 0.8932461873638344 0.9463848039215687 0.8676470588235294 0.9414828431372549 0.7456427015250545 0.9442401960784313 0.7303921568627451 0.9405637254901961 0.7211328976034859 0.9396446078431373 0.6955337690631809 0.9534313725490197 0.6971677559912854 0.9702818627450981 0.6862745098039216 0.9761029411764706 0.6650326797385621 0.9742647058823529 0.6595860566448801 0.9659926470588235 0.6672113289760349 0.9650735294117647 0.6606753812636166 0.9754901960784313 0.6410675381263616 0.9761029411764706 0.6269063180827886 0.9724264705882353 0.6252723311546841 0.9656862745098039 0.6416122004357299 0.9635416666666666 0.6416122004357299 0.9589460784313726 0.6198257080610022 0.9525122549019608 0.6241830065359477 0.9448529411764706 0.633442265795207 0.9420955882352942 0.6220043572984749 0.9402573529411765 0.6181917211328976 0.9378063725490197 0.6143790849673203 0.9347426470588235 0.6176470588235294 0.9344362745098039 0.6067538126361656 0.9528186274509803 0.585511982570806 0.9558823529411765 0.5762527233115469 0.9534313725490197 0.5691721132897604 0.9417892156862745 0.5778867102396514 0.9402573529411765 0.5778867102396514 0.9378063725490197 0.5686274509803921 0.9433210784313726 0.5528322440087146 0.9433210784313726 0.5326797385620915 0.9378063725490197 0.5332244008714597 0.9350490196078431 0.5441176470588235 0.9310661764705882 0.5468409586056645 0.9261642156862745 0.46568627450980393 0.9258578431372549 0.46296296296296297 0.9243259803921569 0.46187363834422657 0.9243259803921569 0.45751633986928103 0.9209558823529411 0.4564270152505447 0.9212622549019608 0.44880174291938996 0.9996936274509803 0.41830065359477125 0.9996936274509803 0.8932461873638344 
2 0.8192401960784313 0.8208061002178649 0.7689950980392157 0.8022875816993464 0.7441789215686274 0.7859477124183006 0.7432598039215687 0.7962962962962963 0.7098651960784313 0.7690631808278867 0.7080269607843137 0.710239651416122 0.7162990196078431 0.6862745098039216 0.734375 0.6949891067538126 0.7447916666666666 0.704248366013072 0.7610294117647058 0.7020697167755992 0.7763480392156863 0.6966230936819172 0.7824754901960784 0.7145969498910676 0.7892156862745098 0.7047930283224401 0.789828431372549 0.7227668845315904 0.7974877450980392 0.7211328976034859 0.7999387254901961 0.7069716775599129 0.8088235294117647 0.7118736383442266 0.8180147058823529 0.7047930283224401 0.8201593137254902 0.7472766884531591 0.8192401960784313 0.8208061002178649 
2 0.8342524509803921 0.7140522875816994 0.8308823529411765 0.7140522875816994 0.8302696078431373 0.7096949891067538 0.8342524509803921 0.7140522875816994 
2 0.8544730392156863 0.8327886710239651 0.8360906862745098 0.8273420479302832 0.8321078431372549 0.7407407407407407 0.8455882352941176 0.7440087145969498 0.8483455882352942 0.7603485838779956 0.8529411764705882 0.7777777777777778 0.8544730392156863 0.8327886710239651 
2 0.8670343137254902 0.8371459694989106 0.8655024509803921 0.803921568627451 0.875 0.8077342047930284 0.8743872549019608 0.8218954248366013 0.8765318627450981 0.8333333333333334 0.8670343137254902 0.8371459694989106 
