0 0.6973039215686274 0.735702614379085 0.6966911764705882 0.7344771241830066 0.7012867647058824 0.7336601307189542 0.7012867647058824 0.7348856209150327 0.6973039215686274 0.735702614379085 
0 0.6819852941176471 0.738562091503268 0.6761642156862745 0.7381535947712419 0.6890318627450981 0.735702614379085 0.6914828431372549 0.7365196078431373 0.6914828431372549 0.7377450980392157 0.6902573529411765 0.7381535947712419 0.6819852941176471 0.738562091503268 
0 0.9996936274509803 0.7393790849673203 0.9966299019607843 0.7393790849673203 0.9960171568627451 0.7381535947712419 0.9996936274509803 0.7373366013071896 0.9996936274509803 0.7393790849673203 
0 0.6746323529411765 0.738562091503268 0.6737132352941176 0.738562091503268 0.6746323529411765 0.738562091503268 
0 0.9537377450980392 0.7422385620915033 0.9476102941176471 0.7422385620915033 0.9488357843137255 0.7401960784313726 0.9852941176470589 0.738562091503268 0.9852941176470589 0.7401960784313726 0.9537377450980392 0.7422385620915033 
0 0.6418504901960784 0.7463235294117647 0.6369485294117647 0.7459150326797386 0.6375612745098039 0.7446895424836601 0.6737132352941176 0.7389705882352942 0.6418504901960784 0.7463235294117647 
0 0.9068627450980392 0.7450980392156863 0.9019607843137255 0.7450980392156863 0.9013480392156863 0.7430555555555556 0.9350490196078431 0.741421568627451 0.9332107843137255 0.7434640522875817 0.9068627450980392 0.7450980392156863 
0 0.7683823529411765 0.752859477124183 0.7625612745098039 0.752859477124183 0.7619485294117647 0.75 0.8443627450980392 0.7450980392156863 0.8480392156862745 0.7463235294117647 0.8486519607843137 0.7479575163398693 0.8465073529411765 0.7487745098039216 0.7683823529411765 0.752859477124183 
0 0.6197916666666666 0.75 0.5962009803921569 0.7491830065359477 0.5958946078431373 0.7479575163398693 0.6182598039215687 0.7475490196078431 0.6268382352941176 0.7459150326797386 0.6274509803921569 0.7483660130718954 0.6197916666666666 0.75 
0 0.5202205882352942 0.7508169934640523 0.5202205882352942 0.7491830065359477 0.5361519607843137 0.7467320261437909 0.5352328431372549 0.7479575163398693 0.5202205882352942 0.7508169934640523 
0 0.7389705882352942 0.7544934640522876 0.7349877450980392 0.7544934640522876 0.734375 0.7516339869281046 0.7518382352941176 0.7508169934640523 0.7518382352941176 0.7536764705882353 0.7389705882352942 0.7544934640522876 
0 0.6507352941176471 0.7602124183006536 0.6421568627450981 0.7602124183006536 0.6455269607843137 0.7569444444444444 0.7135416666666666 0.7532679738562091 0.7135416666666666 0.7561274509803921 0.7110906862745098 0.7565359477124183 0.6507352941176471 0.7602124183006536 
0 0.0 0.8194444444444444 0.0 0.8092320261437909 0.3428308823529412 0.7700163398692811 0.4065563725490196 0.7647058823529411 0.4742647058823529 0.7569444444444444 0.47579656862745096 0.7573529411764706 0.47640931372549017 0.7606209150326797 0.46170343137254904 0.7606209150326797 0.2340686274509804 0.7875816993464052 0.0 0.8194444444444444 
0 0.9996936274509803 0.9995915032679739 0.9387254901960784 0.9995915032679739 0.7567401960784313 0.877859477124183 0.6991421568627451 0.8194444444444444 0.6871936274509803 0.798202614379085 0.6920955882352942 0.7781862745098039 0.7141544117647058 0.7663398692810458 0.7144607843137255 0.7720588235294118 0.7132352941176471 0.7720588235294118 0.7113970588235294 0.7691993464052288 0.7092524509803921 0.7732843137254902 0.7153799019607843 0.7741013071895425 0.7022058823529411 0.7781862745098039 0.6948529411764706 0.7892156862745098 0.7172181372549019 0.818218954248366 0.7564338235294118 0.8468137254901961 0.8618259803921569 0.9117647058823529 0.9990808823529411 0.9906045751633987 0.9996936274509803 0.991421568627451 0.9996936274509803 0.9995915032679739 
0 0.0 0.8051470588235294 0.00030637254901960784 0.8014705882352942 0.057904411764705885 0.7986111111111112 0.06525735294117647 0.7949346405228758 0.07138480392156862 0.7937091503267973 0.25 0.7761437908496732 0.25214460784313725 0.7769607843137255 0.3247549019607843 0.7679738562091504 0.32506127450980393 0.7696078431372549 0.32506127450980393 0.7704248366013072 0.24417892156862744 0.7806372549019608 0.0 0.8051470588235294 
1 0.08425245098039216 0.7847222222222222 0.07138480392156862 0.7847222222222222 0.07291666666666667 0.7630718954248366 0.08425245098039216 0.7626633986928104 0.08425245098039216 0.7847222222222222 
1 0.045649509803921566 0.7855392156862745 0.03125 0.7855392156862745 0.03308823529411765 0.7647058823529411 0.06587009803921569 0.7638888888888888 0.06372549019607843 0.7851307189542484 0.045649509803921566 0.7855392156862745 
2 0.45496323529411764 0.7553104575163399 0.45557598039215685 0.741421568627451 0.47610294117647056 0.7401960784313726 0.47549019607843135 0.7446895424836601 0.47089460784313725 0.7467320261437909 0.47028186274509803 0.7532679738562091 0.46721813725490197 0.7536764705882353 0.46262254901960786 0.7479575163398693 0.4583333333333333 0.7495915032679739 0.4564950980392157 0.7516339869281046 0.45618872549019607 0.7549019607843137 0.45496323529411764 0.7553104575163399 
