0 0.4535590277777778 0.45804398148148145 0.4483506944444444 0.45804398148148145 0.4481336805555556 0.45630787037037035 0.4787326388888889 0.45457175925925924 0.4789496527777778 0.4565972222222222 0.4535590277777778 0.45804398148148145 
0 0.3155381944444444 0.4661458333333333 0.3116319444444444 0.4661458333333333 0.3246527777777778 0.46122685185185186 0.4420572916666667 0.45688657407407407 0.4420572916666667 0.4586226851851852 0.3155381944444444 0.4661458333333333 
0 0.2230902777777778 0.47453703703703703 0.22200520833333334 0.47453703703703703 0.22178819444444445 0.47280092592592593 0.2202690972222222 0.47280092592592593 0.2456597222222222 0.4693287037037037 0.2580295138888889 0.4713541666666667 0.2230902777777778 0.47453703703703703 
0 0.1371527777777778 0.4817708333333333 0.13389756944444445 0.4817708333333333 0.13389756944444445 0.4771412037037037 0.2065972222222222 0.47366898148148145 0.2065972222222222 0.4759837962962963 0.1371527777777778 0.4817708333333333 
0 0.0 0.4916087962962963 0.0 0.484375 0.125 0.4774305555555556 0.12608506944444445 0.4777199074074074 0.12630208333333334 0.47974537037037035 0.12630208333333334 0.4817708333333333 0.12369791666666667 0.4820601851851852 0.0 0.4916087962962963 
0 0.4908854166666667 0.5159143518518519 0.4375 0.5049189814814815 0.4212239583333333 0.4982638888888889 0.4205729166666667 0.49016203703703703 0.4273003472222222 0.48408564814814814 0.4401041666666667 0.4832175925925926 0.4470486111111111 0.4817708333333333 0.4481336805555556 0.48292824074074076 0.4331597222222222 0.48582175925925924 0.431640625 0.4910300925925926 0.4440104166666667 0.49594907407407407 0.4835069444444444 0.5037615740740741 0.4995659722222222 0.5138888888888888 0.4952256944444444 0.5130208333333334 0.4876302083333333 0.5150462962962963 0.4908854166666667 0.5159143518518519 
0 0.017578125 0.5263310185185185 0.0 0.5251736111111112 0.0 0.5133101851851852 0.04861111111111111 0.5098379629629629 0.1265190972222222 0.4927662037037037 0.16471354166666666 0.4869791666666667 0.16276041666666666 0.4916087962962963 0.1638454861111111 0.4945023148148148 0.0954861111111111 0.5095486111111112 0.0700954861111111 0.5167824074074074 0.017578125 0.5263310185185185 
0 0.16883680555555555 0.4904513888888889 0.16861979166666666 0.4898726851851852 0.16883680555555555 0.4904513888888889 
0 0.4921875 0.5162037037037037 0.4911024305555556 0.5162037037037037 0.4921875 0.5162037037037037 
0 0.7762586805555556 0.5434027777777778 0.7033420138888888 0.5434027777777778 0.7072482638888888 0.5396412037037037 0.7523871527777778 0.53125 0.9997829861111112 0.5300925925925926 0.9997829861111112 0.5416666666666666 0.7762586805555556 0.5434027777777778 
1 0.10243055555555555 0.4644097222222222 0.10112847222222222 0.46412037037037035 0.09657118055555555 0.45949074074074076 0.09136284722222222 0.4644097222222222 0.0842013888888889 0.4644097222222222 0.083984375 0.46122685185185186 0.08072916666666667 0.46064814814814814 0.0798611111111111 0.43952546296296297 0.08897569444444445 0.44936342592592593 0.09895833333333333 0.4427083333333333 0.10633680555555555 0.4476273148148148 0.115234375 0.4409722222222222 0.119140625 0.4461805555555556 0.12413194444444445 0.4427083333333333 0.1254340277777778 0.44328703703703703 0.12586805555555555 0.4597800925925926 0.123046875 0.46122685185185186 0.11653645833333333 0.46122685185185186 0.10243055555555555 0.4644097222222222 
5 0.2608506944444444 0.4730902777777778 0.2580295138888889 0.4713541666666667 0.3120659722222222 0.46498842592592593 0.3140190972222222 0.4652777777777778 0.3118489583333333 0.4661458333333333 0.3177083333333333 0.46585648148148145 0.3181423611111111 0.46730324074074076 0.2977430555555556 0.4699074074074074 0.2608506944444444 0.4730902777777778 
5 0.7046440972222222 0.5422453703703703 0.6410590277777778 0.5381944444444444 0.5240885416666666 0.5228587962962963 0.5184461805555556 0.5228587962962963 0.4876302083333333 0.5150462962962963 0.4952256944444444 0.5130208333333334 0.5494791666666666 0.5231481481481481 0.7109375 0.5364583333333334 0.7133246527777778 0.5384837962962963 0.7072482638888888 0.5396412037037037 0.7046440972222222 0.5422453703703703 
