0 0.0 0.7474637681159421 0.0 0.7351449275362318 0.03777173913043478 0.7402173913043478 0.07010869565217391 0.7402173913043478 0.07635869565217392 0.743840579710145 0.0 0.7474637681159421 
1 0.6070652173913044 0.6778985507246377 0.6029891304347826 0.6778985507246377 0.5945652173913043 0.6753623188405797 0.595108695652174 0.6739130434782609 0.5978260869565217 0.6731884057971015 0.5942934782608695 0.6710144927536232 0.5953804347826087 0.6681159420289855 0.5940217391304348 0.6659420289855073 0.5934782608695652 0.6536231884057971 0.5942934782608695 0.6481884057971015 0.5964673913043478 0.643840579710145 0.6095108695652174 0.6409420289855072 0.6141304347826086 0.6565217391304348 0.6135869565217391 0.6594202898550725 0.6114130434782609 0.6597826086956522 0.6100543478260869 0.6666666666666666 0.60625 0.6731884057971015 0.6070652173913044 0.6778985507246377 
2 0.9116847826086957 0.7105072463768116 0.9103260869565217 0.7105072463768116 0.9081521739130435 0.6967391304347826 0.9105978260869565 0.6916666666666667 0.9119565217391304 0.683695652173913 0.9154891304347826 0.6847826086956522 0.9157608695652174 0.6898550724637681 0.9220108695652174 0.6833333333333333 0.9182065217391304 0.6673913043478261 0.91875 0.6663043478260869 0.9997282608695652 0.6550724637681159 0.9997282608695652 0.7047101449275363 0.9793478260869565 0.7061594202898551 0.9570652173913043 0.7061594202898551 0.9456521739130435 0.7097826086956521 0.9116847826086957 0.7105072463768116 
2 0.8807065217391304 0.7130434782608696 0.8701086956521739 0.7130434782608696 0.8741847826086957 0.6985507246376812 0.8755434782608695 0.6891304347826087 0.8728260869565218 0.6731884057971015 0.8815217391304347 0.6721014492753623 0.8815217391304347 0.675 0.8880434782608696 0.683695652173913 0.8915760869565217 0.6931159420289855 0.89375 0.711231884057971 0.8807065217391304 0.7130434782608696 
2 0.5701086956521739 0.6884057971014492 0.5641304347826087 0.6869565217391305 0.5635869565217392 0.6753623188405797 0.5684782608695652 0.675 0.5790760869565217 0.6768115942028986 0.5790760869565217 0.6847826086956522 0.5701086956521739 0.6884057971014492 
2 0.8182065217391304 0.7130434782608696 0.8095108695652173 0.7130434782608696 0.8027173913043478 0.7097826086956521 0.7894021739130435 0.711231884057971 0.779891304347826 0.7061594202898551 0.7663043478260869 0.7047101449275363 0.7638586956521739 0.7057971014492753 0.7635869565217391 0.7018115942028985 0.7649456521739131 0.6996376811594203 0.7635869565217391 0.6949275362318841 0.7663043478260869 0.6898550724637681 0.7668478260869566 0.6797101449275362 0.8407608695652173 0.675 0.8385869565217391 0.6826086956521739 0.8361413043478261 0.7 0.8377717391304348 0.7032608695652174 0.8415760869565218 0.7018115942028985 0.845108695652174 0.6920289855072463 0.847554347826087 0.6898550724637681 0.8489130434782609 0.696376811594203 0.8486413043478261 0.7126811594202899 0.8252717391304348 0.7097826086956521 0.8182065217391304 0.7130434782608696 
2 0.5548913043478261 0.6847826086956522 0.5535326086956521 0.6847826086956522 0.553804347826087 0.6753623188405797 0.5548913043478261 0.6764492753623188 0.5548913043478261 0.6847826086956522 
2 0.5614130434782608 0.686231884057971 0.5573369565217391 0.6855072463768116 0.5573369565217391 0.6757246376811594 0.5608695652173913 0.6760869565217391 0.5614130434782608 0.686231884057971 
2 0.5475543478260869 0.6865942028985508 0.535054347826087 0.6833333333333333 0.5347826086956522 0.6764492753623188 0.539945652173913 0.6782608695652174 0.5453804347826087 0.6782608695652174 0.5472826086956522 0.6793478260869565 0.5475543478260869 0.6865942028985508 
2 0.6114130434782609 0.6934782608695652 0.6008152173913044 0.6927536231884058 0.5915760869565218 0.6894927536231884 0.5891304347826087 0.6916666666666667 0.5877717391304348 0.6880434782608695 0.5815217391304348 0.6894927536231884 0.5801630434782609 0.6884057971014492 0.5801630434782609 0.6800724637681159 0.5877717391304348 0.6815217391304348 0.5880434782608696 0.6782608695652174 0.5929347826086957 0.6782608695652174 0.5929347826086957 0.6811594202898551 0.59375 0.6811594202898551 0.5940217391304348 0.6782608695652174 0.597554347826087 0.6782608695652174 0.5964673913043478 0.6815217391304348 0.6078804347826087 0.6818840579710145 0.6114130434782609 0.6898550724637681 0.6114130434782609 0.6934782608695652 
2 0.6839673913043478 0.6945652173913044 0.6807065217391305 0.6945652173913044 0.6804347826086956 0.6797101449275362 0.6817934782608696 0.6800724637681159 0.6828804347826087 0.6931159420289855 0.6869565217391305 0.6934782608695652 0.6839673913043478 0.6945652173913044 
2 0.664945652173913 0.6996376811594203 0.6532608695652173 0.6996376811594203 0.6519021739130435 0.6978260869565217 0.6456521739130435 0.696376811594203 0.6290760869565217 0.696376811594203 0.6266304347826087 0.6945652173913044 0.6192934782608696 0.6945652173913044 0.6217391304347826 0.6884057971014492 0.6203804347826087 0.6840579710144927 0.6209239130434783 0.6826086956521739 0.6442934782608696 0.6833333333333333 0.6445652173913043 0.6855072463768116 0.6453804347826086 0.6833333333333333 0.6684782608695652 0.6811594202898551 0.6692934782608696 0.6985507246376812 0.664945652173913 0.6996376811594203 
2 0.6880434782608695 0.6931159420289855 0.6869565217391305 0.6931159420289855 0.6872282608695652 0.6855072463768116 0.6880434782608695 0.6931159420289855 
