0 0.4209558823529412 0.5812908496732027 0.42034313725490197 0.5776143790849673 0.4227941176470588 0.5759803921568627 0.4335171568627451 0.5706699346405228 0.43474264705882354 0.571078431372549 0.43504901960784315 0.5698529411764706 0.4522058823529412 0.5612745098039216 0.4540441176470588 0.5641339869281046 0.4375 0.573937908496732 0.4209558823529412 0.5812908496732027 
0 0.4733455882352941 0.5780228758169934 0.4635416666666667 0.576797385620915 0.46109068627450983 0.5755718954248366 0.46078431372549017 0.5731209150326797 0.4632352941176471 0.5694444444444444 0.4653799019607843 0.573937908496732 0.4733455882352941 0.5751633986928104 0.4733455882352941 0.5780228758169934 
0 0.49142156862745096 0.5776143790849673 0.48682598039215685 0.5776143790849673 0.48651960784313725 0.5751633986928104 0.49142156862745096 0.5747549019607843 0.49142156862745096 0.5776143790849673 
0 0.4846813725490196 0.5784313725490197 0.47549019607843135 0.5780228758169934 0.47487745098039214 0.5755718954248366 0.484375 0.5747549019607843 0.4846813725490196 0.5784313725490197 
0 0.42463235294117646 0.6172385620915033 0.4169730392156863 0.6168300653594772 0.4178921568627451 0.6143790849673203 0.4341299019607843 0.6139705882352942 0.4856004901960784 0.5931372549019608 0.48590686274509803 0.5943627450980392 0.4880514705882353 0.5951797385620915 0.4332107843137255 0.6168300653594772 0.42463235294117646 0.6172385620915033 
0 0.5628063725490197 0.6343954248366013 0.5569852941176471 0.6319444444444444 0.5575980392156863 0.6217320261437909 0.5637254901960784 0.6241830065359477 0.5628063725490197 0.6343954248366013 
0 0.2711397058823529 0.6515522875816994 0.2693014705882353 0.6507352941176471 0.2699142156862745 0.6478758169934641 0.3125 0.6356209150326797 0.31893382352941174 0.6360294117647058 0.2711397058823529 0.6515522875816994 
0 0.6461397058823529 0.6662581699346405 0.633578431372549 0.6613562091503268 0.6302083333333334 0.6458333333333334 0.6430759803921569 0.6495098039215687 0.6461397058823529 0.6662581699346405 
0 0.6133578431372549 0.6535947712418301 0.6096813725490197 0.6523692810457516 0.6118259803921569 0.6458333333333334 0.6133578431372549 0.6535947712418301 
0 0.6302083333333334 0.6601307189542484 0.6259191176470589 0.6584967320261438 0.6280637254901961 0.6491013071895425 0.6302083333333334 0.6601307189542484 
0 0.24571078431372548 0.6593137254901961 0.24571078431372548 0.6548202614379085 0.26348039215686275 0.6503267973856209 0.26378676470588236 0.6535947712418301 0.26317401960784315 0.6540032679738562 0.24571078431372548 0.6593137254901961 
0 0.6547181372549019 0.6695261437908496 0.6504289215686274 0.6674836601307189 0.647671568627451 0.6511437908496732 0.6537990196078431 0.6535947712418301 0.6547181372549019 0.6695261437908496 
0 0.9996936274509803 0.8002450980392157 0.6617647058823529 0.6723856209150327 0.6608455882352942 0.6715686274509803 0.6599264705882353 0.6556372549019608 0.9996936274509803 0.7659313725490197 0.9996936274509803 0.8002450980392157 
0 0.23345588235294118 0.6633986928104575 0.23314950980392157 0.6584967320261438 0.23866421568627452 0.6572712418300654 0.23897058823529413 0.6613562091503268 0.23345588235294118 0.6633986928104575 
0 0.20863970588235295 0.6715686274509803 0.2104779411764706 0.6654411764705882 0.21568627450980393 0.6674836601307189 0.21476715686274508 0.6695261437908496 0.20863970588235295 0.6715686274509803 
0 0.1801470588235294 0.6809640522875817 0.17892156862745098 0.6809640522875817 0.18167892156862744 0.673202614379085 0.18443627450980393 0.6727941176470589 0.18504901960784315 0.6781045751633987 0.18841911764705882 0.6772875816993464 0.18995098039215685 0.6768790849673203 0.18964460784313725 0.6711601307189542 0.19791666666666666 0.6691176470588235 0.19730392156862744 0.6752450980392157 0.1801470588235294 0.6809640522875817 
0 0.14920343137254902 0.6911764705882353 0.1479779411764706 0.6907679738562091 0.14981617647058823 0.6825980392156863 0.15471813725490197 0.6813725490196079 0.15962009803921567 0.6830065359477124 0.15992647058823528 0.6875 0.14920343137254902 0.6911764705882353 
1 0.49264705882352944 0.573937908496732 0.48621323529411764 0.5718954248366013 0.4846813725490196 0.5392156862745098 0.4877450980392157 0.5551470588235294 0.4957107843137255 0.5486111111111112 0.4993872549019608 0.5473856209150327 0.5006127450980392 0.5367647058823529 0.5021446078431373 0.5363562091503268 0.5033700980392157 0.5551470588235294 0.5162377450980392 0.5526960784313726 0.5165441176470589 0.5616830065359477 0.5150122549019608 0.5629084967320261 0.5150122549019608 0.5665849673202614 0.5042892156862745 0.5665849673202614 0.4954044117647059 0.5690359477124183 0.49264705882352944 0.573937908496732 
1 0.26807598039215685 0.6033496732026143 0.26715686274509803 0.6013071895424836 0.265625 0.5473856209150327 0.28982843137254904 0.5416666666666666 0.2925857843137255 0.5498366013071896 0.29013480392156865 0.5669934640522876 0.28707107843137253 0.5743464052287581 0.2935049019607843 0.5772058823529411 0.3023897058823529 0.5633169934640523 0.3023897058823529 0.5437091503267973 0.3137254901960784 0.5404411764705882 0.32659313725490197 0.5408496732026143 0.33394607843137253 0.5645424836601307 0.33486519607843135 0.5608660130718954 0.33578431372549017 0.5898692810457516 0.32965686274509803 0.5906862745098039 0.32567401960784315 0.5927287581699346 0.3002450980392157 0.5923202614379085 0.2981004901960784 0.5931372549019608 0.29473039215686275 0.5984477124183006 0.26807598039215685 0.6033496732026143 
1 0.484375 0.571078431372549 0.47732843137254904 0.5690359477124183 0.47671568627450983 0.5625 0.47702205882352944 0.5559640522875817 0.4831495098039216 0.5563725490196079 0.4831495098039216 0.5408496732026143 0.484375 0.571078431372549 
1 0.5183823529411765 0.5526960784313726 0.5177696078431373 0.5498366013071896 0.5193014705882353 0.545751633986928 0.5217524509803921 0.545751633986928 0.5229779411764706 0.5428921568627451 0.5297181372549019 0.5449346405228758 0.5294117647058824 0.551062091503268 0.5183823529411765 0.5526960784313726 
1 0.21721813725490197 0.6127450980392157 0.21476715686274508 0.6123366013071896 0.21017156862745098 0.6078431372549019 0.2113970588235294 0.545751633986928 0.21568627450980393 0.5445261437908496 0.22518382352941177 0.5486111111111112 0.2270220588235294 0.5514705882352942 0.23253676470588236 0.5551470588235294 0.2420343137254902 0.5526960784313726 0.24540441176470587 0.6074346405228758 0.21721813725490197 0.6127450980392157 
1 0.5373774509803921 0.5514705882352942 0.5315563725490197 0.551062091503268 0.5309436274509803 0.5453431372549019 0.5370710784313726 0.5465686274509803 0.5373774509803921 0.5514705882352942 
1 0.546875 0.5551470588235294 0.5404411764705882 0.5526960784313726 0.5395220588235294 0.5473856209150327 0.5465686274509803 0.5486111111111112 0.546875 0.5551470588235294 
5 0.45465686274509803 0.5645424836601307 0.4525122549019608 0.5616830065359477 0.45526960784313725 0.5592320261437909 0.4543504901960784 0.5571895424836601 0.45159313725490197 0.5559640522875817 0.4580269607843137 0.5563725490196079 0.45955882352941174 0.5584150326797386 0.45986519607843135 0.5600490196078431 0.4586397058823529 0.5616830065359477 0.45465686274509803 0.5645424836601307 
2 0.12806372549019607 0.6094771241830066 0.11856617647058823 0.6041666666666666 0.1130514705882353 0.5951797385620915 0.10508578431372549 0.5882352941176471 0.09283088235294118 0.5886437908496732 0.08425245098039216 0.5833333333333334 0.013480392156862746 0.5857843137254902 0.015625 0.5629084967320261 0.014399509803921568 0.5543300653594772 0.008884803921568627 0.5465686274509803 0.0070465686274509805 0.5359477124183006 0.003676470588235294 0.5318627450980392 0.001838235294117647 0.5318627450980392 0.029105392156862746 0.4861111111111111 0.08425245098039216 0.49959150326797386 0.08517156862745098 0.49836601307189543 0.11029411764705882 0.5040849673202614 0.11611519607843138 0.5106209150326797 0.11948529411764706 0.511437908496732 0.11213235294117647 0.5134803921568627 0.11060049019607843 0.5175653594771242 0.11182598039215687 0.5179738562091504 0.1133578431372549 0.5224673202614379 0.11090686274509803 0.5253267973856209 0.11090686274509803 0.5290032679738562 0.10998774509803921 0.5294117647058824 0.11029411764705882 0.5351307189542484 0.109375 0.5371732026143791 0.11213235294117647 0.5416666666666666 0.12316176470588236 0.5412581699346405 0.12346813725490197 0.5428921568627451 0.12285539215686274 0.5445261437908496 0.11274509803921569 0.545751633986928 0.11029411764705882 0.553921568627451 0.11397058823529412 0.559640522875817 0.12438725490196079 0.5580065359477124 0.12806372549019607 0.6094771241830066 
2 0.4996936274509804 0.545751633986928 0.48621323529411764 0.545751633986928 0.4852941176470588 0.5420751633986928 0.4856004901960784 0.5404411764705882 0.49264705882352944 0.5404411764705882 0.4898897058823529 0.511437908496732 0.4954044117647059 0.5065359477124183 0.4987745098039216 0.5130718954248366 0.5003063725490197 0.5379901960784313 0.4996936274509804 0.545751633986928 
2 0.5208333333333334 0.5416666666666666 0.5183823529411765 0.5412581699346405 0.5177696078431373 0.5400326797385621 0.5143995098039216 0.5122549019607843 0.5131740196078431 0.5093954248366013 0.5214460784313726 0.5089869281045751 0.5223651960784313 0.5302287581699346 0.5235906862745098 0.5355392156862745 0.5275735294117647 0.5314542483660131 0.5275735294117647 0.5269607843137255 0.5284926470588235 0.5261437908496732 0.5281862745098039 0.5216503267973857 0.5352328431372549 0.5216503267973857 0.5355392156862745 0.5290032679738562 0.53125 0.5298202614379085 0.5321691176470589 0.5383986928104575 0.5208333333333334 0.5416666666666666 
2 0.13143382352941177 0.5098039215686274 0.13020833333333334 0.5098039215686274 0.13143382352941177 0.5098039215686274 
2 0.1323529411764706 0.5102124183006536 0.13143382352941177 0.5102124183006536 0.1323529411764706 0.5102124183006536 
2 0.18229166666666666 0.6421568627450981 0.17892156862745098 0.6401143790849673 0.17769607843137256 0.6372549019607843 0.18045343137254902 0.6200980392156863 0.1792279411764706 0.613562091503268 0.17677696078431374 0.6098856209150327 0.1636029411764706 0.6086601307189542 0.16053921568627452 0.6004901960784313 0.15226715686274508 0.5984477124183006 0.14736519607843138 0.6021241830065359 0.14307598039215685 0.608251633986928 0.13939950980392157 0.608251633986928 0.13541666666666666 0.6058006535947712 0.13112745098039216 0.556781045751634 0.14185049019607843 0.5551470588235294 0.14246323529411764 0.5506535947712419 0.1403186274509804 0.5424836601307189 0.13848039215686275 0.5416666666666666 0.13020833333333334 0.5433006535947712 0.12959558823529413 0.5420751633986928 0.13725490196078433 0.5412581699346405 0.13848039215686275 0.5388071895424836 0.140625 0.5388071895424836 0.14185049019607843 0.5343137254901961 0.1409313725490196 0.5269607843137255 0.13939950980392157 0.5253267973856209 0.13572303921568626 0.5257352941176471 0.13449754901960784 0.5208333333333334 0.1323529411764706 0.5196078431372549 0.13511029411764705 0.5147058823529411 0.13449754901960784 0.5106209150326797 0.15042892156862744 0.516748366013072 0.19638480392156862 0.5306372549019608 0.19761029411764705 0.5322712418300654 0.19944852941176472 0.5588235294117647 0.1957720588235294 0.5604575163398693 0.1954656862745098 0.5723039215686274 0.19944852941176472 0.5755718954248366 0.20098039215686275 0.5755718954248366 0.2034313725490196 0.6098856209150327 0.19914215686274508 0.6025326797385621 0.19852941176470587 0.5976307189542484 0.1957720588235294 0.5939542483660131 0.19148284313725492 0.5943627450980392 0.19056372549019607 0.5980392156862745 0.19178921568627452 0.6004901960784313 0.19730392156862744 0.6033496732026143 0.20036764705882354 0.6115196078431373 0.19761029411764705 0.6111111111111112 0.19607843137254902 0.613562091503268 0.2025122549019608 0.6180555555555556 0.18933823529411764 0.6205065359477124 0.18290441176470587 0.6233660130718954 0.18137254901960784 0.6299019607843137 0.18229166666666666 0.6421568627450981 
2 0.5477941176470589 0.5379901960784313 0.5471813725490197 0.5347222222222222 0.5548406862745098 0.5334967320261438 0.5588235294117647 0.5347222222222222 0.5658700980392157 0.5330882352941176 0.5465686274509803 0.5285947712418301 0.5453431372549019 0.5196078431372549 0.5499387254901961 0.5183823529411765 0.5508578431372549 0.5191993464052288 0.5533088235294118 0.5269607843137255 0.5579044117647058 0.5261437908496732 0.5729166666666666 0.5298202614379085 0.5756740196078431 0.5322712418300654 0.5768995098039216 0.5371732026143791 0.5514705882352942 0.5363562091503268 0.5477941176470589 0.5379901960784313 
2 0.5407475490196079 0.5285947712418301 0.5379901960784313 0.5285947712418301 0.5373774509803921 0.5208333333333334 0.5441176470588235 0.5196078431372549 0.5447303921568627 0.5281862745098039 0.5407475490196079 0.5285947712418301 
2 0.20863970588235295 0.613562091503268 0.20741421568627452 0.613562091503268 0.20710784313725492 0.6102941176470589 0.20465686274509803 0.5763888888888888 0.20526960784313725 0.5727124183006536 0.2034313725490196 0.5592320261437909 0.20189950980392157 0.5326797385620915 0.20557598039215685 0.5334967320261438 0.20986519607843138 0.5453431372549019 0.2113970588235294 0.545751633986928 0.21017156862745098 0.6078431372549019 0.21507352941176472 0.6127450980392157 0.20863970588235295 0.613562091503268 
2 0.5465686274509803 0.5486111111111112 0.539828431372549 0.5469771241830066 0.5389093137254902 0.5371732026143791 0.5401348039215687 0.5355392156862745 0.5453431372549019 0.5355392156862745 0.5456495098039216 0.5388071895424836 0.5438112745098039 0.5396241830065359 0.5459558823529411 0.5412581699346405 0.5465686274509803 0.5486111111111112 
2 0.42984068627450983 0.5465686274509803 0.421875 0.5465686274509803 0.42769607843137253 0.5400326797385621 0.4319852941176471 0.5404411764705882 0.4325980392156863 0.5416666666666666 0.43137254901960786 0.5449346405228758 0.4325980392156863 0.5461601307189542 0.42984068627450983 0.5465686274509803 
2 0.46568627450980393 0.5461601307189542 0.4341299019607843 0.5461601307189542 0.4335171568627451 0.5416666666666666 0.43443627450980393 0.5404411764705882 0.48284313725490197 0.5408496732026143 0.48284313725490197 0.545751633986928 0.46568627450980393 0.5461601307189542 
2 0.5027573529411765 0.5437091503267973 0.5027573529411765 0.5404411764705882 0.5027573529411765 0.5437091503267973 
2 0.12745098039215685 0.5437091503267973 0.12714460784313725 0.5412581699346405 0.12745098039215685 0.5437091503267973 
2 0.5784313725490197 0.5616830065359477 0.5762867647058824 0.5616830065359477 0.5753676470588235 0.5592320261437909 0.5729166666666666 0.5575980392156863 0.5713848039215687 0.5531045751633987 0.5683210784313726 0.5547385620915033 0.5674019607843137 0.5612745098039216 0.5661764705882353 0.5608660130718954 0.5643382352941176 0.5547385620915033 0.5628063725490197 0.5531045751633987 0.5609681372549019 0.5543300653594772 0.5609681372549019 0.5600490196078431 0.5496323529411765 0.556781045751634 0.5487132352941176 0.5563725490196079 0.5474877450980392 0.5424836601307189 0.5640318627450981 0.5514705882352942 0.5772058823529411 0.5502450980392157 0.5784313725490197 0.5616830065359477 
2 0.5759803921568627 0.5449346405228758 0.5759803921568627 0.5437091503267973 0.5759803921568627 0.5449346405228758 
2 0.5909926470588235 0.5563725490196079 0.5879289215686274 0.5563725490196079 0.5873161764705882 0.5449346405228758 0.5882352941176471 0.5437091503267973 0.5912990196078431 0.5449346405228758 0.5909926470588235 0.5563725490196079 
2 0.5762867647058824 0.5461601307189542 0.5762867647058824 0.5449346405228758 0.5762867647058824 0.5461601307189542 
2 0.5765931372549019 0.5477941176470589 0.5765931372549019 0.5465686274509803 0.5765931372549019 0.5477941176470589 
2 0.5768995098039216 0.5494281045751634 0.5768995098039216 0.548202614379085 0.5768995098039216 0.5494281045751634 
2 0.1329656862745098 0.6041666666666666 0.13143382352941177 0.6029411764705882 0.12837009803921567 0.556781045751634 0.1329656862745098 0.6041666666666666 
2 0.0070465686274509805 0.5833333333333334 0.004901960784313725 0.5821078431372549 0.005821078431372549 0.5796568627450981 0.0070465686274509805 0.5833333333333334 
2 0.45098039215686275 0.5943627450980392 0.4485294117647059 0.5902777777777778 0.44454656862745096 0.5898692810457516 0.44485294117647056 0.5861928104575164 0.44362745098039214 0.5857843137254902 0.44362745098039214 0.5841503267973857 0.47671568627450983 0.5825163398692811 0.47732843137254904 0.5910947712418301 0.45098039215686275 0.5943627450980392 
2 0.23743872549019607 0.6380718954248366 0.23590686274509803 0.6380718954248366 0.23560049019607843 0.6348039215686274 0.23223039215686275 0.6315359477124183 0.2349877450980392 0.6254084967320261 0.23039215686274508 0.6282679738562091 0.22977941176470587 0.6233660130718954 0.22426470588235295 0.622140522875817 0.22212009803921567 0.6233660130718954 0.22150735294117646 0.622140522875817 0.22181372549019607 0.6200980392156863 0.22365196078431374 0.619281045751634 0.22824754901960784 0.6200980392156863 0.23161764705882354 0.6188725490196079 0.23253676470588236 0.6176470588235294 0.23253676470588236 0.6151960784313726 0.23100490196078433 0.6119281045751634 0.22579656862745098 0.6147875816993464 0.21629901960784315 0.6131535947712419 0.24417892156862744 0.6074346405228758 0.24540441176470587 0.6074346405228758 0.24571078431372548 0.6086601307189542 0.26746323529411764 0.6053921568627451 0.26838235294117646 0.6029411764705882 0.29442401960784315 0.5988562091503268 0.29074754901960786 0.6045751633986928 0.28431372549019607 0.6074346405228758 0.28400735294117646 0.6094771241830066 0.2858455882352941 0.6111111111111112 0.28860294117647056 0.6115196078431373 0.28308823529411764 0.6213235294117647 0.2818627450980392 0.6303104575163399 0.26868872549019607 0.6323529411764706 0.2665441176470588 0.6168300653594772 0.2643995098039216 0.613562091503268 0.23958333333333334 0.6160130718954249 0.23774509803921567 0.6184640522875817 0.23651960784313725 0.6229575163398693 0.23743872549019607 0.6380718954248366 
2 0.13388480392156862 0.6131535947712419 0.1323529411764706 0.6123366013071896 0.1323529411764706 0.6094771241830066 0.13357843137254902 0.6098856209150327 0.13388480392156862 0.6131535947712419 
2 0.1412377450980392 0.6176470588235294 0.13694852941176472 0.6151960784313726 0.13602941176470587 0.6115196078431373 0.14185049019607843 0.6172385620915033 0.1412377450980392 0.6176470588235294 
2 0.24479166666666666 0.6368464052287581 0.24325980392156862 0.636437908496732 0.2423406862745098 0.6258169934640523 0.24295343137254902 0.6196895424836601 0.25735294117647056 0.6180555555555556 0.2613357843137255 0.6188725490196079 0.2622549019607843 0.633578431372549 0.24479166666666666 0.6368464052287581 
2 0.19148284313725492 0.6462418300653595 0.18903186274509803 0.6462418300653595 0.18627450980392157 0.6446078431372549 0.18504901960784315 0.627859477124183 0.1875 0.6254084967320261 0.19852941176470587 0.6229575163398693 0.19424019607843138 0.6343954248366013 0.19393382352941177 0.6454248366013072 0.19148284313725492 0.6462418300653595 
