0 0.5163152610441767 0.678045515394913 0.4884538152610442 0.677710843373494 0.48895582329317266 0.6763721552878179 0.5168172690763052 0.6767068273092369 0.5163152610441767 0.678045515394913 
0 0.4799196787148594 0.6917670682730924 0.4791666666666667 0.6870816599732262 0.48142570281124497 0.6867469879518072 0.48418674698795183 0.6837349397590361 0.4859437751004016 0.6844042838018741 0.48895582329317266 0.6890896921017403 0.4799196787148594 0.6917670682730924 
0 0.42168674698795183 0.7121820615796519 0.41917670682730923 0.7095046854082999 0.42319277108433734 0.7068273092369478 0.42319277108433734 0.7115127175368139 0.42168674698795183 0.7121820615796519 
0 0.7339357429718876 0.715528781793842 0.7336847389558233 0.714859437751004 0.7339357429718876 0.715528781793842 
0 0.7525100401606426 0.7242302543507363 0.7469879518072289 0.7218875502008032 0.7494979919678715 0.7208835341365462 0.7522590361445783 0.7215528781793842 0.7525100401606426 0.7242302543507363 
0 0.8308232931726908 0.7342704149933066 0.802710843373494 0.7339357429718876 0.7783634538152611 0.7305890227576974 0.7801204819277109 0.7285809906291834 0.8215361445783133 0.7302543507362784 0.8253012048192772 0.7305890227576974 0.8308232931726908 0.7342704149933066 
0 0.8762550200803213 0.7356091030789826 0.8747489959839357 0.7356091030789826 0.8747489959839357 0.7325970548862115 0.876004016064257 0.7332663989290495 0.8762550200803213 0.7356091030789826 
0 0.035140562248995984 0.8068942436412316 0.03438755020080321 0.8068942436412316 0.03463855421686747 0.8002008032128514 0.03639558232931727 0.7985274431057564 0.03765060240963856 0.7951807228915663 0.10717871485943775 0.7784471218206158 0.10893574297188754 0.7794511378848729 0.11044176706827309 0.7901606425702812 0.10968875502008033 0.7904953145917001 0.035140562248995984 0.8068942436412316 
1 0.6844879518072289 0.7091700133868809 0.6528614457831325 0.7058232931726908 0.6528614457831325 0.6840696117804551 0.6511044176706827 0.6834002677376171 0.6501004016064257 0.7054886211512718 0.6300200803212851 0.7034805890227577 0.6287650602409639 0.6927710843373494 0.6398092369477911 0.67904953145917 0.6295180722891566 0.6633199464524766 0.6187248995983936 0.6770414993306559 0.6255020080321285 0.6877510040160643 0.6252510040160643 0.7031459170013387 0.6207329317269076 0.7028112449799196 0.6204819277108434 0.6847389558232931 0.6179718875502008 0.6850736278447122 0.6182228915662651 0.7024765729585006 0.6174698795180723 0.7024765729585006 0.6179718875502008 0.6603078982597055 0.6378012048192772 0.6569611780455153 0.6410642570281124 0.6593038821954484 0.641566265060241 0.6633199464524766 0.6423192771084337 0.6636546184738956 0.6420682730923695 0.6723560910307899 0.6501004016064257 0.6726907630522089 0.6495983935742972 0.6636546184738956 0.7033132530120482 0.6670013386880856 0.7035642570281124 0.6696787148594378 0.7028112449799196 0.6706827309236948 0.7003012048192772 0.6676706827309237 0.6977911646586346 0.6680053547523427 0.6970381526104418 0.6696787148594378 0.6937751004016064 0.6696787148594378 0.6603915662650602 0.6670013386880856 0.6586345381526104 0.6954484605087015 0.6847389558232931 0.6984605087014726 0.6844879518072289 0.7091700133868809 
1 0.6069277108433735 0.7011378848728246 0.6039156626506024 0.7011378848728246 0.6046686746987951 0.6619812583668006 0.608433734939759 0.6623159303882196 0.6069277108433735 0.7011378848728246 
1 0.7118473895582329 0.6680053547523427 0.7105923694779116 0.6680053547523427 0.7118473895582329 0.6680053547523427 
1 0.7901606425702812 0.7192101740294511 0.7838855421686747 0.7192101740294511 0.7838855421686747 0.6820615796519411 0.7884036144578314 0.6827309236947792 0.7881526104417671 0.6837349397590361 0.785140562248996 0.6837349397590361 0.785140562248996 0.7081659973226239 0.7871485943775101 0.7081659973226239 0.7891566265060241 0.7118473895582329 0.7901606425702812 0.7192101740294511 
1 0.8217871485943775 0.6887550200803213 0.8109939759036144 0.6884203480589023 0.8104919678714859 0.6844042838018741 0.794929718875502 0.6840696117804551 0.7936746987951807 0.6827309236947792 0.8217871485943775 0.6823962516733602 0.8217871485943775 0.6887550200803213 
1 0.6967871485943775 0.6931057563587684 0.6965361445783133 0.6924364123159303 0.6967871485943775 0.6931057563587684 
1 0.822289156626506 0.7202141900937081 0.7946787148594378 0.7192101740294511 0.7941767068273092 0.7085006693440429 0.811495983935743 0.7085006693440429 0.811495983935743 0.7051539491298527 0.8220381526104418 0.7051539491298527 0.822289156626506 0.7202141900937081 
1 0.7100903614457831 0.713855421686747 0.7035642570281124 0.7125167336010709 0.7048192771084337 0.7095046854082999 0.7095883534136547 0.7098393574297188 0.7103413654618473 0.7105087014725568 0.7100903614457831 0.713855421686747 
5 0.4026104417670683 0.7178714859437751 0.4011044176706827 0.7175368139223561 0.40085341365461846 0.713186077643909 0.41039156626506024 0.7121820615796519 0.41842369477911645 0.7081659973226239 0.42168674698795183 0.713186077643909 0.42018072289156627 0.714524765729585 0.4106425702811245 0.7172021419009371 0.4026104417670683 0.7178714859437751 
5 0.7768574297188755 0.7322623828647925 0.7650602409638554 0.7299196787148594 0.7530120481927711 0.7259036144578314 0.7595381526104418 0.7255689424364123 0.7602911646586346 0.7252342704149933 0.7602911646586346 0.7238955823293173 0.7620481927710844 0.7232262382864793 0.7733433734939759 0.7272423025435074 0.7806224899598394 0.7279116465863453 0.7768574297188755 0.7322623828647925 
5 0.8747489959839357 0.7359437751004017 0.8325803212851406 0.7352744310575636 0.8242971887550201 0.7302543507362784 0.8255522088353414 0.7289156626506024 0.8742469879518072 0.7312583668005355 0.8747489959839357 0.7359437751004017 
