0 0.19944852941176472 0.693218954248366 0.19822303921568626 0.6919934640522876 0.19822303921568626 0.6891339869281046 0.20006127450980393 0.6883169934640523 0.22181372549019607 0.6866830065359477 0.24908088235294118 0.6825980392156863 0.24816176470588236 0.6875 0.19944852941176472 0.693218954248366 
0 0.585171568627451 0.7132352941176471 0.49234068627450983 0.6899509803921569 0.49080882352941174 0.6895424836601307 0.49050245098039214 0.6862745098039216 0.5505514705882353 0.7001633986928104 0.5854779411764706 0.7066993464052288 0.585171568627451 0.7132352941176471 
0 0.0 0.7218137254901961 0.0 0.7095588235294118 0.0548406862745098 0.7050653594771242 0.10477941176470588 0.6985294117647058 0.10386029411764706 0.7001633986928104 0.10447303921568628 0.7058823529411765 0.10355392156862746 0.7062908496732027 0.06433823529411764 0.7111928104575164 0.0 0.7218137254901961 
0 0.00857843137254902 0.9995915032679739 0.0 0.9995915032679739 0.0 0.9375 0.08884803921568628 0.8782679738562091 0.15931372549019607 0.8259803921568627 0.23314950980392157 0.7769607843137255 0.32536764705882354 0.7136437908496732 0.3314950980392157 0.7095588235294118 0.3336397058823529 0.7095588235294118 0.3321078431372549 0.7222222222222222 0.16482843137254902 0.8643790849673203 0.00857843137254902 0.9995915032679739 
0 0.9996936274509803 0.8190359477124183 0.9466911764705882 0.8051470588235294 0.9473039215686274 0.7896241830065359 0.9996936274509803 0.8018790849673203 0.9996936274509803 0.8190359477124183 
4 0.20435049019607843 0.6883169934640523 0.20189950980392157 0.6883169934640523 0.20189950980392157 0.6850490196078431 0.19822303921568626 0.6854575163398693 0.19730392156862744 0.6793300653594772 0.1875 0.6793300653594772 0.22457107843137256 0.676062091503268 0.2506127450980392 0.6756535947712419 0.25 0.6793300653594772 0.24632352941176472 0.6797385620915033 0.24540441176470587 0.6830065359477124 0.24325980392156862 0.6830065359477124 0.24325980392156862 0.6797385620915033 0.23743872549019607 0.6797385620915033 0.23713235294117646 0.6842320261437909 0.2346813725490196 0.684640522875817 0.234375 0.6813725490196079 0.22886029411764705 0.6813725490196079 0.22763480392156862 0.6854575163398693 0.22487745098039216 0.6858660130718954 0.22579656862745098 0.681781045751634 0.22457107843137256 0.6813725490196079 0.21752450980392157 0.6830065359477124 0.21721813725490197 0.6870915032679739 0.21476715686274508 0.6870915032679739 0.21446078431372548 0.6834150326797386 0.20618872549019607 0.6834150326797386 0.20435049019607843 0.6883169934640523 
4 0.5854779411764706 0.7066993464052288 0.5505514705882353 0.7001633986928104 0.49080882352941174 0.6858660130718954 0.4892769607843137 0.6797385620915033 0.5885416666666666 0.6948529411764706 0.5860906862745098 0.6981209150326797 0.5854779411764706 0.7066993464052288 
4 0.031862745098039214 0.7071078431372549 0.03002450980392157 0.7071078431372549 0.030943627450980393 0.701797385620915 0.0 0.7050653594771242 0.0 0.6915849673202614 0.033394607843137254 0.6899509803921569 0.03370098039215686 0.6879084967320261 0.07352941176470588 0.6866830065359477 0.07383578431372549 0.684640522875817 0.07904411764705882 0.684640522875817 0.07935049019607843 0.6862745098039216 0.10508578431372549 0.6850490196078431 0.1053921568627451 0.6830065359477124 0.11029411764705882 0.6830065359477124 0.11060049019607843 0.684640522875817 0.11917892156862746 0.6842320261437909 0.12193627450980392 0.6854575163398693 0.11029411764705882 0.6895424836601307 0.10477941176470588 0.6981209150326797 0.10324754901960784 0.6981209150326797 0.10386029411764706 0.6948529411764706 0.07689950980392157 0.696078431372549 0.07659313725490197 0.701797385620915 0.07199754901960784 0.7026143790849673 0.07230392156862746 0.6968954248366013 0.0701593137254902 0.6964869281045751 0.036458333333333336 0.7013888888888888 0.03553921568627451 0.7066993464052288 0.031862745098039214 0.7071078431372549 
4 0.0 0.8656045751633987 0.0 0.7851307189542484 0.13786764705882354 0.7438725490196079 0.13939950980392157 0.7430555555555556 0.14185049019607843 0.7381535947712419 0.15900735294117646 0.7369281045751634 0.22303921568627452 0.7185457516339869 0.2346813725490196 0.7095588235294118 0.24540441176470587 0.7111928104575164 0.26868872549019607 0.7005718954248366 0.2760416666666667 0.7001633986928104 0.30269607843137253 0.6911764705882353 0.3314950980392157 0.6838235294117647 0.33394607843137253 0.6834150326797386 0.33609068627450983 0.6850490196078431 0.33455882352941174 0.6964869281045751 0.2693014705882353 0.7377450980392157 0.26776960784313725 0.738562091503268 0.2668504901960784 0.7369281045751634 0.23743872549019607 0.75 0.23621323529411764 0.7581699346405228 0.2264093137254902 0.764297385620915 0.22549019607843138 0.7536764705882353 0.15471813725490197 0.7867647058823529 0.15441176470588236 0.8055555555555556 0.1400122549019608 0.8137254901960784 0.13633578431372548 0.815359477124183 0.13602941176470587 0.7969771241830066 0.0 0.8656045751633987 
4 0.9996936274509803 0.7855392156862745 0.9482230392156863 0.7757352941176471 0.9482230392156863 0.7700163398692811 0.9408700980392157 0.7508169934640523 0.9411764705882353 0.7446895424836601 0.9996936274509803 0.7516339869281046 0.9996936274509803 0.7855392156862745 
3 0.00030637254901960784 0.9375 0.0 0.8905228758169934 0.20006127450980393 0.7806372549019608 0.33486519607843135 0.6964869281045751 0.33394607843137253 0.7083333333333334 0.3330269607843137 0.7091503267973857 0.15931372549019607 0.8259803921568627 0.08884803921568628 0.8782679738562091 0.00030637254901960784 0.9375 
