0 0.5298621745788668 0.7215189873417721 0.5197549770290965 0.7166190281747652 0.5026033690658499 0.7158023683135973 0.4581929555895865 0.6913025724785626 0.4591117917304747 0.689669252756227 0.47411944869831546 0.6974275214373213 0.4946401225114854 0.7043691302572479 0.5093415007656967 0.7113107390771743 0.5252679938744257 0.7141690485912617 0.533843797856049 0.71294405879951 0.5356814701378254 0.7141690485912617 0.533843797856049 0.717844017966517 0.5301684532924962 0.717844017966517 0.5298621745788668 0.7215189873417721 
0 0.8683001531393568 0.8709677419354839 0.8621745788667687 0.8697427521437321 0.7562021439509954 0.8321763985300122 0.6309341500765697 0.7733768885259289 0.5310872894333843 0.72233564720294 0.5387442572741195 0.721927317272356 0.5405819295558959 0.7162106982441813 0.5424196018376722 0.717435688035933 0.5396630934150076 0.7198856676194365 0.539969372128637 0.721927317272356 0.5464012251148546 0.721927317272356 0.5467075038284839 0.7190690077582687 0.5715160796324655 0.7309105757452021 0.8003062787136294 0.8133932217231523 0.8967840735068913 0.8640261331155573 0.8683001531393568 0.8709677419354839 
1 0.5562021439509954 0.7076357697019191 0.552833078101072 0.7076357697019191 0.5531393568147014 0.6872192731727236 0.5549770290964778 0.6929358922008984 0.5549770290964778 0.7031441404654961 0.557427258805513 0.70355247039608 0.5577335375191425 0.7072274397713353 0.5562021439509954 0.7076357697019191 
1 0.5160796324655437 0.7117190690077583 0.5160796324655437 0.689669252756227 0.5408882082695252 0.6884442629644753 0.536906584992343 0.7092690894242548 0.5160796324655437 0.7117190690077583 
1 0.5482388973966309 0.708452429563087 0.5470137825421133 0.708452429563087 0.5476263399693722 0.6986525112290731 0.5503828483920368 0.6982441812984892 0.5500765696784073 0.708044099632503 0.5482388973966309 0.708452429563087 
1 0.5641653905053599 0.7068191098407514 0.5617151607963247 0.7068191098407514 0.5614088820826952 0.70355247039608 0.5666156202143952 0.7031441404654961 0.5678407350689127 0.6998775010208248 0.5690658499234303 0.7060024499795835 0.5641653905053599 0.7068191098407514 
1 0.5436447166921899 0.7088607594936709 0.5415007656967841 0.7088607594936709 0.5436447166921899 0.7002858309514087 0.5436447166921899 0.7088607594936709 
1 0.5803981623277182 0.7051857901184156 0.5791730474732006 0.7051857901184156 0.5803981623277182 0.703960800326664 0.5803981623277182 0.7051857901184156 
5 0.052986217457886675 0.8505512454062882 0.036753445635528334 0.8411596570028583 0.05237366003062787 0.8350347080440996 0.05145482388973966 0.8391180073499388 0.06003062787136294 0.8407513270722744 0.0670750382848392 0.8374846876276031 0.0777947932618683 0.8391180073499388 0.08392036753445635 0.8338097182523478 0.08024502297090352 0.828501429154757 0.07442572741194486 0.8268681094324214 0.15038284839203675 0.7991016741527154 0.269218989280245 0.7484687627603104 0.28147013782542113 0.7439771335238873 0.28238897396630935 0.7452021233156391 0.30505359877488514 0.7386688444262964 0.30597243491577336 0.7349938750510412 0.32863705972434915 0.7272356063699469 0.32863705972434915 0.7296855859534503 0.20428790199081165 0.7856267864434463 0.052986217457886675 0.8505512454062882 
5 0.9996937212863706 0.9195590036749693 0.8695252679938744 0.8762760310330747 0.8664624808575804 0.8713760718660678 0.8970903522205207 0.8636178031849735 0.9996937212863706 0.8971008574928542 0.9996937212863706 0.9195590036749693 
3 0.4548238897396631 0.7170273581053491 0.4468606431852986 0.7166190281747652 0.4407350689127106 0.6904859126173949 0.44318529862174577 0.690077582686811 0.44379785604900457 0.6913025724785626 0.4548238897396631 0.7170273581053491 
