0 0.45141006097560976 0.6747967479674797 0.4327362804878049 0.6747967479674797 0.4336890243902439 0.6730182926829268 0.43864329268292684 0.6727642276422764 0.5594512195121951 0.6702235772357723 0.6040396341463414 0.6659044715447154 0.6051829268292683 0.6666666666666666 0.6105182926829268 0.666920731707317 0.6095655487804879 0.6674288617886179 0.578125 0.6697154471544715 0.5463033536585366 0.6735264227642277 0.45141006097560976 0.6747967479674797 
0 0.3957698170731707 0.6747967479674797 0.38452743902439024 0.6747967479674797 0.3854801829268293 0.6730182926829268 0.39157774390243905 0.6730182926829268 0.3955792682926829 0.6732723577235772 0.3957698170731707 0.6747967479674797 
0 0.9068216463414634 0.7029979674796748 0.9060594512195121 0.7029979674796748 0.9054878048780488 0.6963922764227642 0.9138719512195121 0.695630081300813 0.9136814024390244 0.7019817073170732 0.9068216463414634 0.7029979674796748 
0 0.8976753048780488 0.7042682926829268 0.8969131097560976 0.7042682926829268 0.8969131097560976 0.6976626016260162 0.8986280487804879 0.6971544715447154 0.8988185975609756 0.7040142276422764 0.8976753048780488 0.7042682926829268 
0 0.8605182926829268 0.709349593495935 0.8588033536585366 0.709349593495935 0.858422256097561 0.7022357723577236 0.8683307926829268 0.7012195121951219 0.8685213414634146 0.708079268292683 0.8605182926829268 0.709349593495935 
0 0.8286966463414634 0.7769308943089431 0.8071646341463414 0.7690548780487805 0.7814405487804879 0.7469512195121951 0.7785823170731707 0.7311991869918699 0.7852515243902439 0.7164634146341463 0.7980182926829268 0.7096036585365854 0.8014481707317073 0.7096036585365854 0.8022103658536586 0.7182418699186992 0.7943978658536586 0.7215447154471545 0.7938262195121951 0.7306910569105691 0.8050685975609756 0.7451727642276422 0.8084984756097561 0.7479674796747967 0.8220274390243902 0.7586382113821138 0.8326981707317073 0.7614329268292683 0.8359375 0.7713414634146342 0.8286966463414634 0.7769308943089431 
0 0.051067073170731704 0.8292682926829268 0.03830030487804878 0.8226626016260162 0.049733231707317076 0.7997967479674797 0.053734756097560975 0.7860772357723578 0.04763719512195122 0.7771849593495935 0.015625 0.7794715447154471 0.01600609756097561 0.7675304878048781 0.045160060975609755 0.7670223577235772 0.055259146341463415 0.7710873983739838 0.06592987804878049 0.7782012195121951 0.07088414634146341 0.7888719512195121 0.07202743902439024 0.7926829268292683 0.07469512195121951 0.8038617886178862 0.07526676829268293 0.8160569105691057 0.051067073170731704 0.8292682926829268 
0 0.9998094512195121 0.8358739837398373 0.8847179878048781 0.7990345528455285 0.8913871951219512 0.791920731707317 0.8972942073170732 0.7898882113821138 0.8997713414634146 0.7873475609756098 0.9045350609756098 0.7863313008130082 0.9243521341463414 0.7903963414634146 0.9243521341463414 0.791920731707317 0.9205411585365854 0.7949695121951219 0.9155868902439024 0.8013211382113821 0.920922256097561 0.8038617886178862 0.9310213414634146 0.8048780487804879 0.9380716463414634 0.8003048780487805 0.9386432926829268 0.7957317073170732 0.9388338414634146 0.7977642276422764 0.9420731707317073 0.7997967479674797 0.9525533536585366 0.7977642276422764 0.9998094512195121 0.8102134146341463 0.9998094512195121 0.8358739837398373 
0 0.0 0.8757621951219512 0.0 0.8521341463414634 0.016577743902439025 0.8589939024390244 0.0 0.8757621951219512 
1 0.0 0.7853150406504065 0.0 0.6465955284552846 0.016196646341463415 0.6463414634146342 0.018292682926829267 0.6364329268292683 0.016958841463414635 0.631859756097561 0.01714939024390244 0.6285569105691057 0.019054878048780487 0.6270325203252033 0.022103658536585365 0.6272865853658537 0.02381859756097561 0.6298272357723578 0.02419969512195122 0.6361788617886179 0.011051829268292682 0.7832825203252033 0.010861280487804877 0.7845528455284553 0.0 0.7853150406504065 
1 0.8563262195121951 0.7621951219512195 0.8277439024390244 0.7515243902439024 0.8100228658536586 0.7400914634146342 0.8020198170731707 0.7177337398373984 0.7970655487804879 0.6453252032520326 0.7976371951219512 0.6420223577235772 0.7972560975609756 0.6369410569105691 0.8022103658536586 0.6361788617886179 0.8044969512195121 0.6374491869918699 0.8094512195121951 0.6374491869918699 0.8157393292682927 0.635670731707317 0.8182164634146342 0.6374491869918699 0.8180259146341463 0.6420223577235772 0.8220274390243902 0.6440548780487805 0.8521341463414634 0.6430386178861789 0.8631859756097561 0.7507621951219512 0.8631859756097561 0.7611788617886179 0.8563262195121951 0.7621951219512195 
5 0.9710365853658537 0.6941056910569106 0.969702743902439 0.6935975609756098 0.9695121951219512 0.6902947154471545 0.971608231707317 0.6867378048780488 0.9998094512195121 0.6839430894308943 0.9998094512195121 0.6915650406504065 0.9710365853658537 0.6941056910569106 
5 0.9508384146341463 0.6958841463414634 0.9483612804878049 0.6958841463414634 0.9491234756097561 0.6897865853658537 0.9498856707317073 0.6890243902439024 0.9529344512195121 0.688770325203252 0.9557926829268293 0.6915650406504065 0.9584603658536586 0.693089430894309 0.9586509146341463 0.6951219512195121 0.9508384146341463 0.6958841463414634 
5 0.8845274390243902 0.7992886178861789 0.8283155487804879 0.7771849593495935 0.8361280487804879 0.7710873983739838 0.8763338414634146 0.7853150406504065 0.8748094512195121 0.7870934959349594 0.8774771341463414 0.7909044715447154 0.8839557926829268 0.7909044715447154 0.8885289634146342 0.7931910569105691 0.890625 0.7926829268292683 0.8845274390243902 0.7992886178861789 
5 0.016577743902439025 0.858739837398374 0.0 0.8523882113821138 0.03753810975609756 0.8211382113821138 0.03868140243902439 0.821900406504065 0.038490853658536585 0.8226626016260162 0.050495426829268296 0.8290142276422764 0.052972560975609755 0.8285060975609756 0.016577743902439025 0.858739837398374 
