1 0.9996936274509803 0.7647058823529411 0.8486519607843137 0.7512254901960784 0.7677696078431373 0.7483660130718954 0.7680759803921569 0.7426470588235294 0.7699142156862745 0.7418300653594772 0.7720588235294118 0.738562091503268 0.7717524509803921 0.7324346405228758 0.7677696078431373 0.7295751633986928 0.7631740196078431 0.7303921568627451 0.7625612745098039 0.7316176470588235 0.7619485294117647 0.735702614379085 0.7640931372549019 0.7422385620915033 0.7634803921568627 0.7483660130718954 0.6743259803921569 0.7422385620915033 0.5670955882352942 0.7328431372549019 0.5677083333333334 0.7283496732026143 0.5667892156862745 0.7258986928104575 0.5643382352941176 0.7287581699346405 0.5649509803921569 0.7320261437908496 0.5159313725490197 0.7295751633986928 0.5137867647058824 0.7291666666666666 0.5140931372549019 0.7169117647058824 0.5125612745098039 0.7066993464052288 0.6531862745098039 0.6973039215686274 0.7055759803921569 0.6928104575163399 0.7061887254901961 0.6899509803921569 0.7144607843137255 0.6915849673202614 0.7417279411764706 0.6891339869281046 0.7821691176470589 0.6797385620915033 0.7827818627450981 0.676062091503268 0.7879901960784313 0.676062091503268 0.788296568627451 0.678921568627451 0.7910539215686274 0.678921568627451 0.8419117647058824 0.6723856209150327 0.921875 0.6572712418300654 0.9408700980392157 0.6548202614379085 0.9408700980392157 0.6495098039215687 0.9494485294117647 0.6486928104575164 0.9500612745098039 0.6523692810457516 0.9522058823529411 0.6523692810457516 0.9996936274509803 0.6454248366013072 0.9996936274509803 0.7647058823529411 
1 0.3694852941176471 0.7140522875816994 0.36121323529411764 0.7136437908496732 0.36090686274509803 0.7116013071895425 0.35202205882352944 0.7132352941176471 0.35232843137254904 0.7062908496732027 0.37254901960784315 0.7058823529411765 0.37254901960784315 0.7124183006535948 0.3704044117647059 0.7124183006535948 0.3694852941176471 0.7140522875816994 
1 0.43106617647058826 0.7222222222222222 0.4166666666666667 0.7201797385620915 0.4163602941176471 0.7152777777777778 0.41482843137254904 0.7116013071895425 0.4025735294117647 0.7111928104575164 0.4010416666666667 0.7181372549019608 0.39889705882352944 0.7177287581699346 0.39889705882352944 0.7120098039215687 0.3903186274509804 0.7128267973856209 0.3900122549019608 0.7165032679738562 0.38909313725490197 0.7165032679738562 0.38786764705882354 0.7160947712418301 0.38817401960784315 0.7071078431372549 0.4365808823529412 0.7071078431372549 0.4365808823529412 0.7120098039215687 0.4332107843137255 0.7124183006535948 0.43106617647058826 0.7160947712418301 0.43106617647058826 0.7222222222222222 
1 0.4564950980392157 0.7234477124183006 0.4482230392156863 0.7230392156862745 0.4488357843137255 0.7185457516339869 0.44607843137254904 0.7079248366013072 0.44362745098039214 0.7075163398692811 0.47120098039215685 0.7075163398692811 0.47058823529411764 0.7107843137254902 0.46170343137254904 0.7120098039215687 0.46047794117647056 0.7132352941176471 0.4586397058823529 0.7209967320261438 0.4571078431372549 0.7214052287581699 0.4564950980392157 0.7234477124183006 
2 0.10477941176470588 0.7222222222222222 0.00030637254901960784 0.7209967320261438 0.0 0.5943627450980392 0.17677696078431374 0.6409313725490197 0.21354166666666666 0.6523692810457516 0.11856617647058823 0.6495098039215687 0.10477941176470588 0.7222222222222222 
2 0.3241421568627451 0.7226307189542484 0.32107843137254904 0.7226307189542484 0.32138480392156865 0.7201797385620915 0.31862745098039214 0.7144607843137255 0.3134191176470588 0.7128267973856209 0.3082107843137255 0.7148692810457516 0.30575980392156865 0.7193627450980392 0.30484068627450983 0.6956699346405228 0.3014705882352941 0.6781045751633987 0.3382352941176471 0.6911764705882353 0.35263480392156865 0.6993464052287581 0.35110294117647056 0.7197712418300654 0.3241421568627451 0.7226307189542484 
4 0.3125 0.7373366013071896 0.3112745098039216 0.7373366013071896 0.3072916666666667 0.7320261437908496 0.31433823529411764 0.7308006535947712 0.31832107843137253 0.7283496732026143 0.32077205882352944 0.7267156862745098 0.32138480392156865 0.7226307189542484 0.35263480392156865 0.7201797385620915 0.35232843137254904 0.7283496732026143 0.3471200980392157 0.7308006535947712 0.3125 0.7373366013071896 
4 0.0 0.7638888888888888 0.0 0.7205882352941176 0.10477941176470588 0.7226307189542484 0.09803921568627451 0.7430555555555556 0.09650735294117647 0.7561274509803921 0.0 0.7638888888888888 
3 0.35355392156862747 0.7160947712418301 0.35140931372549017 0.7160947712418301 0.35202205882352944 0.7132352941176471 0.3538602941176471 0.7136437908496732 0.35355392156862747 0.7160947712418301 
3 0.36795343137254904 0.7177287581699346 0.36182598039215685 0.7173202614379085 0.36090686274509803 0.7140522875816994 0.36917892156862747 0.7140522875816994 0.36795343137254904 0.7177287581699346 
3 0.3897058823529412 0.7218137254901961 0.38786764705882354 0.7214052287581699 0.38817401960784315 0.7160947712418301 0.3900122549019608 0.7169117647058824 0.3897058823529412 0.7218137254901961 
3 0.39889705882352944 0.7209967320261438 0.39889705882352944 0.7181372549019608 0.4007352941176471 0.7181372549019608 0.39889705882352944 0.7209967320261438 
3 0.43137254901960786 0.7291666666666666 0.4163602941176471 0.7263071895424836 0.41605392156862747 0.7209967320261438 0.43075980392156865 0.7218137254901961 0.43137254901960786 0.7291666666666666 
3 0.4574142156862745 0.7348856209150327 0.4476102941176471 0.7320261437908496 0.4479166666666667 0.7234477124183006 0.4564950980392157 0.7234477124183006 0.4577205882352941 0.7267156862745098 0.4574142156862745 0.7348856209150327 
3 0.9996936274509803 0.9995915032679739 0.727328431372549 0.8537581699346405 0.6657475490196079 0.8223039215686274 0.5655637254901961 0.7724673202614379 0.5266544117647058 0.7553104575163399 0.5140931372549019 0.7516339869281046 0.5137867647058824 0.7295751633986928 0.5649509803921569 0.7320261437908496 0.5643382352941176 0.7287581699346405 0.5667892156862745 0.7258986928104575 0.5677083333333334 0.7283496732026143 0.5670955882352942 0.7328431372549019 0.758578431372549 0.7483660130718954 0.7634803921568627 0.7483660130718954 0.7640931372549019 0.7422385620915033 0.7619485294117647 0.735702614379085 0.7625612745098039 0.7316176470588235 0.7631740196078431 0.7303921568627451 0.7677696078431373 0.7295751633986928 0.7717524509803921 0.7320261437908496 0.7720588235294118 0.735702614379085 0.7720588235294118 0.738562091503268 0.7699142156862745 0.7418300653594772 0.7680759803921569 0.7426470588235294 0.7677696078431373 0.7483660130718954 0.8486519607843137 0.7512254901960784 0.9996936274509803 0.7647058823529411 0.9996936274509803 0.9995915032679739 
