0 0.5396630934150076 0.8346263781135157 0.5332312404287902 0.8329930583911801 0.47350689127105666 0.8040016333197223 0.43828483920367534 0.7819518170681911 0.4330781010719755 0.777868517762352 0.43859111791730476 0.7795018374846876 0.43950995405819293 0.7819518170681911 0.44318529862174577 0.7811351572070233 0.49157733537519144 0.7999183340138832 0.5415007656967841 0.8150265414454879 0.5513016845329249 0.8305430788076766 0.5396630934150076 0.8346263781135157 
0 0.31516079632465543 0.8089015924867293 0.3142419601837672 0.8089015924867293 0.314854517611026 0.8044099632503062 0.32741194486983155 0.8011433238056349 0.3271056661562021 0.8048182931808902 0.31516079632465543 0.8089015924867293 
0 0.5889739663093415 0.8558595345038791 0.5705972434915774 0.8489179256839526 0.582542113323124 0.8419763168640262 0.5862174578866769 0.8419763168640262 0.6091883614088821 0.833401388321764 0.6168453292496171 0.833401388321764 0.6192955589586524 0.8354430379746836 0.6309341500765697 0.8329930583911801 0.7433384379785605 0.8289097590853409 0.8879019908116386 0.8154348713760718 0.9996937212863706 0.8019599836668028 0.9996937212863706 0.805634953042058 0.7736600306278714 0.8391180073499388 0.6192955589586524 0.8542262147815435 0.5889739663093415 0.8558595345038791 
0 0.2226646248085758 0.8399346672111065 0.2217457886676876 0.8391180073499388 0.22419601837672282 0.8321763985300122 0.22725880551301683 0.8313597386688444 0.23062787136294027 0.8370763576970192 0.2226646248085758 0.8399346672111065 
0 0.19356814701378255 0.8501429154757044 0.19356814701378255 0.84238464679461 0.20428790199081165 0.8436096365863618 0.20459418070444105 0.8448346263781135 0.20428790199081165 0.8464679461004492 0.19356814701378255 0.8501429154757044 
0 0.157427258805513 0.8623928133932217 0.1565084226646248 0.8623928133932217 0.1562021439509954 0.86116782360147 0.15834609494640123 0.8542262147815435 0.1767228177641654 0.8542262147815435 0.1770290964777948 0.8554512045732953 0.157427258805513 0.8623928133932217 
0 0.1225114854517611 0.8742343813801552 0.1215926493108729 0.8742343813801552 0.12833078101071976 0.8652511229073091 0.13874425727411946 0.8607594936708861 0.1442572741194487 0.8668844426296447 0.1225114854517611 0.8742343813801552 
0 0.02572741194486983 0.9024091465904451 0.015926493108728942 0.9024091465904451 0.013476263399693721 0.9007758268681094 0.03889739663093415 0.8873009391588403 0.10290964777947932 0.8689260922825643 0.10413476263399694 0.8697427521437321 0.10842266462480858 0.8783176806859943 0.02572741194486983 0.9024091465904451 
5 0.5678407350689127 0.8505512454062882 0.5372128637059724 0.8354430379746836 0.5525267993874425 0.8301347488770927 0.5852986217457886 0.8407513270722744 0.5678407350689127 0.8505512454062882 
5 0.0 0.9126173948550429 0.0 0.907309105757452 0.009800918836140888 0.9024091465904451 0.03001531393568147 0.902817476521029 0.0 0.9126173948550429 
