0 0.9632352941176471 0.6470588235294118 0.9512867647058824 0.6470588235294118 0.9509803921568627 0.6401143790849673 0.9996936274509803 0.6380718954248366 0.9996936274509803 0.6462418300653595 0.9632352941176471 0.6470588235294118 
0 0.8722426470588235 0.6491013071895425 0.867953431372549 0.6491013071895425 0.8627450980392157 0.6425653594771242 0.8814338235294118 0.641748366013072 0.8829656862745098 0.6429738562091504 0.8832720588235294 0.641748366013072 0.8857230392156863 0.641748366013072 0.8860294117647058 0.6433823529411765 0.8887867647058824 0.6429738562091504 0.8890931372549019 0.6413398692810458 0.8915441176470589 0.6413398692810458 0.8918504901960784 0.6429738562091504 0.8973651960784313 0.6413398692810458 0.8979779411764706 0.6446078431372549 0.9007352941176471 0.6446078431372549 0.9007352941176471 0.6413398692810458 0.9028799019607843 0.6413398692810458 0.9031862745098039 0.6429738562091504 0.9068627450980392 0.6429738562091504 0.9071691176470589 0.6409313725490197 0.9080882352941176 0.6425653594771242 0.9111519607843137 0.6425653594771242 0.9114583333333334 0.6409313725490197 0.9188112745098039 0.641748366013072 0.9191176470588235 0.6405228758169934 0.9353553921568627 0.6401143790849673 0.9356617647058824 0.6429738562091504 0.9390318627450981 0.6433823529411765 0.9384191176470589 0.6474673202614379 0.8722426470588235 0.6491013071895425 
0 0.7184436274509803 0.6544117647058824 0.7159926470588235 0.6544117647058824 0.7159926470588235 0.6454248366013072 0.7533700980392157 0.6446078431372549 0.7536764705882353 0.6462418300653595 0.758578431372549 0.6462418300653595 0.7588848039215687 0.6446078431372549 0.7613357843137255 0.6450163398692811 0.7573529411764706 0.6527777777777778 0.7184436274509803 0.6544117647058824 
0 0.6731004901960784 0.6560457516339869 0.6617647058823529 0.6560457516339869 0.6706495098039216 0.6458333333333334 0.6727941176470589 0.6458333333333334 0.6731004901960784 0.6478758169934641 0.6783088235294118 0.6478758169934641 0.6786151960784313 0.6458333333333334 0.7040441176470589 0.6458333333333334 0.7043504901960784 0.6548202614379085 0.6731004901960784 0.6560457516339869 
0 0.5793504901960784 0.6572712418300654 0.5732230392156863 0.6572712418300654 0.5726102941176471 0.6560457516339869 0.5652573529411765 0.6531862745098039 0.5683210784313726 0.6486928104575164 0.6130514705882353 0.6474673202614379 0.6204044117647058 0.6564542483660131 0.5793504901960784 0.6572712418300654 
0 0.41513480392156865 0.6605392156862745 0.41452205882352944 0.6576797385620915 0.4071691176470588 0.6548202614379085 0.40625 0.6527777777777778 0.5361519607843137 0.6499183006535948 0.5333946078431373 0.6548202614379085 0.5343137254901961 0.6580882352941176 0.41513480392156865 0.6605392156862745 
0 0.3740808823529412 0.6613562091503268 0.37714460784313725 0.6531862745098039 0.3860294117647059 0.6535947712418301 0.3805147058823529 0.6609477124183006 0.3740808823529412 0.6613562091503268 
0 0.913296568627451 0.6981209150326797 0.8930759803921569 0.6981209150326797 0.8887867647058824 0.6887254901960784 0.8869485294117647 0.6772875816993464 0.9996936274509803 0.6748366013071896 0.9996936274509803 0.6964869281045751 0.913296568627451 0.6981209150326797 
0 0.25643382352941174 0.7079248366013072 0.24325980392156862 0.7079248366013072 0.24325980392156862 0.6879084967320261 0.37653186274509803 0.6866830065359477 0.7447916666666666 0.6801470588235294 0.7447916666666666 0.6915849673202614 0.7438725490196079 0.6936274509803921 0.7444852941176471 0.7009803921568627 0.7401960784313726 0.7013888888888888 0.25643382352941174 0.7079248366013072 
0 0.23161764705882354 0.7079248366013072 0.23069852941176472 0.7079248366013072 0.23100490196078433 0.6879084967320261 0.23161764705882354 0.7079248366013072 
0 0.22212009803921567 0.7083333333333334 0.21354166666666666 0.7083333333333334 0.21354166666666666 0.6887254901960784 0.22212009803921567 0.6915849673202614 0.22212009803921567 0.7083333333333334 
0 0.9996936274509803 0.7904411764705882 0.9093137254901961 0.7520424836601307 0.9077818627450981 0.7369281045751634 0.9117647058823529 0.7279411764705882 0.9206495098039216 0.7230392156862745 0.9427083333333334 0.7185457516339869 0.9261642156862745 0.7279411764705882 0.9243259803921569 0.7336601307189542 0.9322916666666666 0.7369281045751634 0.9509803921568627 0.741421568627451 0.9996936274509803 0.7565359477124183 0.9996936274509803 0.7904411764705882 
0 0.22181372549019607 0.744281045751634 0.21507352941176472 0.7426470588235294 0.21476715686274508 0.735702614379085 0.22150735294117646 0.7361111111111112 0.22181372549019607 0.744281045751634 
0 0.23192401960784315 0.7463235294117647 0.23100490196078433 0.7463235294117647 0.23131127450980393 0.7381535947712419 0.23192401960784315 0.7397875816993464 0.23192401960784315 0.7463235294117647 
0 0.09895833333333333 0.9995915032679739 0.015931372549019607 0.9995915032679739 0.20741421568627452 0.8688725490196079 0.25704656862745096 0.8272058823529411 0.2821691176470588 0.7920751633986928 0.2846200980392157 0.7802287581699346 0.27420343137254904 0.7659313725490197 0.2622549019607843 0.7532679738562091 0.24417892156862744 0.7491830065359477 0.24417892156862744 0.7410130718954249 0.26746323529411764 0.7463235294117647 0.29381127450980393 0.7671568627450981 0.2974877450980392 0.7847222222222222 0.2913602941176471 0.823937908496732 0.25949754901960786 0.8660130718954249 0.24908088235294118 0.8762254901960784 0.24479166666666666 0.8737745098039216 0.20833333333333334 0.8937908496732027 0.20435049019607843 0.9060457516339869 0.21170343137254902 0.9129901960784313 0.20435049019607843 0.9203431372549019 0.09895833333333333 0.9995915032679739 
1 0.12806372549019607 0.47058823529411764 0.0 0.4338235294117647 0.0 0.4019607843137255 0.022058823529411766 0.38848039215686275 0.024816176470588234 0.38031045751633985 0.025122549019607844 0.36968954248366015 0.0389093137254902 0.36968954248366015 0.04350490196078431 0.3647875816993464 0.046262254901960786 0.35294117647058826 0.057291666666666664 0.35171568627450983 0.06403186274509803 0.3459967320261438 0.12806372549019607 0.37949346405228757 0.13817401960784315 0.3917483660130719 0.14185049019607843 0.4048202614379085 0.1329656862745098 0.4415849673202614 0.13419117647058823 0.44812091503267976 0.1329656862745098 0.45874183006535946 0.12806372549019607 0.47058823529411764 
2 0.0 0.8374183006535948 0.0 0.43423202614379086 0.12806372549019607 0.47058823529411764 0.13020833333333334 0.46568627450980393 0.13020833333333334 0.4775326797385621 0.1253063725490196 0.5004084967320261 0.12775735294117646 0.5559640522875817 0.11764705882352941 0.5727124183006536 0.11274509803921569 0.6049836601307189 0.11764705882352941 0.6290849673202614 0.11887254901960784 0.6617647058823529 0.12254901960784313 0.7103758169934641 0.12775735294117646 0.7267156862745098 0.14185049019607843 0.7434640522875817 0.15533088235294118 0.7450980392156863 0.1565563725490196 0.758578431372549 0.1565563725490196 0.7753267973856209 0.14675245098039216 0.7781862745098039 0.14552696078431374 0.7651143790849673 0.12591911764705882 0.7271241830065359 0.1130514705882353 0.7062908496732027 0.10049019607843138 0.6964869281045751 0.1053921568627451 0.6801470588235294 0.10416666666666667 0.6601307189542484 0.10049019607843138 0.627859477124183 0.07138480392156862 0.619281045751634 0.0625 0.6209150326797386 0.04503676470588235 0.6209150326797386 0.035845588235294115 0.6311274509803921 0.022365196078431373 0.6409313725490197 0.014705882352941176 0.6597222222222222 0.013480392156862746 0.6936274509803921 0.022058823529411766 0.7230392156862745 0.014705882352941176 0.75 0.023284313725490197 0.7851307189542484 0.0196078431372549 0.8206699346405228 0.029105392156862746 0.8276143790849673 0.0 0.8374183006535948 
2 0.7616421568627451 0.6446078431372549 0.758578431372549 0.6446078431372549 0.7582720588235294 0.6401143790849673 0.7567401960784313 0.5612745098039216 0.7637867647058824 0.5592320261437909 0.7711397058823529 0.5526960784313726 0.7760416666666666 0.5608660130718954 0.7800245098039216 0.5759803921568627 0.7861519607843137 0.579248366013072 0.7904411764705882 0.5727124183006536 0.7962622549019608 0.5776143790849673 0.8051470588235294 0.5808823529411765 0.8100490196078431 0.5759803921568627 0.8201593137254902 0.5608660130718954 0.8201593137254902 0.5559640522875817 0.8253676470588235 0.5526960784313726 0.8256740196078431 0.5469771241830066 0.8471200980392157 0.5424836601307189 0.850796568627451 0.5433006535947712 0.8569240196078431 0.6348039215686274 0.8425245098039216 0.6229575163398693 0.8428308823529411 0.6176470588235294 0.8223039215686274 0.6188725490196079 0.8192401960784313 0.6127450980392157 0.8106617647058824 0.6127450980392157 0.8069852941176471 0.6147875816993464 0.8048406862745098 0.6209150326797386 0.7889093137254902 0.6209150326797386 0.7864583333333334 0.625 0.7745098039215687 0.6270424836601307 0.7647058823529411 0.6384803921568627 0.7616421568627451 0.6446078431372549 
2 0.6617647058823529 0.6560457516339869 0.6204044117647058 0.6560457516339869 0.6130514705882353 0.6474673202614379 0.5686274509803921 0.6486928104575164 0.5689338235294118 0.6474673202614379 0.5677083333333334 0.6425653594771242 0.5634191176470589 0.6425653594771242 0.5606617647058824 0.5718954248366013 0.5628063725490197 0.571078431372549 0.5664828431372549 0.5657679738562091 0.5735294117647058 0.5674019607843137 0.5790441176470589 0.5714869281045751 0.5805759803921569 0.5743464052287581 0.5848651960784313 0.5890522875816994 0.5888480392156863 0.6111111111111112 0.6066176470588235 0.6111111111111112 0.6053921568627451 0.6041666666666666 0.6078431372549019 0.5947712418300654 0.6066176470588235 0.5661764705882353 0.6139705882352942 0.5674019607843137 0.6191789215686274 0.5727124183006536 0.6240808823529411 0.5694444444444444 0.6268382352941176 0.5657679738562091 0.632046568627451 0.565359477124183 0.6354166666666666 0.5592320261437909 0.6354166666666666 0.5526960784313726 0.6329656862745098 0.5490196078431373 0.6354166666666666 0.545751633986928 0.6452205882352942 0.5506535947712419 0.649203431372549 0.5592320261437909 0.6565563725490197 0.5620915032679739 0.663296568627451 0.5694444444444444 0.6694240196078431 0.571078431372549 0.6697303921568627 0.5731209150326797 0.6727941176470589 0.6458333333333334 0.6706495098039216 0.6458333333333334 0.6617647058823529 0.6560457516339869 
2 0.41299019607843135 0.6523692810457516 0.40870098039215685 0.6523692810457516 0.42984068627450983 0.6503267973856209 0.43137254901960786 0.6466503267973857 0.4338235294117647 0.6462418300653595 0.4338235294117647 0.6413398692810458 0.43535539215686275 0.6388888888888888 0.4335171568627451 0.6237745098039216 0.40042892156862747 0.6237745098039216 0.4007352941176471 0.6143790849673203 0.39797794117647056 0.6094771241830066 0.39797794117647056 0.6062091503267973 0.3943014705882353 0.6025326797385621 0.3805147058823529 0.6025326797385621 0.36795343137254904 0.6041666666666666 0.36519607843137253 0.6078431372549019 0.36519607843137253 0.6127450980392157 0.3602941176470588 0.6139705882352942 0.35263480392156865 0.6213235294117647 0.35079656862745096 0.5551470588235294 0.41605392156862747 0.5494281045751634 0.41942401960784315 0.5526960784313726 0.42432598039215685 0.5543300653594772 0.4365808823529412 0.5526960784313726 0.4381127450980392 0.5608660130718954 0.43964460784313725 0.5625 0.44577205882352944 0.5625 0.4494485294117647 0.5592320261437909 0.47732843137254904 0.5559640522875817 0.47732843137254904 0.5592320261437909 0.4742647058823529 0.5641339869281046 0.47181372549019607 0.5776143790849673 0.47794117647058826 0.5796568627450981 0.4800857843137255 0.6507352941176471 0.41299019607843135 0.6523692810457516 
2 0.9408700980392157 0.625 0.9365808823529411 0.5514705882352942 0.9420955882352942 0.5543300653594772 0.9454656862745098 0.5531045751633987 0.9417892156862745 0.5845588235294118 0.9408700980392157 0.625 
2 0.9157475490196079 0.6409313725490197 0.9114583333333334 0.6409313725490197 0.9108455882352942 0.6397058823529411 0.9065563725490197 0.5526960784313726 0.9105392156862745 0.5526960784313726 0.9108455882352942 0.5543300653594772 0.9157475490196079 0.6409313725490197 
2 0.9028799019607843 0.6413398692810458 0.9004289215686274 0.6413398692810458 0.8955269607843137 0.5543300653594772 0.9001225490196079 0.5547385620915033 0.9028799019607843 0.6413398692810458 
2 0.9518995098039216 0.6397058823529411 0.9509803921568627 0.6397058823529411 0.9509803921568627 0.6168300653594772 0.9522058823529411 0.5723039215686274 0.9555759803921569 0.5584150326797386 0.9583333333333334 0.5625 0.9745710784313726 0.5641339869281046 0.9825367647058824 0.5543300653594772 0.9947916666666666 0.5625 0.9996936274509803 0.5608660130718954 0.9996936274509803 0.6376633986928104 0.9518995098039216 0.6397058823529411 
2 0.8973651960784313 0.6413398692810458 0.8946078431372549 0.6413398692810458 0.8943014705882353 0.6380718954248366 0.8909313725490197 0.636437908496732 0.8881740196078431 0.6319444444444444 0.8884803921568627 0.6294934640522876 0.890625 0.6294934640522876 0.890625 0.6245915032679739 0.8875612745098039 0.6151960784313726 0.8854166666666666 0.5551470588235294 0.8927696078431373 0.5551470588235294 0.8973651960784313 0.6413398692810458 
2 0.9280024509803921 0.6405228758169934 0.9191176470588235 0.6405228758169934 0.9185049019607843 0.6388888888888888 0.9139093137254902 0.5547385620915033 0.921875 0.5575980392156863 0.9307598039215687 0.5563725490196079 0.9353553921568627 0.6401143790849673 0.9280024509803921 0.6405228758169934 
2 0.34099264705882354 0.6286764705882353 0.3382352941176471 0.5559640522875817 0.34620098039215685 0.5551470588235294 0.3483455882352941 0.6262254901960784 0.34099264705882354 0.6286764705882353 
2 0.8691789215686274 0.6421568627450981 0.8627450980392157 0.6421568627450981 0.859375 0.6384803921568627 0.8541666666666666 0.5575980392156863 0.8802083333333334 0.5555555555555556 0.8832720588235294 0.6041666666666666 0.8777573529411765 0.6045751633986928 0.8777573529411765 0.6094771241830066 0.8814338235294118 0.6098856209150327 0.8814338235294118 0.6139705882352942 0.8777573529411765 0.6147875816993464 0.8802083333333334 0.6237745098039216 0.8808210784313726 0.641748366013072 0.8691789215686274 0.6421568627450981 
2 0.2659313725490196 0.6515522875816994 0.2647058823529412 0.6515522875816994 0.2699142156862745 0.6429738562091504 0.2601102941176471 0.6413398692810458 0.25980392156862747 0.6405228758169934 0.2662377450980392 0.6058006535947712 0.24816176470588236 0.6094771241830066 0.24448529411764705 0.6258169934640523 0.24693627450980393 0.6388888888888888 0.24601715686274508 0.6499183006535948 0.24571078431372548 0.6511437908496732 0.2426470588235294 0.6495098039215687 0.24142156862745098 0.5608660130718954 0.2533700980392157 0.5604575163398693 0.2545955882352941 0.5641339869281046 0.25857843137254904 0.5678104575163399 0.2662377450980392 0.5694444444444444 0.27481617647058826 0.5625 0.28125 0.5625 0.28278186274509803 0.5600490196078431 0.28431372549019607 0.559640522875817 0.3164828431372549 0.5571895424836601 0.31985294117647056 0.5571895424836601 0.32015931372549017 0.5592320261437909 0.32659313725490197 0.5592320261437909 0.3272058823529412 0.5563725490196079 0.3293504901960784 0.5563725490196079 0.33486519607843135 0.6299019607843137 0.32598039215686275 0.6319444444444444 0.3232230392156863 0.6348039215686274 0.3232230392156863 0.6397058823529411 0.32077205882352944 0.6421568627450981 0.32138480392156865 0.6511437908496732 0.2659313725490196 0.6515522875816994 
2 0.6939338235294118 0.6458333333333334 0.6786151960784313 0.6458333333333334 0.6780024509803921 0.6450163398692811 0.6743259803921569 0.5776143790849673 0.6743259803921569 0.5723039215686274 0.6770833333333334 0.559640522875817 0.680453431372549 0.5678104575163399 0.6807598039215687 0.5743464052287581 0.6868872549019608 0.5776143790849673 0.7025122549019608 0.5780228758169934 0.7040441176470589 0.6454248366013072 0.6939338235294118 0.6458333333333334 
2 0.23100490196078433 0.6425653594771242 0.23008578431372548 0.6348039215686274 0.23008578431372548 0.5604575163398693 0.23069852941176472 0.573937908496732 0.23100490196078433 0.6425653594771242 
2 0.22273284313725492 0.5780228758169934 0.21476715686274508 0.5759803921568627 0.21599264705882354 0.5674019607843137 0.21384803921568626 0.5608660130718954 0.22273284313725492 0.5612745098039216 0.22273284313725492 0.5780228758169934 
2 0.4856004901960784 0.6507352941176471 0.48223039215686275 0.6507352941176471 0.4803921568627451 0.5800653594771242 0.48223039215686275 0.5808823529411765 0.4886642156862745 0.5776143790849673 0.49111519607843135 0.5694444444444444 0.5 0.5625 0.5049019607843137 0.5714869281045751 0.5098039215686274 0.5825163398692811 0.5162377450980392 0.579248366013072 0.5199142156862745 0.5743464052287581 0.5186887254901961 0.5678104575163399 0.5263480392156863 0.5625 0.5284926470588235 0.568218954248366 0.5260416666666666 0.5743464052287581 0.5183823529411765 0.5808823529411765 0.5171568627450981 0.5857843137254902 0.5171568627450981 0.5943627450980392 0.5300245098039216 0.5959967320261438 0.5361519607843137 0.5943627450980392 0.5389093137254902 0.5861928104575164 0.5428921568627451 0.5804738562091504 0.5517769607843137 0.573937908496732 0.5591299019607843 0.5718954248366013 0.5609681372549019 0.6413398692810458 0.5530024509803921 0.6454248366013072 0.5563725490196079 0.6397058823529411 0.5526960784313726 0.6356209150326797 0.553921568627451 0.627859477124183 0.5575980392156863 0.6229575163398693 0.5588235294117647 0.6127450980392157 0.5502450980392157 0.6090686274509803 0.5456495098039216 0.6151960784313726 0.5447303921568627 0.6196895424836601 0.5459558823529411 0.6213235294117647 0.5410539215686274 0.6245915032679739 0.5410539215686274 0.6311274509803921 0.5450367647058824 0.6319444444444444 0.5471813725490197 0.6409313725490197 0.5438112745098039 0.6474673202614379 0.5376838235294118 0.6474673202614379 0.5364583333333334 0.6495098039215687 0.4856004901960784 0.6507352941176471 
2 0.7175245098039216 0.6454248366013072 0.7153799019607843 0.6450163398692811 0.7129289215686274 0.5804738562091504 0.7159926470588235 0.5837418300653595 0.7181372549019608 0.6127450980392157 0.7261029411764706 0.6127450980392157 0.7245710784313726 0.5959967320261438 0.7313112745098039 0.5874183006535948 0.7371323529411765 0.5825163398692811 0.7371323529411765 0.5657679738562091 0.7420343137254902 0.5625 0.7484681372549019 0.5641339869281046 0.7512254901960784 0.5629084967320261 0.7533700980392157 0.6446078431372549 0.7175245098039216 0.6454248366013072 
2 0.9041053921568627 0.5800653594771242 0.9041053921568627 0.5784313725490197 0.9041053921568627 0.5800653594771242 
2 0.9077818627450981 0.6409313725490197 0.9065563725490197 0.6405228758169934 0.9044117647058824 0.6066176470588235 0.9044117647058824 0.5837418300653595 0.9077818627450981 0.6409313725490197 
2 0.22242647058823528 0.6372549019607843 0.22089460784313725 0.6343954248366013 0.21170343137254902 0.6286764705882353 0.2113970588235294 0.608251633986928 0.21476715686274508 0.6094771241830066 0.22273284313725492 0.5984477124183006 0.22242647058823528 0.6372549019607843 
2 0.8857230392156863 0.641748366013072 0.8829656862745098 0.641748366013072 0.8832720588235294 0.6319444444444444 0.8854166666666666 0.6368464052287581 0.8857230392156863 0.641748366013072 
2 0.8915441176470589 0.6413398692810458 0.8890931372549019 0.6413398692810458 0.8884803921568627 0.6384803921568627 0.8915441176470589 0.639297385620915 0.8915441176470589 0.6413398692810458 
2 0.36611519607843135 0.6593137254901961 0.3550857843137255 0.6593137254901961 0.35692401960784315 0.6560457516339869 0.3762254901960784 0.6540032679738562 0.3746936274509804 0.6589052287581699 0.36611519607843135 0.6593137254901961 
2 0.21476715686274508 0.7512254901960784 0.21384803921568626 0.7242647058823529 0.21384803921568626 0.7152777777777778 0.21476715686274508 0.7144607843137255 0.21476715686274508 0.7512254901960784 
2 0.1724877450980392 0.7561274509803921 0.1721813725490196 0.7430555555555556 0.19301470588235295 0.735702614379085 0.19301470588235295 0.747140522875817 0.18321078431372548 0.7463235294117647 0.1724877450980392 0.7561274509803921 
