0 0.566650390625 0.6967592592592593 0.546875 0.6888888888888889 0.525634765625 0.6731481481481482 0.509521484375 0.6587962962962963 0.5107421875 0.6574074074074074 0.521728515625 0.6671296296296296 0.5478515625 0.6856481481481481 0.566650390625 0.6916666666666667 0.566650390625 0.6967592592592593 
0 0.26513671875 0.6652777777777777 0.256103515625 0.6638888888888889 0.260009765625 0.6625 0.265625 0.663425925925926 0.26513671875 0.6652777777777777 
0 0.2724609375 0.6662037037037037 0.271240234375 0.6662037037037037 0.270751953125 0.6648148148148149 0.2724609375 0.6643518518518519 0.2724609375 0.6662037037037037 
0 0.282470703125 0.6675925925925926 0.277587890625 0.6671296296296296 0.276123046875 0.6657407407407407 0.28271484375 0.6657407407407407 0.282470703125 0.6675925925925926 
0 0.29443359375 0.6689814814814815 0.291748046875 0.6685185185185185 0.291748046875 0.6666666666666666 0.294677734375 0.6666666666666666 0.29443359375 0.6689814814814815 
0 0.333740234375 0.6708333333333333 0.30322265625 0.6703703703703704 0.302978515625 0.6675925925925926 0.330810546875 0.6689814814814815 0.333740234375 0.6694444444444444 0.333740234375 0.6708333333333333 
0 0.347412109375 0.6712962962962963 0.336669921875 0.6708333333333333 0.33642578125 0.6699074074074074 0.347412109375 0.6699074074074074 0.347412109375 0.6712962962962963 
0 0.390869140625 0.6768518518518518 0.374267578125 0.6754629629629629 0.353759765625 0.6712962962962963 0.36279296875 0.6703703703703704 0.3876953125 0.6736111111111112 0.390869140625 0.6768518518518518 
0 0.343994140625 0.6953703703703704 0.337158203125 0.6953703703703704 0.3369140625 0.6907407407407408 0.361328125 0.6893518518518519 0.361083984375 0.6925925925925925 0.35009765625 0.6930555555555555 0.343994140625 0.6953703703703704 
0 0.340576171875 0.700462962962963 0.339599609375 0.700462962962963 0.340576171875 0.700462962962963 
0 0.33837890625 0.7236111111111111 0.33642578125 0.7166666666666667 0.3369140625 0.7138888888888889 0.349609375 0.7055555555555556 0.3408203125 0.700462962962963 0.351318359375 0.7027777777777777 0.354736328125 0.7087962962962963 0.354248046875 0.7162037037037037 0.3447265625 0.7222222222222222 0.33837890625 0.7236111111111111 
0 0.606201171875 0.7134259259259259 0.604248046875 0.7125 0.60498046875 0.7074074074074074 0.6064453125 0.7078703703703704 0.606201171875 0.7134259259259259 
0 0.638427734375 0.7277777777777777 0.629638671875 0.7231481481481481 0.638427734375 0.7226851851851852 0.638427734375 0.7277777777777777 
0 0.679931640625 0.749537037037037 0.67138671875 0.7453703703703703 0.6796875 0.7416666666666667 0.679931640625 0.749537037037037 
0 0.084716796875 0.8375 0.05029296875 0.8361111111111111 0.034912109375 0.8194444444444444 0.0400390625 0.7958333333333333 0.04248046875 0.7930555555555555 0.056396484375 0.7791666666666667 0.0869140625 0.7662037037037037 0.092529296875 0.7726851851851851 0.065185546875 0.7828703703703703 0.054443359375 0.7912037037037037 0.0537109375 0.7930555555555555 0.054931640625 0.8032407407407407 0.073974609375 0.8092592592592592 0.114501953125 0.7935185185185185 0.123291015625 0.788425925925926 0.125 0.7893518518518519 0.134033203125 0.8032407407407407 0.132568359375 0.8236111111111111 0.084716796875 0.8375 
0 0.776123046875 0.7981481481481482 0.747314453125 0.7856481481481481 0.727294921875 0.775 0.726318359375 0.7736111111111111 0.742919921875 0.774537037037037 0.7666015625 0.7805555555555556 0.7783203125 0.7805555555555556 0.776123046875 0.7981481481481482 
0 0.903076171875 0.8495370370370371 0.881103515625 0.8425925925925926 0.787109375 0.8032407407407407 0.79443359375 0.7861111111111111 0.83203125 0.8037037037037037 0.891845703125 0.8287037037037037 0.893798828125 0.8319444444444445 0.892578125 0.8324074074074074 0.893798828125 0.8342592592592593 0.903076171875 0.8495370370370371 
1 0.391845703125 0.6722222222222223 0.384521484375 0.6694444444444444 0.384765625 0.6564814814814814 0.3837890625 0.6523148148148148 0.382080078125 0.6537037037037037 0.38134765625 0.6680555555555555 0.360595703125 0.6597222222222222 0.359375 0.649537037037037 0.3623046875 0.6388888888888888 0.39111328125 0.6337962962962963 0.39013671875 0.6462962962962963 0.382080078125 0.6476851851851851 0.388427734375 0.65 0.39208984375 0.6481481481481481 0.391845703125 0.6722222222222223 
5 0.999755859375 0.9041666666666667 0.934326171875 0.8689814814814815 0.902587890625 0.8490740740740741 0.892578125 0.8324074074074074 0.90625 0.8319444444444445 0.948974609375 0.8634259259259259 0.999755859375 0.8939814814814815 0.999755859375 0.9041666666666667 
2 0.134521484375 0.7949074074074074 0.11181640625 0.7824074074074074 0.1044921875 0.7759259259259259 0.091064453125 0.7708333333333334 0.0869140625 0.7662037037037037 0.056884765625 0.7773148148148148 0.0 0.763425925925926 0.001708984375 0.475 0.01708984375 0.475 0.02099609375 0.4722222222222222 0.0205078125 0.5458333333333333 0.080322265625 0.5537037037037037 0.07958984375 0.6027777777777777 0.1396484375 0.6097222222222223 0.1357421875 0.6810185185185185 0.140869140625 0.6810185185185185 0.14453125 0.6101851851851852 0.196044921875 0.6125 0.19677734375 0.6560185185185186 0.213623046875 0.6541666666666667 0.2158203125 0.6671296296296296 0.242431640625 0.6703703703703704 0.24267578125 0.6722222222222223 0.243896484375 0.6722222222222223 0.244140625 0.6708333333333333 0.256591796875 0.6722222222222223 0.2568359375 0.6782407407407407 0.31005859375 0.6787037037037037 0.310791015625 0.675 0.322998046875 0.6768518518518518 0.32177734375 0.6800925925925926 0.3369140625 0.6805555555555556 0.336669921875 0.7157407407407408 0.2392578125 0.7574074074074074 0.134521484375 0.7949074074074074 
2 0.067138671875 0.6430555555555556 0.014892578125 0.5958333333333333 0.013427734375 0.638425925925926 0.067138671875 0.6430555555555556 
2 0.418212890625 0.6407407407407407 0.4111328125 0.6398148148148148 0.41796875 0.6375 0.418212890625 0.6407407407407407 
2 0.423828125 0.6615740740740741 0.423583984375 0.6476851851851851 0.43017578125 0.6435185185185185 0.423828125 0.6421296296296296 0.423583984375 0.6398148148148148 0.43310546875 0.6430555555555556 0.43505859375 0.6513888888888889 0.432373046875 0.6555555555555556 0.423828125 0.6615740740740741 
2 0.39208984375 0.6685185185185185 0.391845703125 0.6601851851851852 0.392578125 0.6587962962962963 0.417724609375 0.65 0.417236328125 0.6638888888888889 0.39208984375 0.6685185185185185 
2 0.32373046875 0.6773148148148148 0.322998046875 0.6768518518518518 0.32421875 0.674074074074074 0.32373046875 0.6773148148148148 
