0 0.03308823529411765 0.5870098039215687 0.024509803921568627 0.5857843137254902 0.025122549019607844 0.5845588235294118 0.033394607843137254 0.5849673202614379 0.03308823529411765 0.5870098039215687 
0 0.04656862745098039 0.5886437908496732 0.035845588235294115 0.5874183006535948 0.03553921568627451 0.5857843137254902 0.04534313725490196 0.5857843137254902 0.04656862745098039 0.5866013071895425 0.04656862745098039 0.5886437908496732 
0 0.05575980392156863 0.5894607843137255 0.05361519607843137 0.5894607843137255 0.05330882352941176 0.5870098039215687 0.05667892156862745 0.5870098039215687 0.05575980392156863 0.5894607843137255 
0 0.07322303921568628 0.5910947712418301 0.0661764705882353 0.5902777777777778 0.06587009803921569 0.5886437908496732 0.0664828431372549 0.5874183006535948 0.07322303921568628 0.5882352941176471 0.07322303921568628 0.5910947712418301 
0 0.08272058823529412 0.5919117647058824 0.07598039215686274 0.5910947712418301 0.07567401960784313 0.5886437908496732 0.08272058823529412 0.5886437908496732 0.08272058823529412 0.5919117647058824 
0 0.43106617647058826 0.6376633986928104 0.4224877450980392 0.6352124183006536 0.4068627450980392 0.6348039215686274 0.3492647058823529 0.6290849673202614 0.3161764705882353 0.6245915032679739 0.22886029411764705 0.6119281045751634 0.1568627450980392 0.5992647058823529 0.08762254901960784 0.5923202614379085 0.08731617647058823 0.5906862745098039 0.08823529411764706 0.5890522875816994 0.12040441176470588 0.5915032679738562 0.16084558823529413 0.5964052287581699 0.23069852941176472 0.6086601307189542 0.28860294117647056 0.6147875816993464 0.43106617647058826 0.6327614379084967 0.43106617647058826 0.6376633986928104 
0 0.07199754901960784 0.6049836601307189 0.06556372549019608 0.6029411764705882 0.06525735294117647 0.6017156862745098 0.07230392156862746 0.6033496732026143 0.07199754901960784 0.6049836601307189 
0 0.08149509803921569 0.6074346405228758 0.07506127450980392 0.6058006535947712 0.07475490196078431 0.6045751633986928 0.08149509803921569 0.6058006535947712 0.08149509803921569 0.6074346405228758 
0 0.06862745098039216 0.6262254901960784 0.06495098039215687 0.6258169934640523 0.06464460784313726 0.6184640522875817 0.09589460784313726 0.6176470588235294 0.09497549019607843 0.6151960784313726 0.08639705882352941 0.6098856209150327 0.08670343137254902 0.6074346405228758 0.09834558823529412 0.613562091503268 0.10202205882352941 0.616421568627451 0.10263480392156862 0.6188725490196079 0.10202205882352941 0.6237745098039216 0.07935049019607843 0.6254084967320261 0.078125 0.6229575163398693 0.07536764705882353 0.6213235294117647 0.07322303921568628 0.6258169934640523 0.06862745098039216 0.6262254901960784 
0 0.051470588235294115 0.6270424836601307 0.051470588235294115 0.6196895424836601 0.05392156862745098 0.6188725490196079 0.05330882352941176 0.6266339869281046 0.051470588235294115 0.6270424836601307 
0 0.01715686274509804 0.6286764705882353 0.014399509803921568 0.6286764705882353 0.015012254901960785 0.6200980392156863 0.043198529411764705 0.6196895424836601 0.04105392156862745 0.6274509803921569 0.01715686274509804 0.6286764705882353 
0 0.046875 0.6270424836601307 0.04503676470588235 0.6270424836601307 0.044730392156862746 0.6262254901960784 0.04503676470588235 0.6225490196078431 0.047487745098039214 0.619281045751634 0.046875 0.6270424836601307 
0 0.0 0.6294934640522876 0.0 0.6205065359477124 0.010416666666666666 0.6209150326797386 0.01011029411764706 0.6286764705882353 0.0 0.6294934640522876 
0 0.44393382352941174 0.6388888888888888 0.43443627450980393 0.6380718954248366 0.4341299019607843 0.633578431372549 0.44393382352941174 0.6339869281045751 0.44393382352941174 0.6388888888888888 
0 0.4181985294117647 0.6470588235294118 0.41268382352941174 0.6470588235294118 0.39797794117647056 0.6421568627450981 0.39675245098039214 0.6401143790849673 0.39705882352941174 0.6372549019607843 0.39859068627450983 0.6339869281045751 0.4099264705882353 0.6368464052287581 0.41390931372549017 0.6401143790849673 0.4181985294117647 0.6470588235294118 
0 0.4632352941176471 0.6413398692810458 0.45036764705882354 0.6397058823529411 0.45006127450980393 0.6352124183006536 0.4632352941176471 0.6356209150326797 0.4632352941176471 0.6413398692810458 
0 0.49356617647058826 0.6450163398692811 0.47089460784313725 0.6425653594771242 0.47058823529411764 0.6372549019607843 0.49356617647058826 0.6450163398692811 
0 0.6056985294117647 0.6556372549019608 0.546875 0.6519607843137255 0.5992647058823529 0.6482843137254902 0.6056985294117647 0.6491013071895425 0.6056985294117647 0.6556372549019608 
0 0.6139705882352942 0.6560457516339869 0.6109068627450981 0.6556372549019608 0.6112132352941176 0.6495098039215687 0.6139705882352942 0.6503267973856209 0.6139705882352942 0.6560457516339869 
0 0.9996936274509803 0.9995915032679739 0.9981617647058824 0.9995915032679739 0.9862132352941176 0.9910130718954249 0.9151348039215687 0.9852941176470589 0.9090073529411765 0.9865196078431373 0.8658088235294118 0.9554738562091504 0.7132352941176471 0.8361928104575164 0.6418504901960784 0.7822712418300654 0.5888480392156863 0.744281045751634 0.5346200980392157 0.7071078431372549 0.5027573529411765 0.6899509803921569 0.4690563725490196 0.6740196078431373 0.44485294117647056 0.6605392156862745 0.4329044117647059 0.6576797385620915 0.4329044117647059 0.6552287581699346 0.4420955882352941 0.6523692810457516 0.4518995098039216 0.6544117647058824 0.48223039215686275 0.6666666666666666 0.5655637254901961 0.7046568627450981 0.5965073529411765 0.7205882352941176 0.7282475490196079 0.7990196078431373 0.9993872549019608 0.9689542483660131 0.9996936274509803 0.9995915032679739 
0 0.0 0.6948529411764706 0.0 0.6776960784313726 0.00980392156862745 0.6756535947712419 0.052083333333333336 0.6576797385620915 0.06924019607843138 0.6629901960784313 0.00980392156862745 0.6936274509803921 0.0 0.6948529411764706 
1 0.9996936274509803 0.6691176470588235 0.9574142156862745 0.6691176470588235 0.9561887254901961 0.627859477124183 0.9512867647058824 0.6254084967320261 0.7441789215686274 0.6397058823529411 0.7432598039215687 0.6209150326797386 0.7408088235294118 0.6147875816993464 0.6464460784313726 0.6205065359477124 0.6455269607843137 0.6045751633986928 0.6427696078431373 0.6041666666666666 0.6415441176470589 0.5020424836601307 0.7190563725490197 0.4660947712418301 0.7447916666666666 0.45751633986928103 0.7588848039215687 0.47630718954248363 0.7598039215686274 0.47630718954248363 0.9436274509803921 0.40604575163398693 0.9693627450980392 0.41830065359477125 0.9996936274509803 0.41830065359477125 0.9996936274509803 0.6691176470588235 
5 0.014093137254901961 0.6409313725490197 0.014093137254901961 0.6388888888888888 0.028186274509803922 0.6368464052287581 0.04044117647058824 0.6368464052287581 0.040747549019607844 0.6384803921568627 0.042279411764705885 0.6388888888888888 0.02665441176470588 0.6380718954248366 0.014093137254901961 0.6409313725490197 
5 0.046262254901960786 0.639297385620915 0.04442401960784314 0.639297385620915 0.044730392156862746 0.6368464052287581 0.04656862745098039 0.6376633986928104 0.046262254901960786 0.639297385620915 
5 0.05238970588235294 0.6401143790849673 0.050551470588235295 0.6401143790849673 0.0508578431372549 0.6376633986928104 0.05269607843137255 0.6384803921568627 0.05238970588235294 0.6401143790849673 
5 0.04411764705882353 0.639297385620915 0.0428921568627451 0.639297385620915 0.04411764705882353 0.639297385620915 
5 0.07383578431372549 0.6433823529411765 0.06372549019607843 0.641748366013072 0.06341911764705882 0.6409313725490197 0.06464460784313726 0.639297385620915 0.07352941176470588 0.6409313725490197 0.07383578431372549 0.6433823529411765 
5 0.0 0.6437908496732027 0.0 0.6409313725490197 0.009497549019607842 0.6401143790849673 0.008272058823529412 0.6421568627450981 0.0 0.6437908496732027 
5 0.06985294117647059 0.6625816993464052 0.06096813725490196 0.6601307189542484 0.07199754901960784 0.6544117647058824 0.08363970588235294 0.6454248366013072 0.08088235294117647 0.6446078431372549 0.08088235294117647 0.6429738562091504 0.09191176470588236 0.6466503267973857 0.09099264705882353 0.6495098039215687 0.06985294117647059 0.6625816993464052 
5 0.4325980392156863 0.6572712418300654 0.41329656862745096 0.6474673202614379 0.4185049019607843 0.6466503267973857 0.4371936274509804 0.6540032679738562 0.4332107843137255 0.6548202614379085 0.4325980392156863 0.6572712418300654 
5 0.5321691176470589 0.6499183006535948 0.53125 0.6499183006535948 0.5321691176470589 0.6499183006535948 
5 0.5373774509803921 0.6503267973856209 0.5343137254901961 0.6503267973856209 0.5373774509803921 0.6503267973856209 
5 0.5533088235294118 0.6515522875816994 0.5373774509803921 0.6507352941176471 0.5533088235294118 0.6515522875816994 
2 0.9996936274509803 0.801062091503268 0.680453431372549 0.6895424836601307 0.6142769607843137 0.6674836601307189 0.6139705882352942 0.6127450980392157 0.6112132352941176 0.6119281045751634 0.6118259803921569 0.6058006535947712 0.6188725490196079 0.6045751633986928 0.617953431372549 0.4930555555555556 0.6204044117647058 0.4922385620915033 0.6259191176470589 0.4877450980392157 0.6314338235294118 0.4758986928104575 0.6326593137254902 0.4673202614379085 0.6317401960784313 0.45669934640522875 0.6277573529411765 0.4452614379084967 0.6176470588235294 0.4387254901960784 0.617953431372549 0.42892156862745096 0.6277573529411765 0.4207516339869281 0.6326593137254902 0.4207516339869281 0.6329656862745098 0.4178921568627451 0.6427696078431373 0.4150326797385621 0.6501225490196079 0.4166666666666667 0.6516544117647058 0.4227941176470588 0.6550245098039216 0.4236111111111111 0.6559436274509803 0.4272875816993464 0.6593137254901961 0.4293300653594771 0.6605392156862745 0.43218954248366015 0.6645220588235294 0.4334150326797386 0.6657475490196079 0.4383169934640523 0.6706495098039216 0.44281045751633985 0.6697303921568627 0.44812091503267976 0.6611519607843137 0.4550653594771242 0.6620710784313726 0.4775326797385621 0.6565563725490197 0.46977124183006536 0.6510416666666666 0.46486928104575165 0.6470588235294118 0.4742647058823529 0.6418504901960784 0.4693627450980392 0.6400122549019608 0.4742647058823529 0.6409313725490197 0.48856209150326796 0.6439950980392157 0.5008169934640523 0.6415441176470589 0.5020424836601307 0.6427696078431373 0.6041666666666666 0.6455269607843137 0.6045751633986928 0.6464460784313726 0.6205065359477124 0.7408088235294118 0.6147875816993464 0.7432598039215687 0.6209150326797386 0.7441789215686274 0.6397058823529411 0.9512867647058824 0.6254084967320261 0.9561887254901961 0.6274509803921569 0.9574142156862745 0.6691176470588235 0.9996936274509803 0.6695261437908496 0.9996936274509803 0.801062091503268 
2 0.0070465686274509805 0.5833333333333334 0.003676470588235294 0.5477941176470589 0.0 0.5461601307189542 0.0 0.5261437908496732 0.009191176470588236 0.5277777777777778 0.01133578431372549 0.5298202614379085 0.011948529411764705 0.5322712418300654 0.0070465686274509805 0.5833333333333334 
