0 0.9996936274509803 0.9995915032679739 0.9175857843137255 0.9991830065359477 0.7674632352941176 0.8688725490196079 0.5692401960784313 0.7022058823529411 0.5235906862745098 0.6597222222222222 0.4852941176470588 0.6311274509803921 0.4803921568627451 0.6262254901960784 0.4788602941176471 0.6233660130718954 0.4803921568627451 0.6209150326797386 0.4852941176470588 0.6200980392156863 0.48223039215686275 0.6217320261437909 0.4849877450980392 0.6262254901960784 0.4996936274509804 0.6372549019607843 0.5444240196078431 0.6670751633986928 0.6568627450980392 0.7483660130718954 0.9996936274509803 0.9995915032679739 
0 0.3860294117647059 0.625 0.38419117647058826 0.625 0.38480392156862747 0.6225490196078431 0.3912377450980392 0.622140522875817 0.3915441176470588 0.6241830065359477 0.3860294117647059 0.625 
0 0.3759191176470588 0.6266339869281046 0.3759191176470588 0.6245915032679739 0.37745098039215685 0.625 0.3759191176470588 0.6266339869281046 
0 0.3743872549019608 0.6266339869281046 0.3700980392156863 0.6266339869281046 0.3694852941176471 0.6258169934640523 0.3743872549019608 0.625 0.3743872549019608 0.6266339869281046 
0 0.3648897058823529 0.6311274509803921 0.36151960784313725 0.6303104575163399 0.37346813725490197 0.6282679738562091 0.39736519607843135 0.6274509803921569 0.39797794117647056 0.6290849673202614 0.39767156862745096 0.630718954248366 0.3648897058823529 0.6311274509803921 
0 0.3556985294117647 0.6413398692810458 0.3541666666666667 0.6413398692810458 0.3560049019607843 0.6401143790849673 0.3560049019607843 0.6368464052287581 0.36825980392156865 0.6348039215686274 0.3746936274509804 0.6323529411764706 0.3792892156862745 0.6319444444444444 0.38112745098039214 0.6348039215686274 0.3795955882352941 0.6360294117647058 0.3556985294117647 0.6413398692810458 
0 0.43075980392156865 0.6491013071895425 0.4221813725490196 0.6478758169934641 0.40808823529411764 0.6486928104575164 0.40778186274509803 0.6437908496732027 0.43535539215686275 0.6437908496732027 0.4378063725490196 0.6441993464052288 0.43903186274509803 0.6470588235294118 0.43903186274509803 0.6486928104575164 0.43075980392156865 0.6491013071895425 
0 0.39797794117647056 0.6495098039215687 0.3961397058823529 0.6482843137254902 0.39675245098039214 0.6462418300653595 0.40042892156862747 0.6437908496732027 0.40471813725490197 0.6437908496732027 0.40471813725490197 0.6486928104575164 0.39797794117647056 0.6495098039215687 
0 0.40349264705882354 0.6580882352941176 0.4013480392156863 0.6540032679738562 0.40471813725490197 0.6527777777777778 0.40410539215686275 0.6564542483660131 0.4053308823529412 0.6572712418300654 0.40778186274509803 0.6568627450980392 0.40839460784313725 0.6564542483660131 0.40808823529411764 0.6515522875816994 0.4270833333333333 0.6495098039215687 0.43014705882352944 0.6499183006535948 0.4319852941176471 0.6523692810457516 0.43137254901960786 0.6556372549019608 0.42861519607843135 0.6564542483660131 0.40349264705882354 0.6580882352941176 
0 0.0 0.7418300653594772 0.0 0.7267156862745098 0.12285539215686274 0.6968954248366013 0.29411764705882354 0.6519607843137255 0.2981004901960784 0.6568627450980392 0.14675245098039216 0.7009803921568627 0.0 0.7418300653594772 
5 0.29871323529411764 0.6572712418300654 0.29411764705882354 0.6523692810457516 0.3477328431372549 0.6405228758169934 0.3553921568627451 0.6368464052287581 0.35631127450980393 0.6384803921568627 0.3560049019607843 0.6401143790849673 0.35355392156862747 0.641748366013072 0.31525735294117646 0.6515522875816994 0.29871323529411764 0.6572712418300654 
2 0.45986519607843135 0.6168300653594772 0.4574142156862745 0.6168300653594772 0.4577205882352941 0.6074346405228758 0.4681372549019608 0.6078431372549019 0.4681372549019608 0.6160130718954249 0.45986519607843135 0.6168300653594772 
