0 0.48681640625 0.6449074074074074 0.486572265625 0.6407407407407407 0.514404296875 0.6305555555555555 0.514404296875 0.6337962962962963 0.48681640625 0.6449074074074074 
0 0.4775390625 0.6486111111111111 0.4765625 0.6486111111111111 0.476806640625 0.6444444444444445 0.484619140625 0.6421296296296296 0.484375 0.6458333333333334 0.4775390625 0.6486111111111111 
0 0.375732421875 0.6731481481481482 0.37548828125 0.6703703703703704 0.377685546875 0.6694444444444444 0.400390625 0.6685185185185185 0.434814453125 0.6611111111111111 0.47412109375 0.6462962962962963 0.473876953125 0.65 0.43896484375 0.663425925925926 0.4150390625 0.6685185185185185 0.375732421875 0.6731481481481482 
0 0.805419921875 0.6518518518518519 0.801025390625 0.6518518518518519 0.80078125 0.649074074074074 0.805419921875 0.6486111111111111 0.805419921875 0.6518518518518519 
0 0.763916015625 0.6527777777777778 0.72021484375 0.6527777777777778 0.719482421875 0.6504629629629629 0.7294921875 0.649537037037037 0.7314453125 0.6523148148148148 0.7314453125 0.649537037037037 0.747314453125 0.649074074074074 0.74755859375 0.6509259259259259 0.748779296875 0.6509259259259259 0.7490234375 0.649074074074074 0.76416015625 0.649074074074074 0.763916015625 0.6527777777777778 
0 0.78271484375 0.6523148148148148 0.774658203125 0.6523148148148148 0.774169921875 0.649537037037037 0.787353515625 0.649537037037037 0.787353515625 0.6518518518518519 0.78271484375 0.6523148148148148 
0 0.678466796875 0.6546296296296297 0.67431640625 0.6527777777777778 0.677978515625 0.65 0.68505859375 0.65 0.685546875 0.6523148148148148 0.685546875 0.6541666666666667 0.678466796875 0.6546296296296297 
0 0.697998046875 0.6537037037037037 0.69140625 0.6537037037037037 0.695556640625 0.65 0.700439453125 0.65 0.70068359375 0.6523148148148148 0.701904296875 0.6523148148148148 0.701904296875 0.65 0.717041015625 0.65 0.71826171875 0.6532407407407408 0.697998046875 0.6537037037037037 
0 0.617919921875 0.6550925925925926 0.615966796875 0.6546296296296297 0.62158203125 0.6541666666666667 0.617919921875 0.6550925925925926 
0 0.59423828125 0.6574074074074074 0.5849609375 0.6574074074074074 0.58447265625 0.6560185185185186 0.595947265625 0.6546296296296297 0.595947265625 0.6569444444444444 0.59423828125 0.6574074074074074 
0 0.604248046875 0.6569444444444444 0.59814453125 0.6569444444444444 0.597900390625 0.6546296296296297 0.610595703125 0.6546296296296297 0.610595703125 0.6560185185185186 0.604248046875 0.6569444444444444 
0 0.5751953125 0.663425925925926 0.57080078125 0.663425925925926 0.5703125 0.6606481481481481 0.578125 0.6587962962962963 0.578125 0.6615740740740741 0.5751953125 0.663425925925926 
0 0.4970703125 0.6666666666666666 0.47705078125 0.6611111111111111 0.476806640625 0.6592592592592592 0.482666015625 0.6587962962962963 0.488525390625 0.6620370370370371 0.4951171875 0.662962962962963 0.499267578125 0.662962962962963 0.51318359375 0.6587962962962963 0.517578125 0.6606481481481481 0.5302734375 0.6611111111111111 0.5302734375 0.663425925925926 0.5078125 0.6620370370370371 0.4970703125 0.6666666666666666 
0 0.560546875 0.663425925925926 0.53369140625 0.663425925925926 0.533447265625 0.6611111111111111 0.560546875 0.6606481481481481 0.560546875 0.663425925925926 
0 0.8662109375 0.6652777777777777 0.85693359375 0.6652777777777777 0.856689453125 0.6620370370370371 0.867919921875 0.6615740740740741 0.8662109375 0.6652777777777777 
0 0.690673828125 0.6833333333333333 0.689697265625 0.6833333333333333 0.690185546875 0.6796296296296296 0.71728515625 0.675 0.707763671875 0.6712962962962963 0.690185546875 0.6712962962962963 0.690185546875 0.6671296296296296 0.794921875 0.6666666666666666 0.79443359375 0.6699074074074074 0.792236328125 0.6703703703703704 0.712890625 0.6708333333333333 0.718505859375 0.6731481481481482 0.7197265625 0.675 0.7197265625 0.6782407407407407 0.70703125 0.6814814814814815 0.690673828125 0.6833333333333333 
0 0.8046875 0.6699074074074074 0.80078125 0.6699074074074074 0.80029296875 0.6666666666666666 0.819091796875 0.6666666666666666 0.8173828125 0.6694444444444444 0.8046875 0.6699074074074074 
0 0.679443359375 0.6722222222222223 0.5986328125 0.6717592592592593 0.598388671875 0.6703703703703704 0.68505859375 0.6680555555555555 0.684814453125 0.6717592592592593 0.679443359375 0.6722222222222223 
0 0.3369140625 0.6759259259259259 0.335693359375 0.6759259259259259 0.3359375 0.6722222222222223 0.373291015625 0.6703703703703704 0.373291015625 0.6731481481481482 0.3369140625 0.6759259259259259 
0 0.588134765625 0.6726851851851852 0.586181640625 0.6726851851851852 0.585693359375 0.6708333333333333 0.596435546875 0.6703703703703704 0.596435546875 0.6717592592592593 0.588134765625 0.6726851851851852 
0 0.5712890625 0.674074074074074 0.571044921875 0.6703703703703704 0.578857421875 0.6712962962962963 0.578857421875 0.6731481481481482 0.5712890625 0.674074074074074 
0 0.48681640625 0.6777777777777778 0.479248046875 0.6777777777777778 0.47900390625 0.674074074074074 0.560546875 0.6712962962962963 0.560546875 0.674074074074074 0.559326171875 0.674537037037037 0.48681640625 0.6777777777777778 
0 0.445068359375 0.6796296296296296 0.439208984375 0.6796296296296296 0.43896484375 0.6768518518518518 0.47119140625 0.674537037037037 0.47119140625 0.6782407407407407 0.445068359375 0.6796296296296296 
0 0.28662109375 0.6842592592592592 0.255859375 0.6842592592592592 0.255615234375 0.6814814814814815 0.3056640625 0.6754629629629629 0.30810546875 0.6787037037037037 0.286865234375 0.6810185185185185 0.28662109375 0.6842592592592592 
0 0.417236328125 0.6814814814814815 0.413818359375 0.6777777777777778 0.430908203125 0.6773148148148148 0.4306640625 0.6800925925925926 0.417236328125 0.6814814814814815 
0 0.662353515625 0.6865740740740741 0.65771484375 0.6865740740740741 0.654052734375 0.6828703703703703 0.6845703125 0.6805555555555556 0.684326171875 0.6837962962962963 0.662353515625 0.6865740740740741 
0 0.17333984375 0.6962962962962963 0.16015625 0.6939814814814815 0.152099609375 0.6944444444444444 0.15185546875 0.6902777777777778 0.190673828125 0.6851851851851852 0.203125 0.6861111111111111 0.24853515625 0.6819444444444445 0.24853515625 0.6851851851851852 0.246826171875 0.6856481481481481 0.2236328125 0.6851851851851852 0.221923828125 0.6875 0.220947265625 0.6861111111111111 0.2041015625 0.687037037037037 0.200439453125 0.6902777777777778 0.19287109375 0.6930555555555555 0.17333984375 0.6962962962962963 
0 0.572265625 0.6972222222222222 0.571533203125 0.6972222222222222 0.571533203125 0.6935185185185185 0.572265625 0.6925925925925925 0.596923828125 0.687037037037037 0.596923828125 0.6912037037037037 0.572265625 0.6972222222222222 
0 0.599365234375 0.6893518518518519 0.599609375 0.687962962962963 0.599365234375 0.6893518518518519 
0 0.8046875 0.6981481481481482 0.802490234375 0.6981481481481482 0.802001953125 0.6944444444444444 0.85205078125 0.6884259259259259 0.852783203125 0.6907407407407408 0.852783203125 0.6930555555555555 0.8046875 0.6981481481481482 
0 0.02294921875 0.7037037037037037 0.018310546875 0.7037037037037037 0.01806640625 0.7018518518518518 0.02880859375 0.7013888888888888 0.0302734375 0.6981481481481482 0.033447265625 0.6976851851851852 0.056640625 0.6972222222222222 0.145263671875 0.6902777777777778 0.1474609375 0.6902777777777778 0.147705078125 0.6916666666666667 0.147705078125 0.6949074074074074 0.127685546875 0.6972222222222222 0.103271484375 0.6976851851851852 0.02294921875 0.7037037037037037 
0 0.371826171875 0.6990740740740741 0.3583984375 0.6981481481481482 0.358154296875 0.6949074074074074 0.373291015625 0.6916666666666667 0.372802734375 0.6930555555555555 0.36572265625 0.6944444444444444 0.37255859375 0.6944444444444444 0.371826171875 0.6990740740740741 
0 0.537353515625 0.7023148148148148 0.518798828125 0.7023148148148148 0.5185546875 0.6990740740740741 0.539306640625 0.6986111111111111 0.56494140625 0.6944444444444444 0.564697265625 0.6986111111111111 0.5634765625 0.6990740740740741 0.537353515625 0.7023148148148148 
0 0.671142578125 0.712037037037037 0.668212890625 0.712037037037037 0.6689453125 0.7069444444444445 0.795654296875 0.6944444444444444 0.799072265625 0.6944444444444444 0.79931640625 0.6958333333333333 0.79931640625 0.6986111111111111 0.7958984375 0.6990740740740741 0.671142578125 0.712037037037037 
0 0.015625 0.7041666666666667 0.0126953125 0.7041666666666667 0.015625 0.7018518518518518 0.015625 0.7041666666666667 
0 0.444580078125 0.7097222222222223 0.44091796875 0.7097222222222223 0.439453125 0.7064814814814815 0.4541015625 0.7032407407407407 0.467529296875 0.7037037037037037 0.467529296875 0.7069444444444445 0.444580078125 0.7097222222222223 
0 0.0 0.7129629629629629 0.0 0.7083333333333334 0.01611328125 0.7087962962962963 0.0400390625 0.7060185185185185 0.049560546875 0.7064814814814815 0.049072265625 0.7097222222222223 0.0 0.7129629629629629 
0 0.1748046875 0.7152777777777778 0.1748046875 0.7087962962962963 0.1904296875 0.7078703703703704 0.1923828125 0.7106481481481481 0.1943359375 0.7078703703703704 0.19873046875 0.7078703703703704 0.198486328125 0.7138888888888889 0.1748046875 0.7152777777777778 
0 0.35205078125 0.7180555555555556 0.33984375 0.7171296296296297 0.339599609375 0.7125 0.374755859375 0.7125 0.4296875 0.7078703703703704 0.42919921875 0.711574074074074 0.35205078125 0.7180555555555556 
0 0.0 0.7953703703703704 0.0 0.7791666666666667 0.25537109375 0.7421296296296296 0.3720703125 0.7305555555555555 0.570556640625 0.7162037037037037 0.60302734375 0.7129629629629629 0.602294921875 0.7189814814814814 0.599853515625 0.7194444444444444 0.57373046875 0.7199074074074074 0.48046875 0.7287037037037037 0.36279296875 0.737037037037037 0.2646484375 0.7486111111111111 0.11669921875 0.7726851851851851 0.0 0.7953703703703704 
0 0.2431640625 0.7291666666666666 0.239990234375 0.7291666666666666 0.241455078125 0.7236111111111111 0.27490234375 0.7203703703703703 0.2744140625 0.7245370370370371 0.2431640625 0.7291666666666666 
0 0.159912109375 0.7351851851851852 0.15234375 0.7351851851851852 0.152099609375 0.7287037037037037 0.197998046875 0.7263888888888889 0.198974609375 0.7273148148148149 0.19921875 0.7296296296296296 0.19921875 0.7328703703703704 0.1962890625 0.7333333333333333 0.159912109375 0.7351851851851852 
0 0.068603515625 0.7375 0.029541015625 0.7361111111111112 0.029296875 0.7310185185185185 0.05078125 0.7296296296296296 0.052001953125 0.7314814814814815 0.097412109375 0.7314814814814815 0.14306640625 0.7287037037037037 0.148193359375 0.7287037037037037 0.1484375 0.7305555555555555 0.1484375 0.7356481481481482 0.068603515625 0.7375 
0 0.999755859375 0.999537037037037 0.99267578125 0.9967592592592592 0.96337890625 0.9777777777777777 0.841796875 0.8949074074074074 0.795654296875 0.8629629629629629 0.745361328125 0.8236111111111111 0.717529296875 0.7953703703703704 0.7138671875 0.7837962962962963 0.7138671875 0.7754629629629629 0.717529296875 0.7652777777777777 0.72412109375 0.7611111111111111 0.7275390625 0.7606481481481482 0.721435546875 0.7703703703703704 0.723388671875 0.7754629629629629 0.729736328125 0.7833333333333333 0.750732421875 0.799537037037037 0.78125 0.8203703703703704 0.999755859375 0.950462962962963 0.999755859375 0.999537037037037 
