0 0.33371913580246915 0.36419753086419754 0.33371913580246915 0.3626543209876543 0.33834876543209874 0.36059670781893005 0.33371913580246915 0.36419753086419754 
0 0.3175154320987654 0.37191358024691357 0.3136574074074074 0.37037037037037035 0.3256172839506173 0.3662551440329218 0.3256172839506173 0.3683127572016461 0.3175154320987654 0.37191358024691357 
0 0.27546296296296297 0.382201646090535 0.2762345679012346 0.37911522633744854 0.30439814814814814 0.3734567901234568 0.30439814814814814 0.375 0.3028549382716049 0.37551440329218105 0.27546296296296297 0.382201646090535 
0 0.0 0.44598765432098764 0.0 0.4398148148148148 0.27199074074074076 0.38065843621399176 0.27121913580246915 0.38323045267489714 0.2195216049382716 0.39351851851851855 0.1697530864197531 0.40689300411522633 0.06905864197530864 0.42901234567901236 0.0 0.44598765432098764 
0 0.24189814814814814 0.4254115226337449 0.24035493827160495 0.4254115226337449 0.2662037037037037 0.4104938271604938 0.2716049382716049 0.4089506172839506 0.25462962962962965 0.4207818930041152 0.24189814814814814 0.4254115226337449 
0 0.24035493827160495 0.42592592592592593 0.23919753086419754 0.42592592592592593 0.24035493827160495 0.42592592592592593 
0 0.23919753086419754 0.426440329218107 0.23804012345679013 0.426440329218107 0.23919753086419754 0.426440329218107 
0 0.20833333333333334 0.44753086419753085 0.20987654320987653 0.44084362139917693 0.2195216049382716 0.43621399176954734 0.20833333333333334 0.44753086419753085 
0 0.7202932098765432 0.49074074074074076 0.7129629629629629 0.4881687242798354 0.7249228395061729 0.4722222222222222 0.8317901234567902 0.4547325102880658 0.9039351851851852 0.4454732510288066 0.9996141975308642 0.43775720164609055 0.9996141975308642 0.4593621399176955 0.8634259259259259 0.47170781893004116 0.8348765432098766 0.4794238683127572 0.7202932098765432 0.49074074074074076 
0 0.9297839506172839 0.6970164609053497 0.9286265432098766 0.6970164609053497 0.9297839506172839 0.6970164609053497 
0 0.9035493827160493 0.7114197530864198 0.9058641975308642 0.7037037037037037 0.9286265432098766 0.6975308641975309 0.9035493827160493 0.7114197530864198 
0 0.8522376543209876 0.7366255144032922 0.8487654320987654 0.7366255144032922 0.8452932098765432 0.7335390946502057 0.8344907407407407 0.7350823045267489 0.8368055555555556 0.7283950617283951 0.839891975308642 0.7263374485596708 0.8942901234567902 0.7093621399176955 0.9012345679012346 0.7129629629629629 0.8692129629629629 0.7340534979423868 0.8522376543209876 0.7366255144032922 
0 0.7546296296296297 0.7407407407407407 0.7530864197530864 0.7407407407407407 0.7523148148148148 0.7391975308641975 0.7816358024691358 0.7376543209876543 0.7816358024691358 0.7402263374485597 0.7685185185185185 0.7381687242798354 0.7546296296296297 0.7407407407407407 
0 0.7804783950617284 0.7510288065843621 0.7696759259259259 0.7510288065843621 0.7808641975308642 0.75 0.7804783950617284 0.7510288065843621 
5 0.47878086419753085 0.5180041152263375 0.4737654320987654 0.5180041152263375 0.47762345679012347 0.5118312757201646 0.5698302469135802 0.5020576131687243 0.6520061728395061 0.4912551440329218 0.683641975308642 0.4881687242798354 0.6851851851851852 0.4933127572016461 0.6844135802469136 0.49588477366255146 0.6300154320987654 0.5010288065843621 0.5833333333333334 0.5082304526748971 0.47878086419753085 0.5180041152263375 
5 0.16358024691358025 0.9994855967078189 0.07330246913580248 0.9994855967078189 0.08333333333333333 0.9917695473251029 0.2604166666666667 0.9063786008230452 0.40162037037037035 0.8359053497942387 0.5794753086419753 0.7746913580246914 0.7210648148148148 0.7453703703703703 0.7685185185185185 0.7381687242798354 0.7816358024691358 0.7407407407407407 0.7808641975308642 0.75 0.753858024691358 0.7515432098765432 0.6003086419753086 0.7896090534979424 0.40316358024691357 0.8667695473251029 0.3082561728395062 0.9079218106995884 0.16358024691358025 0.9994855967078189 
