0 0.5454081632653062 0.7109800362976406 0.5413265306122449 0.7068965517241379 0.5426020408163266 0.7055353901996371 0.5454081632653062 0.7091651542649727 0.550765306122449 0.7091651542649727 0.5510204081632653 0.7105263157894737 0.5454081632653062 0.7109800362976406 
0 0.5573979591836735 0.7259528130671506 0.5487244897959184 0.7164246823956443 0.5482142857142858 0.7141560798548094 0.5497448979591837 0.7137023593466425 0.5566326530612244 0.721415607985481 0.5576530612244898 0.7245916515426497 0.5573979591836735 0.7259528130671506 
0 0.5642857142857143 0.73502722323049 0.5591836734693878 0.7286751361161524 0.5622448979591836 0.7241379310344828 0.5670918367346939 0.7218693284936479 0.5625 0.7264065335753176 0.565561224489796 0.7318511796733213 0.5642857142857143 0.73502722323049 
0 0.5660714285714286 0.7372958257713249 0.5653061224489796 0.7368421052631579 0.5660714285714286 0.7372958257713249 
0 0.5670918367346939 0.7386569872958257 0.5663265306122449 0.7382032667876588 0.5670918367346939 0.7386569872958257 
0 0.5681122448979592 0.7400181488203267 0.5670918367346939 0.7391107078039928 0.5681122448979592 0.7400181488203267 
0 0.5755102040816327 0.75 0.5681122448979592 0.7404718693284936 0.573469387755102 0.7463702359346642 0.5752551020408163 0.7436479128856625 0.5775510204081633 0.7441016333938294 0.5755102040816327 0.75 
0 0.5808673469387755 0.7581669691470054 0.576530612244898 0.7522686025408348 0.5783163265306123 0.7518148820326679 0.5801020408163265 0.7481851179673321 0.5836734693877551 0.7540834845735027 0.5808673469387755 0.7581669691470054 
0 0.24209183673469387 0.7658802177858439 0.2288265306122449 0.7658802177858439 0.2288265306122449 0.7563520871143375 0.2556122448979592 0.7563520871143375 0.2512755102040816 0.765426497277677 0.24209183673469387 0.7658802177858439 
0 0.5928571428571429 0.7772232304900182 0.5867346938775511 0.7681488203266787 0.5887755102040816 0.7627041742286751 0.5931122448979592 0.7704174228675136 0.5928571428571429 0.7772232304900182 
0 0.621938775510204 0.8139745916515426 0.6160714285714286 0.8121597096188747 0.6025510204081632 0.794010889292196 0.6017857142857143 0.7817604355716878 0.6033163265306123 0.7790381125226861 0.6051020408163266 0.7790381125226861 0.6127551020408163 0.7826678765880217 0.6211734693877551 0.7894736842105263 0.6234693877551021 0.7931034482758621 0.627295918367347 0.8003629764065335 0.6275510204081632 0.808076225045372 0.621938775510204 0.8139745916515426 
0 0.2443877551020408 0.7994555353901996 0.22755102040816327 0.792649727767695 0.22755102040816327 0.7899274047186933 0.2451530612244898 0.792649727767695 0.2443877551020408 0.7994555353901996 
0 0.2221938775510204 0.8439201451905626 0.22448979591836735 0.8216878402903811 0.2451530612244898 0.8117059891107078 0.24642857142857144 0.8271324863883848 0.2221938775510204 0.8439201451905626 
0 0.8186224489795918 0.9995462794918331 0.7658163265306123 0.9995462794918331 0.6767857142857143 0.8852087114337568 0.6762755102040816 0.8843012704174229 0.6785714285714286 0.8734119782214156 0.6826530612244898 0.8656987295825771 0.6857142857142857 0.8634301270417423 0.690561224489796 0.8656987295825771 0.8186224489795918 0.9995462794918331 
1 0.9163265306122449 0.7209618874773139 0.9135204081632653 0.7028130671506352 0.9104591836734693 0.6964609800362976 0.9089285714285714 0.6728675136116152 0.9035714285714286 0.6724137931034483 0.9017857142857143 0.6501814882032668 0.8989795918367347 0.6501814882032668 0.9005102040816326 0.6960072595281307 0.8936224489795919 0.7005444646098004 0.8931122448979592 0.6846642468239564 0.8829081632653061 0.6783121597096189 0.8869897959183674 0.6724137931034483 0.8869897959183674 0.662431941923775 0.8920918367346938 0.6597096188747731 0.8954081632653061 0.6510889292196007 0.8875 0.647005444646098 0.8885204081632653 0.6424682395644283 0.8821428571428571 0.6356624319419237 0.8887755102040816 0.6338475499092558 0.8913265306122449 0.6279491833030852 0.8875 0.6202359346642469 0.8849489795918367 0.6088929219600726 0.8862244897959184 0.6025408348457351 0.9040816326530612 0.6016333938294011 0.9058673469387755 0.6079854809437386 0.911734693877551 0.6079854809437386 0.914030612244898 0.6206896551724138 0.9260204081632653 0.6220508166969148 0.9311224489795918 0.7146098003629764 0.922704081632653 0.707350272232305 0.9163265306122449 0.7209618874773139 
1 0.7201530612244897 0.7840290381125227 0.7117346938775511 0.7717785843920145 0.6747448979591837 0.7586206896551724 0.673469387755102 0.7572595281306715 0.673469387755102 0.7536297640653358 0.6704081632653062 0.7522686025408348 0.6698979591836735 0.7282214156079855 0.6686224489795919 0.7182395644283122 0.6663265306122449 0.7141560798548094 0.6693877551020408 0.7019056261343013 0.672704081632653 0.7000907441016334 0.672704081632653 0.6991833030852994 0.6711734693877551 0.6946460980036298 0.6627551020408163 0.6787658802177858 0.6655612244897959 0.675589836660617 0.6635204081632653 0.6715063520871143 0.6663265306122449 0.6674228675136116 0.6619897959183674 0.6642468239564429 0.664030612244898 0.661524500907441 0.6637755102040817 0.6560798548094374 0.6594387755102041 0.6551724137931034 0.6573979591836735 0.661524500907441 0.6579081632653061 0.6656079854809437 0.6528061224489796 0.6529038112522686 0.6505102040816326 0.6492740471869328 0.6474489795918368 0.6492740471869328 0.6459183673469387 0.6542649727767695 0.6456632653061225 0.645644283121597 0.6474489795918368 0.645644283121597 0.6540816326530612 0.6406533575317604 0.6614795918367347 0.6388384754990926 0.6630102040816327 0.6343012704174229 0.6834183673469387 0.6197822141560798 0.7058673469387755 0.6098003629764065 0.7224489795918367 0.6102540834845736 0.7313775510204081 0.6252268602540835 0.7323979591836735 0.6642468239564429 0.7438775510204082 0.7168784029038112 0.7696428571428572 0.7413793103448276 0.7765306122448979 0.764065335753176 0.7584183673469388 0.7604355716878403 0.7535714285714286 0.7581669691470054 0.7354591836734694 0.7581669691470054 0.7346938775510204 0.7803992740471869 0.7201530612244897 0.7840290381125227 
1 0.6413265306122449 0.6846642468239564 0.639795918367347 0.675589836660617 0.6372448979591837 0.676950998185118 0.6334183673469388 0.6760435571687841 0.6362244897959184 0.6733212341197822 0.6349489795918367 0.6692377495462795 0.636734693877551 0.6701451905626135 0.6372448979591837 0.6678765880217786 0.6346938775510204 0.6628856624319419 0.636734693877551 0.6565335753176044 0.6346938775510204 0.6524500907441017 0.6344387755102041 0.6474591651542649 0.6395408163265306 0.6451905626134301 0.6423469387755102 0.6460980036297641 0.6431122448979592 0.6833030852994555 0.6413265306122449 0.6846642468239564 
5 0.559438775510204 0.7282214156079855 0.5573979591836735 0.7254990925589837 0.5596938775510204 0.7264065335753176 0.559438775510204 0.7282214156079855 
5 0.6020408163265306 0.7862976406533575 0.5933673469387755 0.7767695099818511 0.5931122448979592 0.7726860254083484 0.6017857142857143 0.780852994555354 0.6020408163265306 0.7862976406533575 
5 0.6772959183673469 0.8802177858439202 0.6229591836734694 0.8130671506352087 0.6255102040816326 0.8103448275862069 0.6265306122448979 0.8107985480943739 0.6752551020408163 0.8706896551724138 0.6783163265306122 0.8752268602540835 0.6772959183673469 0.8802177858439202 
