0 0.5373062015503876 0.6217700258397932 0.5360949612403101 0.6211240310077519 0.5426356589147286 0.6211240310077519 0.5373062015503876 0.6217700258397932 
0 0.5503875968992248 0.6214470284237726 0.5477228682170543 0.6214470284237726 0.5501453488372093 0.6204780361757106 0.5503875968992248 0.6214470284237726 
0 0.5549903100775194 0.6211240310077519 0.5532945736434108 0.6211240310077519 0.5549903100775194 0.6211240310077519 
0 0.5680717054263565 0.6211240310077519 0.5571705426356589 0.6208010335917312 0.5680717054263565 0.6211240310077519 
0 0.5215600775193798 0.622093023255814 0.5065406976744186 0.622093023255814 0.5062984496124031 0.6211240310077519 0.5208333333333334 0.6208010335917312 0.5218023255813954 0.6214470284237726 0.5215600775193798 0.622093023255814 
0 0.5460271317829457 0.6214470284237726 0.5448158914728682 0.6211240310077519 0.5460271317829457 0.6214470284237726 
0 0.24612403100775193 0.7122093023255814 0.24297480620155038 0.7070413436692506 0.23812984496124032 0.7028423772609819 0.37330426356589147 0.6534237726098191 0.3873546511627907 0.6472868217054264 0.3875968992248062 0.6482558139534884 0.3873546511627907 0.6514857881136951 0.38347868217054265 0.6553617571059431 0.35295542635658916 0.6656976744186046 0.24612403100775193 0.7122093023255814 
0 0.18289728682170542 0.7383720930232558 0.1821705426356589 0.7377260981912145 0.18483527131782945 0.727390180878553 0.18459302325581395 0.7218992248062015 0.2003391472868217 0.7167312661498708 0.19937015503875968 0.7189922480620154 0.19840116279069767 0.7319121447028424 0.18289728682170542 0.7383720930232558 
0 0.10562015503875968 0.7703488372093024 0.11046511627906977 0.7596899224806202 0.11531007751937984 0.7596899224806202 0.1182170542635659 0.7648578811369509 0.10562015503875968 0.7703488372093024 
0 0.0 0.813953488372093 0.0 0.7910206718346253 0.038517441860465115 0.774547803617571 0.04869186046511628 0.7709948320413437 0.057897286821705425 0.7897286821705426 0.0 0.813953488372093 
2 0.8049903100775194 0.6682816537467701 0.7906976744186046 0.667312661498708 0.7931201550387597 0.6640826873385013 0.7933624031007752 0.6595607235142119 0.7969961240310077 0.6582687338501292 0.7979651162790697 0.6524547803617571 0.7962693798449613 0.6427648578811369 0.7938468992248062 0.6366279069767442 0.842296511627907 0.6385658914728682 0.8403585271317829 0.6666666666666666 0.8049903100775194 0.6682816537467701 
