0 0.26145833333333335 0.6305555555555555 0.2598958333333333 0.6305555555555555 0.2609375 0.6268518518518519 0.26145833333333335 0.6305555555555555 
0 0.28802083333333334 0.6370370370370371 0.2703125 0.6333333333333333 0.2682291666666667 0.6324074074074074 0.2677083333333333 0.6296296296296297 0.2890625 0.6324074074074074 0.28802083333333334 0.6370370370370371 
0 0.5135416666666667 0.6351851851851852 0.49635416666666665 0.6342592592592593 0.5010416666666667 0.6296296296296297 0.5135416666666667 0.6305555555555555 0.5135416666666667 0.6351851851851852 
0 0.5302083333333333 0.6620370370370371 0.41875 0.6537037037037037 0.434375 0.6481481481481481 0.5083333333333333 0.6518518518518519 0.5140625 0.6546296296296297 0.5260416666666666 0.6527777777777778 0.528125 0.6416666666666667 0.5317708333333333 0.6472222222222223 0.5302083333333333 0.6620370370370371 
0 0.3625 0.6564814814814814 0.35572916666666665 0.6546296296296297 0.3489583333333333 0.6453703703703704 0.3703125 0.6472222222222223 0.39166666666666666 0.6555555555555556 0.3625 0.6564814814814814 
0 0.178125 0.9990740740740741 0.033854166666666664 0.9990740740740741 0.1328125 0.9305555555555556 0.2875 0.7925925925925926 0.3494791666666667 0.7268518518518519 0.3609375 0.6851851851851852 0.3619791666666667 0.6861111111111111 0.365625 0.6981481481481482 0.3697916666666667 0.725 0.3651041666666667 0.7490740740740741 0.3609375 0.7564814814814815 0.29010416666666666 0.875 0.178125 0.9990740740740741 
5 0.49895833333333334 0.6351851851851852 0.44947916666666665 0.6351851851851852 0.4479166666666667 0.6314814814814815 0.49895833333333334 0.6305555555555555 0.49635416666666665 0.6342592592592593 0.49895833333333334 0.6351851851851852 
5 0.4453125 0.6342592592592593 0.4421875 0.6342592592592593 0.4453125 0.6314814814814815 0.4453125 0.6342592592592593 
5 0.421875 0.6555555555555556 0.3921875 0.6555555555555556 0.3828125 0.6518518518518519 0.425 0.6509259259259259 0.41875 0.6537037037037037 0.42916666666666664 0.6546296296296297 0.421875 0.6555555555555556 
2 0.15104166666666666 0.6444444444444445 0.12291666666666666 0.6444444444444445 0.12135416666666667 0.6305555555555555 0.11197916666666667 0.6333333333333333 0.109375 0.637962962962963 0.10885416666666667 0.6444444444444445 0.07864583333333333 0.6407407407407407 0.08645833333333333 0.6240740740740741 0.1 0.625 0.1046875 0.6203703703703703 0.10520833333333333 0.5981481481481481 0.09114583333333333 0.5796296296296296 0.18333333333333332 0.5925925925925926 0.1859375 0.5990740740740741 0.18645833333333334 0.5935185185185186 0.2203125 0.5990740740740741 0.221875 0.612037037037037 0.22083333333333333 0.6259259259259259 0.21666666666666667 0.6268518518518519 0.21666666666666667 0.6342592592592593 0.21458333333333332 0.637962962962963 0.19114583333333332 0.637962962962963 0.15104166666666666 0.6444444444444445 
2 0.47708333333333336 0.6259259259259259 0.4765625 0.6111111111111112 0.4890625 0.6111111111111112 0.490625 0.5972222222222222 0.49270833333333336 0.5953703703703703 0.4984375 0.6018518518518519 0.4984375 0.6175925925925926 0.49114583333333334 0.625 0.47708333333333336 0.6259259259259259 
2 0.4630208333333333 0.6268518518518519 0.45208333333333334 0.6268518518518519 0.453125 0.6212962962962963 0.45 0.6111111111111112 0.46145833333333336 0.6101851851851852 0.46197916666666666 0.600925925925926 0.4661458333333333 0.5990740740740741 0.4671875 0.6101851851851852 0.4739583333333333 0.6111111111111112 0.4739583333333333 0.6259259259259259 0.4630208333333333 0.6268518518518519 
2 0.0359375 0.6416666666666667 0.0125 0.6416666666666667 0.0140625 0.6342592592592593 0.010416666666666666 0.6194444444444445 0.013541666666666667 0.6083333333333333 0.025 0.6351851851851852 0.0359375 0.6416666666666667 
