0 0.4543504901960784 0.5947712418300654 0.4518995098039216 0.5947712418300654 0.45128676470588236 0.5898692810457516 0.4564950980392157 0.5849673202614379 0.4574142156862745 0.5861928104575164 0.4564950980392157 0.5910947712418301 0.4543504901960784 0.5947712418300654 
0 0.44699754901960786 0.6041666666666666 0.44332107843137253 0.6029411764705882 0.4424019607843137 0.5980392156862745 0.4491421568627451 0.5915032679738562 0.45128676470588236 0.5931372549019608 0.4522058823529412 0.5976307189542484 0.44699754901960786 0.6041666666666666 
0 0.3318014705882353 0.6168300653594772 0.33578431372549017 0.6123366013071896 0.3327205882352941 0.6074346405228758 0.33026960784313725 0.6013071895424836 0.33118872549019607 0.6004901960784313 0.3425245098039216 0.5984477124183006 0.3477328431372549 0.6090686274509803 0.34957107843137253 0.6098856209150327 0.3318014705882353 0.6168300653594772 
0 0.40042892156862747 0.6450163398692811 0.3915441176470588 0.6437908496732027 0.39705882352941174 0.627859477124183 0.4332107843137255 0.6045751633986928 0.4375 0.6062091503267973 0.4381127450980392 0.6127450980392157 0.40778186274509803 0.6372549019607843 0.40042892156862747 0.6450163398692811 
0 0.0 0.7389705882352942 0.00030637254901960784 0.6858660130718954 0.13848039215686275 0.6503267973856209 0.2496936274509804 0.6241830065359477 0.25183823529411764 0.6245915032679739 0.25857843137254904 0.6311274509803921 0.2702205882352941 0.6331699346405228 0.28125 0.630718954248366 0.29442401960784315 0.6311274509803921 0.25306372549019607 0.6470588235294118 0.0 0.7389705882352942 
0 0.09068627450980392 0.8966503267973857 0.00030637254901960784 0.8941993464052288 0.0 0.8774509803921569 0.22242647058823528 0.7373366013071896 0.36703431372549017 0.6491013071895425 0.3786764705882353 0.6384803921568627 0.3863357843137255 0.6405228758169934 0.3900122549019608 0.6482843137254902 0.3909313725490196 0.6515522875816994 0.3746936274509804 0.6674836601307189 0.32506127450980393 0.7062908496732027 0.15747549019607843 0.8468137254901961 0.09068627450980392 0.8966503267973857 
1 0.5674019607843137 0.5902777777777778 0.5634191176470589 0.5890522875816994 0.5658700980392157 0.568218954248366 0.5664828431372549 0.5661764705882353 0.5713848039215687 0.5641339869281046 0.5747549019607843 0.5678104575163399 0.5765931372549019 0.5718954248366013 0.5738357843137255 0.5743464052287581 0.5750612745098039 0.5829248366013072 0.5747549019607843 0.5882352941176471 0.5674019607843137 0.5902777777777778 
1 0.3547794117647059 0.6111111111111112 0.3483455882352941 0.6094771241830066 0.3431372549019608 0.5996732026143791 0.3403799019607843 0.5968137254901961 0.3400735294117647 0.5866013071895425 0.34129901960784315 0.5727124183006536 0.35049019607843135 0.5747549019607843 0.35753676470588236 0.5731209150326797 0.3645833333333333 0.5788398692810458 0.36887254901960786 0.5788398692810458 0.38174019607843135 0.5755718954248366 0.40410539215686275 0.573937908496732 0.4065563725490196 0.5731209150326797 0.40808823529411764 0.5694444444444444 0.4102328431372549 0.5698529411764706 0.4111519607843137 0.5890522875816994 0.4016544117647059 0.5955882352941176 0.38909313725490197 0.6017156862745098 0.3547794117647059 0.6111111111111112 
5 0.4378063725490196 0.6139705882352942 0.4375 0.6062091503267973 0.4338235294117647 0.6049836601307189 0.4420955882352941 0.5980392156862745 0.44332107843137253 0.6029411764705882 0.44699754901960786 0.6053921568627451 0.4378063725490196 0.6139705882352942 
5 0.3915441176470588 0.6511437908496732 0.3866421568627451 0.6413398692810458 0.38388480392156865 0.6401143790849673 0.3949142156862745 0.6331699346405228 0.3915441176470588 0.6437908496732027 0.39981617647058826 0.6450163398692811 0.3915441176470588 0.6511437908496732 
