0 0.7009803921568627 0.6013071895424836 0.6822916666666666 0.6013071895424836 0.6819852941176471 0.5992647058823529 0.7009803921568627 0.5988562091503268 0.7009803921568627 0.6013071895424836 
0 0.24816176470588236 0.6139705882352942 0.24295343137254902 0.6139705882352942 0.24724264705882354 0.6111111111111112 0.24724264705882354 0.6090686274509803 0.2610294117647059 0.6090686274509803 0.26256127450980393 0.6074346405228758 0.3075980392156863 0.6074346405228758 0.3079044117647059 0.6115196078431373 0.3079044117647059 0.6127450980392157 0.24816176470588236 0.6139705882352942 
0 0.6268382352941176 0.6111111111111112 0.6130514705882353 0.6111111111111112 0.6063112745098039 0.6094771241830066 0.6240808823529411 0.6074346405228758 0.6645220588235294 0.6078431372549019 0.663296568627451 0.6094771241830066 0.6268382352941176 0.6111111111111112 
0 0.5799632352941176 0.616421568627451 0.5827205882352942 0.6131535947712419 0.5827205882352942 0.6143790849673203 0.5799632352941176 0.616421568627451 
0 0.9996936274509803 0.684640522875817 0.8075980392156863 0.6548202614379085 0.7172181372549019 0.6380718954248366 0.6807598039215687 0.6245915032679739 0.6792279411764706 0.6213235294117647 0.6844362745098039 0.619281045751634 0.6847426470588235 0.6225490196078431 0.6884191176470589 0.6225490196078431 0.6985294117647058 0.6262254901960784 0.7349877450980392 0.6348039215686274 0.8792892156862745 0.6584967320261438 0.9996936274509803 0.6727941176470589 0.9996936274509803 0.684640522875817 
0 0.569546568627451 0.6229575163398693 0.5664828431372549 0.6225490196078431 0.5723039215686274 0.6205065359477124 0.569546568627451 0.6229575163398693 
0 0.0 0.673202614379085 0.0 0.6642156862745098 0.08639705882352941 0.6491013071895425 0.20955882352941177 0.6323529411764706 0.30575980392156865 0.6233660130718954 0.3088235294117647 0.6233660130718954 0.31004901960784315 0.627859477124183 0.2702205882352941 0.630718954248366 0.21384803921568626 0.6376633986928104 0.1056985294117647 0.6544117647058824 0.0 0.673202614379085 
0 0.09650735294117647 0.6319444444444444 0.0940563725490196 0.6315359477124183 0.09497549019607843 0.6299019607843137 0.11090686274509803 0.6303104575163399 0.09650735294117647 0.6319444444444444 
0 0.0 0.6429738562091504 0.0 0.6376633986928104 0.07935049019607843 0.630718954248366 0.08057598039215687 0.630718954248366 0.08149509803921569 0.633578431372549 0.0 0.6429738562091504 
1 0.2610294117647059 0.6090686274509803 0.24693627450980393 0.6090686274509803 0.24601715686274508 0.6029411764705882 0.24325980392156862 0.6021241830065359 0.24387254901960784 0.5821078431372549 0.26868872549019607 0.5821078431372549 0.3112745098039216 0.5861928104575164 0.31004901960784315 0.5972222222222222 0.3085171568627451 0.5976307189542484 0.3072916666666667 0.6037581699346405 0.3075980392156863 0.6074346405228758 0.26256127450980393 0.6074346405228758 0.2610294117647059 0.6090686274509803 
1 0.7356004901960784 0.5923202614379085 0.7267156862745098 0.5915032679738562 0.7254901960784313 0.5898692810457516 0.7356004901960784 0.5890522875816994 0.7356004901960784 0.5923202614379085 
1 0.7401960784313726 0.5919117647058824 0.7386642156862745 0.5919117647058824 0.7398897058823529 0.5910947712418301 0.7401960784313726 0.5890522875816994 0.7423406862745098 0.5894607843137255 0.7423406862745098 0.5915032679738562 0.7401960784313726 0.5919117647058824 
1 0.6155024509803921 0.6078431372549019 0.6142769607843137 0.5939542483660131 0.6348039215686274 0.5931372549019608 0.6351102941176471 0.6062091503267973 0.6381740196078431 0.6062091503267973 0.6375612745098039 0.5935457516339869 0.6390931372549019 0.5931372549019608 0.6390931372549019 0.6062091503267973 0.640625 0.6062091503267973 0.6409313725490197 0.5927287581699346 0.6544117647058824 0.5923202614379085 0.6553308823529411 0.6062091503267973 0.6568627450980392 0.6062091503267973 0.6565563725490197 0.5919117647058824 0.6697303921568627 0.5915032679738562 0.6703431372549019 0.6045751633986928 0.6731004901960784 0.6045751633986928 0.6721813725490197 0.5919117647058824 0.6819852941176471 0.5910947712418301 0.6819852941176471 0.6062091503267973 0.6155024509803921 0.6078431372549019 
5 0.5726102941176471 0.6213235294117647 0.5726102941176471 0.6176470588235294 0.5765931372549019 0.6156045751633987 0.5778186274509803 0.6180555555555556 0.5726102941176471 0.6213235294117647 
2 0.8324142156862745 0.6025326797385621 0.8033088235294118 0.6013071895424836 0.8026960784313726 0.5992647058823529 0.8103553921568627 0.5890522875816994 0.8311887254901961 0.5890522875816994 0.8324142156862745 0.6025326797385621 
2 0.8688725490196079 0.6029411764705882 0.8422181372549019 0.6029411764705882 0.8394607843137255 0.5894607843137255 0.8670343137254902 0.5890522875816994 0.8688725490196079 0.6029411764705882 
3 0.45465686274509803 0.6123366013071896 0.45159313725490197 0.6123366013071896 0.4522058823529412 0.6058006535947712 0.4800857843137255 0.6049836601307189 0.4803921568627451 0.6111111111111112 0.45465686274509803 0.6123366013071896 
3 0.9996936274509803 0.8770424836601307 0.8979779411764706 0.8688725490196079 0.8449754901960784 0.869281045751634 0.7800245098039216 0.8296568627450981 0.6875 0.7700163398692811 0.5940563725490197 0.7075163398692811 0.5465686274509803 0.6727941176470589 0.5297181372549019 0.6515522875816994 0.5284926470588235 0.6376633986928104 0.5321691176470589 0.6282679738562091 0.5321691176470589 0.6217320261437909 0.5355392156862745 0.6184640522875817 0.546875 0.6119281045751634 0.5566789215686274 0.6102941176470589 0.5603553921568627 0.6119281045751634 0.5652573529411765 0.6180555555555556 0.5579044117647058 0.6196895424836601 0.5667892156862745 0.6229575163398693 0.6292892156862745 0.630718954248366 0.7098651960784313 0.6446078431372549 0.9996936274509803 0.684640522875817 0.9996936274509803 0.8770424836601307 
