0 0.9996936274509803 0.7777777777777778 0.9684436274509803 0.7651143790849673 0.9678308823529411 0.7524509803921569 0.9993872549019608 0.7663398692810458 0.9996936274509803 0.7777777777777778 
1 0.5337009803921569 0.6196895424836601 0.5333946078431373 0.6013071895424836 0.5493259803921569 0.5968137254901961 0.5600490196078431 0.5951797385620915 0.5625 0.5951797385620915 0.5649509803921569 0.6004901960784313 0.5542279411764706 0.6102941176470589 0.5376838235294118 0.6086601307189542 0.5337009803921569 0.6196895424836601 
1 0.4990808823529412 0.6339869281045751 0.49724264705882354 0.6339869281045751 0.5012254901960784 0.6286764705882353 0.4996936274509804 0.6213235294117647 0.5 0.6090686274509803 0.5027573529411765 0.6066176470588235 0.5119485294117647 0.6053921568627451 0.5131740196078431 0.630718954248366 0.4990808823529412 0.6339869281045751 
1 0.4488357843137255 0.6450163398692811 0.4476102941176471 0.6450163398692811 0.4476102941176471 0.636437908496732 0.4564950980392157 0.6360294117647058 0.45588235294117646 0.6123366013071896 0.4800857843137255 0.6086601307189542 0.4797794117647059 0.6143790849673203 0.484375 0.6237745098039216 0.48713235294117646 0.6356209150326797 0.49172794117647056 0.6356209150326797 0.4488357843137255 0.6450163398692811 
1 0.4267769607843137 0.6495098039215687 0.42401960784313725 0.6495098039215687 0.41482843137254904 0.6450163398692811 0.4056372549019608 0.6282679738562091 0.39889705882352944 0.6184640522875817 0.42769607843137253 0.6147875816993464 0.42830882352941174 0.6376633986928104 0.44025735294117646 0.6368464052287581 0.44056372549019607 0.6466503267973857 0.4267769607843137 0.6495098039215687 
1 0.3180147058823529 0.6695261437908496 0.3158700980392157 0.6691176470588235 0.32046568627450983 0.6507352941176471 0.3177083333333333 0.6470588235294118 0.31464460784313725 0.6372549019607843 0.30974264705882354 0.636437908496732 0.30392156862745096 0.6450163398692811 0.29932598039215685 0.6491013071895425 0.2971813725490196 0.6380718954248366 0.29871323529411764 0.6331699346405228 0.3131127450980392 0.6331699346405228 0.3180147058823529 0.6270424836601307 0.3449754901960784 0.6237745098039216 0.3541666666666667 0.625 0.3599877450980392 0.6446078431372549 0.359375 0.6613562091503268 0.3587622549019608 0.6621732026143791 0.3431372549019608 0.6650326797385621 0.3449754901960784 0.6470588235294118 0.3403799019607843 0.6405228758169934 0.3321078431372549 0.6474673202614379 0.33118872549019607 0.6670751633986928 0.3180147058823529 0.6695261437908496 
1 0.14185049019607843 0.678921568627451 0.1409313725490196 0.678921568627451 0.14154411764705882 0.6683006535947712 0.12898284313725492 0.6556372549019608 0.14307598039215685 0.6446078431372549 0.16268382352941177 0.6421568627450981 0.15778186274509803 0.6781045751633987 0.14185049019607843 0.678921568627451 
1 0.06066176470588235 0.6854575163398693 0.05821078431372549 0.6854575163398693 0.08823529411764706 0.6719771241830066 0.09191176470588236 0.6772875816993464 0.10845588235294118 0.6785130718954249 0.10784313725490197 0.6629901960784313 0.11488970588235294 0.6670751633986928 0.11458333333333333 0.6809640522875817 0.06066176470588235 0.6854575163398693 
4 0.6197916666666666 0.6674836601307189 0.6182598039215687 0.6674836601307189 0.616421568627451 0.6646241830065359 0.6246936274509803 0.6633986928104575 0.6246936274509803 0.6584967320261438 0.6216299019607843 0.6548202614379085 0.6176470588235294 0.6552287581699346 0.6167279411764706 0.6597222222222222 0.6136642156862745 0.6515522875816994 0.7527573529411765 0.6380718954248366 0.7748161764705882 0.6343954248366013 0.7784926470588235 0.6311274509803921 0.7781862745098039 0.6282679738562091 0.7763480392156863 0.625 0.7806372549019608 0.6286764705882353 0.7800245098039216 0.6429738562091504 0.7766544117647058 0.6437908496732027 0.7487745098039216 0.6503267973856209 0.7196691176470589 0.6511437908496732 0.6197916666666666 0.6674836601307189 
4 0.0 0.7720588235294118 0.0 0.6899509803921569 0.14215686274509803 0.6785130718954249 0.3336397058823529 0.6727941176470589 0.35324754901960786 0.6695261437908496 0.3550857843137255 0.6662581699346405 0.36887254901960786 0.6654411764705882 0.3710171568627451 0.6674836601307189 0.38480392156862747 0.6674836601307189 0.45557598039215685 0.6654411764705882 0.4641544117647059 0.6650326797385621 0.4653799019607843 0.6617647058823529 0.47763480392156865 0.6633986928104575 0.5337009803921569 0.6584967320261438 0.5309436274509803 0.6621732026143791 0.5281862745098039 0.6764705882352942 0.5281862745098039 0.681781045751634 0.5272671568627451 0.6821895424836601 0.49387254901960786 0.6875 0.46047794117647056 0.690359477124183 0.39889705882352944 0.7046568627450981 0.35294117647058826 0.7091503267973857 0.0 0.7720588235294118 
4 0.9996936274509803 0.7459150326797386 0.9828431372549019 0.7406045751633987 0.9684436274509803 0.7406045751633987 0.9684436274509803 0.7324346405228758 0.9598651960784313 0.6993464052287581 0.9506740196078431 0.6862745098039216 0.9996936274509803 0.6952614379084967 0.9996936274509803 0.7459150326797386 
3 0.7830882352941176 0.5947712418300654 0.7806372549019608 0.5931372549019608 0.7849264705882353 0.5931372549019608 0.7830882352941176 0.5947712418300654 
3 0.7941176470588235 0.5972222222222222 0.7922794117647058 0.5931372549019608 0.8033088235294118 0.5939542483660131 0.8023897058823529 0.5964052287581699 0.7996323529411765 0.5943627450980392 0.7956495098039216 0.5943627450980392 0.7941176470588235 0.5972222222222222 
3 0.8106617647058824 0.5939542483660131 0.8094362745098039 0.5939542483660131 0.8106617647058824 0.5939542483660131 
3 0.8213848039215687 0.5980392156862745 0.8137254901960784 0.5980392156862745 0.8118872549019608 0.5943627450980392 0.8213848039215687 0.5939542483660131 0.8213848039215687 0.5980392156862745 
3 0.8324142156862745 0.5972222222222222 0.8256740196078431 0.5972222222222222 0.8250612745098039 0.5947712418300654 0.8327205882352942 0.5943627450980392 0.8324142156862745 0.5972222222222222 
3 0.8471200980392157 0.5988562091503268 0.8446691176470589 0.5988562091503268 0.8431372549019608 0.5951797385620915 0.8547794117647058 0.5955882352941176 0.8492647058823529 0.5959967320261438 0.8471200980392157 0.5988562091503268 
3 0.8768382352941176 0.5968137254901961 0.8759191176470589 0.5968137254901961 0.8768382352941176 0.5968137254901961 
3 0.8823529411764706 0.5972222222222222 0.8771446078431373 0.5968137254901961 0.8823529411764706 0.5972222222222222 
3 0.7803308823529411 0.6053921568627451 0.7637867647058824 0.6037581699346405 0.765625 0.5996732026143791 0.7821691176470589 0.6004901960784313 0.7803308823529411 0.6053921568627451 
3 0.8207720588235294 0.608251633986928 0.7925857843137255 0.6066176470588235 0.7916666666666666 0.6013071895424836 0.8219975490196079 0.6017156862745098 0.8223039215686274 0.6041666666666666 0.8198529411764706 0.6066176470588235 0.8207720588235294 0.608251633986928 
3 0.8262867647058824 0.6037581699346405 0.8259803921568627 0.6025326797385621 0.8272058823529411 0.6021241830065359 0.8262867647058824 0.6037581699346405 
3 0.8541666666666666 0.6102941176470589 0.8416053921568627 0.6098856209150327 0.8406862745098039 0.6094771241830066 0.8406862745098039 0.6045751633986928 0.8385416666666666 0.6029411764705882 0.8556985294117647 0.6029411764705882 0.8538602941176471 0.6062091503267973 0.8541666666666666 0.6102941176470589 
3 0.8823529411764706 0.6115196078431373 0.8707107843137255 0.6111111111111112 0.8707107843137255 0.6049836601307189 0.8697916666666666 0.6041666666666666 0.8844975490196079 0.6041666666666666 0.8823529411764706 0.6115196078431373 
3 0.897671568627451 0.6123366013071896 0.8890931372549019 0.6119281045751634 0.8890931372549019 0.6090686274509803 0.8863357843137255 0.6045751633986928 0.8979779411764706 0.6045751633986928 0.8970588235294118 0.6074346405228758 0.897671568627451 0.6123366013071896 
3 0.9298406862745098 0.613562091503268 0.9172794117647058 0.6131535947712419 0.9163602941176471 0.6058006535947712 0.930453431372549 0.6058006535947712 0.9283088235294118 0.6119281045751634 0.9298406862745098 0.613562091503268 
3 0.9996936274509803 0.6180555555555556 0.9653799019607843 0.6156045751633987 0.9672181372549019 0.6151960784313726 0.9715073529411765 0.6090686274509803 0.9718137254901961 0.6070261437908496 0.9996936274509803 0.6078431372549019 0.9996936274509803 0.6180555555555556 
