0 0.5153186274509803 0.6474673202614379 0.5131740196078431 0.6474673202614379 0.5134803921568627 0.6441993464052288 0.5196078431372549 0.6437908496732027 0.5367647058823529 0.639297385620915 0.5928308823529411 0.6348039215686274 0.5955882352941176 0.6360294117647058 0.5965073529411765 0.639297385620915 0.5153186274509803 0.6474673202614379 
0 0.7803308823529411 0.6683006535947712 0.734375 0.6646241830065359 0.678921568627451 0.6548202614379085 0.6743259803921569 0.6531862745098039 0.6727941176470589 0.6515522875816994 0.6743259803921569 0.6482843137254902 0.6798406862745098 0.6446078431372549 0.6865808823529411 0.6425653594771242 0.6865808823529411 0.6446078431372549 0.6792279411764706 0.6474673202614379 0.6783088235294118 0.6507352941176471 0.7052696078431373 0.6580882352941176 0.7270220588235294 0.6617647058823529 0.7806372549019608 0.6666666666666666 0.7803308823529411 0.6683006535947712 
0 0.42003676470588236 0.6503267973856209 0.3753063725490196 0.6486928104575164 0.37775735294117646 0.6466503267973857 0.37775735294117646 0.6450163398692811 0.38296568627450983 0.6450163398692811 0.4206495098039216 0.6474673202614379 0.42003676470588236 0.6503267973856209 
0 0.9185049019607843 0.6748366013071896 0.8115808823529411 0.6703431372549019 0.8128063725490197 0.6683006535947712 0.8164828431372549 0.6674836601307189 0.9126838235294118 0.6683006535947712 0.9191176470588235 0.6687091503267973 0.9185049019607843 0.6748366013071896 
0 0.9996936274509803 0.6785130718954249 0.960171568627451 0.6768790849673203 0.9534313725490197 0.670751633986928 0.9996936274509803 0.6719771241830066 0.9996936274509803 0.6785130718954249 
1 0.703125 0.6327614379084967 0.6914828431372549 0.6323529411764706 0.6920955882352942 0.5910947712418301 0.7028186274509803 0.5919117647058824 0.703125 0.6327614379084967 
1 0.9252450980392157 0.6450163398692811 0.727328431372549 0.6339869281045751 0.7285539215686274 0.6213235294117647 0.7267156862745098 0.6119281045751634 0.7202818627450981 0.6123366013071896 0.71875 0.6196895424836601 0.7159926470588235 0.6245915032679739 0.7178308823529411 0.6286764705882353 0.7202818627450981 0.6290849673202614 0.7205882352941176 0.633578431372549 0.7061887254901961 0.6327614379084967 0.7055759803921569 0.5919117647058824 0.9227941176470589 0.5927287581699346 0.9252450980392157 0.6450163398692811 
1 0.9996936274509803 0.6491013071895425 0.9353553921568627 0.6458333333333334 0.9322916666666666 0.5931372549019608 0.9996936274509803 0.5927287581699346 0.9996936274509803 0.6491013071895425 
5 0.5992647058823529 0.639297385620915 0.5968137254901961 0.639297385620915 0.5955882352941176 0.636437908496732 0.6213235294117647 0.6356209150326797 0.6381740196078431 0.6323529411764706 0.664828431372549 0.630718954248366 0.6841299019607843 0.6245915032679739 0.6914828431372549 0.6245915032679739 0.6914828431372549 0.6270424836601307 0.6651348039215687 0.6323529411764706 0.6550245098039216 0.6323529411764706 0.5992647058823529 0.639297385620915 
5 0.45159313725490197 0.6495098039215687 0.42034313725490197 0.6486928104575164 0.44577205882352944 0.6486928104575164 0.45465686274509803 0.6474673202614379 0.5131740196078431 0.6458333333333334 0.5131740196078431 0.6466503267973857 0.45159313725490197 0.6495098039215687 
5 0.8118872549019608 0.6699346405228758 0.7800245098039216 0.6687091503267973 0.7809436274509803 0.6670751633986928 0.8125 0.6683006535947712 0.8118872549019608 0.6699346405228758 
5 0.7058823529411765 0.9995915032679739 0.6752450980392157 0.9991830065359477 0.6587009803921569 0.9272875816993464 0.6424632352941176 0.8476307189542484 0.6449142156862745 0.8410947712418301 0.6452205882352942 0.8316993464052288 0.6541053921568627 0.8141339869281046 0.6623774509803921 0.8026960784313726 0.6770833333333334 0.7875816993464052 0.6948529411764706 0.7749183006535948 0.7129289215686274 0.7687908496732027 0.7435661764705882 0.761437908496732 0.7699142156862745 0.7569444444444444 0.8299632352941176 0.7508169934640523 0.9996936274509803 0.7434640522875817 0.9996936274509803 0.7450980392156863 0.8416053921568627 0.7540849673202614 0.7702205882352942 0.7606209150326797 0.7377450980392157 0.7675653594771242 0.7138480392156863 0.7761437908496732 0.6979166666666666 0.7863562091503268 0.6810661764705882 0.8006535947712419 0.6737132352941176 0.8092320261437909 0.6706495098039216 0.8145424836601307 0.6672794117647058 0.8251633986928104 0.6651348039215687 0.8374183006535948 0.664828431372549 0.8504901960784313 0.6654411764705882 0.8533496732026143 0.6678921568627451 0.8553921568627451 0.6688112745098039 0.8717320261437909 0.7058823529411765 0.9995915032679739 
2 0.2699142156862745 0.6074346405228758 0.26348039215686275 0.6074346405228758 0.26409313725490197 0.5980392156862745 0.27236519607843135 0.5992647058823529 0.2699142156862745 0.6074346405228758 
2 0.3023897058823529 0.6062091503267973 0.3008578431372549 0.6049836601307189 0.3011642156862745 0.5984477124183006 0.30269607843137253 0.5988562091503268 0.30330882352941174 0.6017156862745098 0.30330882352941174 0.6053921568627451 0.3023897058823529 0.6062091503267973 
2 0.2981004901960784 0.6004901960784313 0.296875 0.6004901960784313 0.2971813725490196 0.5988562091503268 0.2981004901960784 0.5992647058823529 0.2981004901960784 0.6004901960784313 
2 0.32628676470588236 0.6147875816993464 0.3161764705882353 0.6070261437908496 0.3072916666666667 0.6070261437908496 0.3121936274509804 0.6017156862745098 0.3131127450980392 0.5988562091503268 0.32628676470588236 0.5988562091503268 0.32628676470588236 0.6147875816993464 
2 0.5091911764705882 0.639297385620915 0.49846813725490197 0.6384803921568627 0.5003063725490197 0.6372549019607843 0.5015318627450981 0.6339869281045751 0.5045955882352942 0.6339869281045751 0.5067401960784313 0.6180555555555556 0.5352328431372549 0.6180555555555556 0.5358455882352942 0.6270424836601307 0.5425857843137255 0.6270424836601307 0.5435049019607843 0.6176470588235294 0.5453431372549019 0.616421568627451 0.5579044117647058 0.6168300653594772 0.5585171568627451 0.6352124183006536 0.5140931372549019 0.6380718954248366 0.5091911764705882 0.639297385620915 
2 0.703125 0.6495098039215687 0.6890318627450981 0.6474673202614379 0.6868872549019608 0.6458333333333334 0.6868872549019608 0.6343954248366013 0.6939338235294118 0.6319444444444444 0.703125 0.6327614379084967 0.703125 0.6495098039215687 
2 0.7202818627450981 0.6511437908496732 0.7068014705882353 0.6499183006535948 0.7058823529411765 0.6491013071895425 0.7058823529411765 0.6331699346405228 0.7205882352941176 0.633578431372549 0.7215073529411765 0.6458333333333334 0.7199754901960784 0.6462418300653595 0.7202818627450981 0.6511437908496732 
2 0.9200367647058824 0.6625816993464052 0.8045343137254902 0.6584967320261438 0.7313112745098039 0.6523692810457516 0.7288602941176471 0.6519607843137255 0.7294730392156863 0.6470588235294118 0.727328431372549 0.6454248366013072 0.7270220588235294 0.6343954248366013 0.9252450980392157 0.6450163398692811 0.9240196078431373 0.6560457516339869 0.9200367647058824 0.6625816993464052 
2 0.9993872549019608 0.6654411764705882 0.9457720588235294 0.6633986928104575 0.9353553921568627 0.6540032679738562 0.9350490196078431 0.6462418300653595 0.9996936274509803 0.6491013071895425 0.9993872549019608 0.6654411764705882 
