0 0.5756740196078431 0.45098039215686275 0.5726102941176471 0.45098039215686275 0.5756740196078431 0.4497549019607843 0.5756740196078431 0.45098039215686275 
0 0.5778186274509803 0.45098039215686275 0.5775122549019608 0.45016339869281047 0.5778186274509803 0.45098039215686275 
0 0.5839460784313726 0.4513888888888889 0.5796568627450981 0.4513888888888889 0.5793504901960784 0.4505718954248366 0.5827205882352942 0.45016339869281047 0.5839460784313726 0.4513888888888889 
0 0.5922181372549019 0.45179738562091504 0.5873161764705882 0.45179738562091504 0.5863970588235294 0.45098039215686275 0.5922181372549019 0.45179738562091504 
0 0.5983455882352942 0.4550653594771242 0.5952818627450981 0.4526143790849673 0.5983455882352942 0.4534313725490196 0.5983455882352942 0.4550653594771242 
0 0.6081495098039216 0.46486928104575165 0.6056985294117647 0.4624183006535948 0.6072303921568627 0.4616013071895425 0.6096813725490197 0.46405228758169936 0.6081495098039216 0.46486928104575165 
0 0.8930759803921569 0.48284313725490197 0.8241421568627451 0.46854575163398693 0.8226102941176471 0.4681372549019608 0.8229166666666666 0.4644607843137255 0.8921568627450981 0.4758986928104575 0.8936887254901961 0.47671568627450983 0.8927696078431373 0.47875816993464054 0.8930759803921569 0.48284313725490197 
0 0.7457107843137255 0.6070261437908496 0.7251838235294118 0.5878267973856209 0.6568627450980392 0.5122549019607843 0.6289828431372549 0.4852941176470588 0.6280637254901961 0.48447712418300654 0.6286764705882353 0.4824346405228758 0.7460171568627451 0.5943627450980392 0.7457107843137255 0.6070261437908496 
0 0.9417892156862745 0.49264705882352944 0.9068627450980392 0.4852941176470588 0.9087009803921569 0.4820261437908497 0.9280024509803921 0.48284313725490197 0.9402573529411765 0.4848856209150327 0.9411764705882353 0.48570261437908496 0.9417892156862745 0.49264705882352944 
0 0.9638480392156863 0.497140522875817 0.9552696078431373 0.49550653594771243 0.9561887254901961 0.48856209150326796 0.9613970588235294 0.4889705882352941 0.9638480392156863 0.497140522875817 
0 0.9993872549019608 0.5049019607843137 0.9754901960784313 0.5 0.977328431372549 0.49959150326797386 0.9779411764705882 0.49387254901960786 0.9813112745098039 0.49264705882352944 0.9996936274509803 0.4950980392156863 0.9993872549019608 0.5049019607843137 
0 0.9650735294117647 0.49754901960784315 0.9638480392156863 0.49754901960784315 0.9650735294117647 0.49754901960784315 
0 0.8495710784313726 0.6409313725490197 0.8174019607843137 0.6401143790849673 0.7981004901960784 0.6303104575163399 0.7545955882352942 0.5841503267973857 0.7552083333333334 0.5522875816993464 0.7686887254901961 0.5494281045751634 0.7984068627450981 0.551062091503268 0.8161764705882353 0.556781045751634 0.8293504901960784 0.5669934640522876 0.8704044117647058 0.6200980392156863 0.8719362745098039 0.6286764705882353 0.8694852941176471 0.6352124183006536 0.8495710784313726 0.6409313725490197 
0 0.8388480392156863 0.6090686274509803 0.8440563725490197 0.6074346405228758 0.8440563725490197 0.6029411764705882 0.8149509803921569 0.5612745098039216 0.803921568627451 0.5559640522875817 0.7950367647058824 0.5535130718954249 0.7653186274509803 0.5526960784313726 0.7579656862745098 0.553921568627451 0.7573529411764706 0.5604575163398693 0.7791053921568627 0.5808823529411765 0.8079044117647058 0.6029411764705882 0.8167892156862745 0.608251633986928 0.8388480392156863 0.6090686274509803 
0 0.7463235294117647 0.5751633986928104 0.7420343137254902 0.5706699346405228 0.7389705882352942 0.5633169934640523 0.7420343137254902 0.556781045751634 0.7469362745098039 0.5551470588235294 0.7463235294117647 0.5751633986928104 
0 0.7787990196078431 0.6413398692810458 0.7680759803921569 0.627859477124183 0.7536764705882353 0.6147875816993464 0.7542892156862745 0.6025326797385621 0.7928921568627451 0.6401143790849673 0.7787990196078431 0.6413398692810458 
0 0.734375 0.7953431372549019 0.7331495098039216 0.7953431372549019 0.7622549019607843 0.7561274509803921 0.7542892156862745 0.7491830065359477 0.8082107843137255 0.7312091503267973 0.8244485294117647 0.7152777777777778 0.8244485294117647 0.7128267973856209 0.8443627450980392 0.7156862745098039 0.8477328431372549 0.7189542483660131 0.8471200980392157 0.7397875816993464 0.8262867647058824 0.7671568627450981 0.7873774509803921 0.7806372549019608 0.734375 0.7953431372549019 
0 0.5027573529411765 0.8043300653594772 0.42830882352941174 0.798202614379085 0.2037377450980392 0.7973856209150327 0.0778186274509804 0.7986111111111112 0.00030637254901960784 0.7928921568627451 0.0 0.7491830065359477 0.33578431372549017 0.7520424836601307 0.3912377450980392 0.7520424836601307 0.4408700980392157 0.7491830065359477 0.44485294117647056 0.7516339869281046 0.4411764705882353 0.7638888888888888 0.5027573529411765 0.8043300653594772 
0 0.0 0.8684640522875817 0.0015318627450980392 0.8419117647058824 0.20496323529411764 0.8092320261437909 0.20404411764705882 0.8308823529411765 0.0 0.8684640522875817 
5 0.8452818627450981 0.7156862745098039 0.7077205882352942 0.6968954248366013 0.6985294117647058 0.6478758169934641 0.7941176470588235 0.6397058823529411 0.8066789215686274 0.6687091503267973 0.8360906862745098 0.7075163398692811 0.8397671568627451 0.7120098039215687 0.8452818627450981 0.7156862745098039 
5 0.5395220588235294 0.8075980392156863 0.5042892156862745 0.8051470588235294 0.4408700980392157 0.7634803921568627 0.44607843137254904 0.7483660130718954 0.4849877450980392 0.7103758169934641 0.6951593137254902 0.7026143790849673 0.7622549019607843 0.7561274509803921 0.7310049019607843 0.798202614379085 0.7009803921568627 0.8035130718954249 0.5395220588235294 0.8075980392156863 
