0 0.67109375 0.5739583333333333 0.6359375 0.5630208333333333 0.634375 0.5609375 0.667578125 0.56875 0.67109375 0.5708333333333333 0.67109375 0.5739583333333333 
0 0.832421875 0.5640625 0.83046875 0.5640625 0.83046875 0.5609375 0.832421875 0.5614583333333333 0.832421875 0.5640625 
0 0.82265625 0.5640625 0.81328125 0.5640625 0.8125 0.5619791666666667 0.82265625 0.5625 0.82265625 0.5640625 
0 0.79375 0.5651041666666666 0.787890625 0.5651041666666666 0.7875 0.5625 0.79375 0.5619791666666667 0.79375 0.5651041666666666 
0 0.797265625 0.5651041666666666 0.797265625 0.5619791666666667 0.8078125 0.5630208333333333 0.8078125 0.5645833333333333 0.797265625 0.5651041666666666 
0 0.78359375 0.565625 0.77109375 0.565625 0.770703125 0.5630208333333333 0.78359375 0.5625 0.78359375 0.565625 
0 0.760546875 0.565625 0.7578125 0.565625 0.75703125 0.5635416666666667 0.760546875 0.5630208333333333 0.760546875 0.565625 
0 0.765625 0.565625 0.763671875 0.565625 0.7640625 0.5630208333333333 0.765625 0.5640625 0.765625 0.565625 
0 0.74453125 0.5661458333333333 0.74296875 0.5661458333333333 0.742578125 0.5645833333333333 0.753125 0.5640625 0.753125 0.565625 0.74453125 0.5661458333333333 
0 0.734375 0.5661458333333333 0.733984375 0.5640625 0.734375 0.5661458333333333 
0 0.928515625 0.5692708333333333 0.90859375 0.56875 0.908203125 0.5651041666666666 0.928515625 0.5645833333333333 0.928515625 0.5692708333333333 
0 0.938671875 0.5697916666666667 0.9375 0.5697916666666667 0.9375 0.5651041666666666 0.938671875 0.5671875 0.938671875 0.5697916666666667 
0 0.943359375 0.5697916666666667 0.94140625 0.5697916666666667 0.94140625 0.5651041666666666 0.94296875 0.565625 0.943359375 0.5697916666666667 
0 0.684765625 0.5713541666666667 0.68046875 0.5708333333333333 0.68828125 0.5697916666666667 0.68828125 0.5708333333333333 0.684765625 0.5713541666666667 
0 0.68984375 0.5807291666666666 0.680859375 0.5776041666666667 0.681640625 0.5770833333333333 0.680859375 0.5729166666666666 0.688671875 0.5734375 0.690234375 0.5791666666666667 0.68984375 0.5807291666666666 
0 0.999609375 0.6838541666666667 0.871875 0.6432291666666666 0.882421875 0.6380208333333334 0.91875 0.640625 0.99921875 0.6609375 0.999609375 0.575 0.999609375 0.6838541666666667 
0 0.77578125 0.6114583333333333 0.70078125 0.5848958333333333 0.7 0.5770833333333333 0.761328125 0.5942708333333333 0.78203125 0.6057291666666667 0.77578125 0.6114583333333333 
0 0.242578125 0.6 0.241796875 0.5958333333333333 0.244140625 0.5947916666666667 0.3515625 0.578125 0.3515625 0.58125 0.242578125 0.6 
0 0.078125 0.6020833333333333 0.0765625 0.6020833333333333 0.074609375 0.5953125 0.13671875 0.5901041666666667 0.136328125 0.5958333333333333 0.13515625 0.5963541666666666 0.078125 0.6020833333333333 
0 0.067578125 0.603125 0.06328125 0.603125 0.06484375 0.5958333333333333 0.067578125 0.5958333333333333 0.07109375 0.6026041666666667 0.067578125 0.603125 
0 0.051953125 0.6046875 0.048828125 0.6046875 0.04609375 0.5984375 0.0578125 0.5973958333333333 0.05859375 0.6036458333333333 0.051953125 0.6046875 
0 0.036328125 0.60625 0.034765625 0.60625 0.033984375 0.6041666666666666 0.033984375 0.5994791666666667 0.03515625 0.5984375 0.040625 0.5984375 0.04375 0.6052083333333333 0.036328125 0.60625 
0 0.0 0.6098958333333333 0.0 0.6041666666666666 0.0015625 0.6015625 0.012890625 0.6015625 0.0125 0.6083333333333333 0.0 0.6098958333333333 
0 0.026171875 0.6072916666666667 0.024609375 0.6072916666666667 0.02578125 0.6020833333333333 0.02734375 0.6010416666666667 0.028125 0.6067708333333334 0.026171875 0.6072916666666667 
0 0.01953125 0.6078125 0.017578125 0.6078125 0.01875 0.60625 0.01953125 0.6078125 
0 0.0 0.646875 0.0 0.6380208333333334 0.134375 0.6135416666666667 0.136328125 0.6140625 0.137109375 0.6197916666666666 0.0 0.646875 
1 0.828515625 0.5661458333333333 0.8265625 0.5651041666666666 0.826171875 0.5364583333333334 0.827734375 0.5369791666666667 0.828125 0.5442708333333334 0.829296875 0.5458333333333333 0.83046875 0.565625 0.828515625 0.5661458333333333 
1 0.813671875 0.5869791666666667 0.80859375 0.5869791666666667 0.80703125 0.5479166666666667 0.804296875 0.55 0.796484375 0.5505208333333333 0.796875 0.5661458333333333 0.794140625 0.5661458333333333 0.79296875 0.5505208333333333 0.78671875 0.546875 0.788671875 0.584375 0.783984375 0.584375 0.783203125 0.55 0.78046875 0.5578125 0.7765625 0.5619791666666667 0.773828125 0.5614583333333333 0.7703125 0.5572916666666666 0.771484375 0.5802083333333333 0.76640625 0.5802083333333333 0.76484375 0.553125 0.762890625 0.5536458333333333 0.763671875 0.565625 0.7609375 0.565625 0.759765625 0.5541666666666667 0.756640625 0.5526041666666667 0.7578125 0.5770833333333333 0.753515625 0.5765625 0.752734375 0.5536458333333333 0.750390625 0.553125 0.7484375 0.5557291666666667 0.745703125 0.55625 0.7421875 0.553125 0.7421875 0.5510416666666667 0.74609375 0.553125 0.7484375 0.5526041666666667 0.748828125 0.5385416666666667 0.755859375 0.5401041666666667 0.758984375 0.5484375 0.75859375 0.5416666666666666 0.759765625 0.5401041666666667 0.762109375 0.540625 0.762890625 0.5489583333333333 0.764453125 0.5489583333333333 0.7640625 0.5427083333333333 0.7671875 0.540625 0.768359375 0.5416666666666666 0.77421875 0.5578125 0.7765625 0.5583333333333333 0.78046875 0.5515625 0.78046875 0.5411458333333333 0.781640625 0.5385416666666667 0.785546875 0.5390625 0.78828125 0.5442708333333334 0.791796875 0.546875 0.793359375 0.546875 0.79375 0.540625 0.796484375 0.5411458333333333 0.796875 0.5473958333333333 0.80625 0.5453125 0.806640625 0.5411458333333333 0.809765625 0.5385416666666667 0.81171875 0.5416666666666666 0.812109375 0.5494791666666666 0.8140625 0.5546875 0.818359375 0.5578125 0.82265625 0.5583333333333333 0.822265625 0.5630208333333333 0.8125 0.5583333333333333 0.813671875 0.5869791666666667 
1 0.73125 0.5635416666666667 0.726953125 0.5635416666666667 0.726171875 0.5427083333333333 0.727734375 0.5390625 0.730859375 0.540625 0.73359375 0.5484375 0.73359375 0.5515625 0.73125 0.5515625 0.73125 0.5635416666666667 
5 0.871484375 0.6432291666666666 0.775 0.6119791666666666 0.782421875 0.6052083333333333 0.883203125 0.6380208333333334 0.871484375 0.6432291666666666 
