0 0.30240091463414637 0.6023882113821138 0.3010670731707317 0.6023882113821138 0.3010670731707317 0.600609756097561 0.3018292682926829 0.5995934959349594 0.3151676829268293 0.5975609756097561 0.34527439024390244 0.5962906504065041 0.36928353658536583 0.5932418699186992 0.36814024390243905 0.5962906504065041 0.3488948170731707 0.5965447154471545 0.30240091463414637 0.6023882113821138 
0 0.4169207317073171 0.6028963414634146 0.41272865853658536 0.6028963414634146 0.41196646341463417 0.6011178861788617 0.4173018292682927 0.6008638211382114 0.4270198170731707 0.5973069105691057 0.4270198170731707 0.5988313008130082 0.4169207317073171 0.6028963414634146 
0 0.5222942073170732 0.6122967479674797 0.5104801829268293 0.6061991869918699 0.5104801829268293 0.603150406504065 0.5112423780487805 0.6026422764227642 0.5222942073170732 0.6095020325203252 0.5222942073170732 0.6122967479674797 
0 0.1915015243902439 0.615599593495935 0.19092987804878048 0.6153455284552846 0.1915015243902439 0.6148373983739838 0.22980182926829268 0.6092479674796748 0.26791158536585363 0.6046747967479674 0.2690548780487805 0.6046747967479674 0.2692454268292683 0.6059451219512195 0.2692454268292683 0.6067073170731707 0.25990853658536583 0.6079776422764228 0.1915015243902439 0.615599593495935 
0 0.5285823170731707 0.6145833333333334 0.5264862804878049 0.6145833333333334 0.526295731707317 0.6122967479674797 0.5285823170731707 0.6145833333333334 
0 0.5301067073170732 0.6145833333333334 0.5289634146341463 0.6145833333333334 0.5287728658536586 0.6138211382113821 0.5301067073170732 0.6145833333333334 
0 0.0 0.6229674796747967 0.0 0.619410569105691 0.0350609756097561 0.6176321138211383 0.05811737804878049 0.6178861788617886 0.057545731707317076 0.6196646341463414 0.056783536585365856 0.6199186991869918 0.0 0.6229674796747967 
0 0.5981326219512195 0.6255081300813008 0.5249618902439024 0.6211890243902439 0.5121951219512195 0.6196646341463414 0.522484756097561 0.619410569105691 0.5954649390243902 0.623729674796748 0.5981326219512195 0.6239837398373984 0.5981326219512195 0.6255081300813008 
0 0.6129954268292683 0.6260162601626016 0.604420731707317 0.6257621951219512 0.6042301829268293 0.6247459349593496 0.6133765243902439 0.6252540650406504 0.6129954268292683 0.6260162601626016 
0 0.6941692073170732 0.6272865853658537 0.6808307926829268 0.6270325203252033 0.6745426829268293 0.6260162601626016 0.6509146341463414 0.6260162601626016 0.6594893292682927 0.6244918699186992 0.6941692073170732 0.6244918699186992 0.6941692073170732 0.6272865853658537 
0 0.7290396341463414 0.6277947154471545 0.7128429878048781 0.6275406504065041 0.7126524390243902 0.6247459349593496 0.7288490853658537 0.6244918699186992 0.7290396341463414 0.6277947154471545 
0 0.5619283536585366 0.6511686991869918 0.5609756097560976 0.6511686991869918 0.5710746951219512 0.6483739837398373 0.5689786585365854 0.6501524390243902 0.5619283536585366 0.6511686991869918 
0 0.5604039634146342 0.6636178861788617 0.5564024390243902 0.6598069105691057 0.5604039634146342 0.6544715447154471 0.5661204268292683 0.6521849593495935 0.5588795731707317 0.6582825203252033 0.5604039634146342 0.6636178861788617 
0 0.5863185975609756 0.7014735772357723 0.5857469512195121 0.7012195121951219 0.5863185975609756 0.7014735772357723 
0 0.9998094512195121 0.958079268292683 0.887766768292683 0.876270325203252 0.7534298780487805 0.7802337398373984 0.6705411585365854 0.7466971544715447 0.6217606707317073 0.7301829268292683 0.5979420731707317 0.7151930894308943 0.5865091463414634 0.7019817073170732 0.6017530487804879 0.7167174796747967 0.6049923780487805 0.7116361788617886 0.6074695121951219 0.7136686991869918 0.6659679878048781 0.7367886178861789 0.7385670731707317 0.756859756097561 0.8258384146341463 0.8097052845528455 0.9998094512195121 0.9258130081300813 0.9998094512195121 0.958079268292683 
5 0.6190929878048781 0.626270325203252 0.6128048780487805 0.626270325203252 0.6141387195121951 0.6244918699186992 0.6469131097560976 0.6247459349593496 0.6457698170731707 0.6260162601626016 0.6190929878048781 0.626270325203252 
5 0.6017530487804879 0.7167174796747967 0.5617378048780488 0.676829268292683 0.5499237804878049 0.6615853658536586 0.5602134146341463 0.6511686991869918 0.5708841463414634 0.6498983739837398 0.5604039634146342 0.6544715447154471 0.5564024390243902 0.6598069105691057 0.6051829268292683 0.7096036585365854 0.6051829268292683 0.710619918699187 0.6017530487804879 0.7167174796747967 
