0 0.5046875 0.5532407407407407 0.49661458333333336 0.5462962962962963 0.49635416666666665 0.5416666666666666 0.4981770833333333 0.5421296296296296 0.4986979166666667 0.5462962962962963 0.5036458333333333 0.5504629629629629 0.5046875 0.5532407407407407 
0 0.5135416666666667 0.5611111111111111 0.5109375 0.5611111111111111 0.5088541666666667 0.5569444444444445 0.50703125 0.5555555555555556 0.5067708333333333 0.5541666666666667 0.5135416666666667 0.5611111111111111 
0 0.7471354166666667 0.6601851851851852 0.6609375 0.6388888888888888 0.6450520833333333 0.6328703703703704 0.6458333333333334 0.6296296296296297 0.6510416666666666 0.6277777777777778 0.6510416666666666 0.6208333333333333 0.6520833333333333 0.6203703703703703 0.7106770833333333 0.6356481481481482 0.7494791666666667 0.6435185185185185 0.7497395833333333 0.6509259259259259 0.7471354166666667 0.6601851851851852 
0 0.6546875 0.6814814814814815 0.6403645833333333 0.6754629629629629 0.6434895833333333 0.6712962962962963 0.63984375 0.6652777777777777 0.6434895833333333 0.6648148148148149 0.6434895833333333 0.6620370370370371 0.6447916666666667 0.6615740740740741 0.659375 0.6675925925925926 0.6546875 0.6814814814814815 
0 0.82890625 0.7347222222222223 0.815625 0.7342592592592593 0.79453125 0.7231481481481481 0.79609375 0.7212962962962963 0.82890625 0.7347222222222223 
0 0.8791666666666667 0.7930555555555555 0.85546875 0.7805555555555556 0.85078125 0.7444444444444445 0.87265625 0.7532407407407408 0.87578125 0.7870370370370371 0.8791666666666667 0.7930555555555555 
0 0.9997395833333333 0.8574074074074074 0.8971354166666666 0.8027777777777778 0.8979166666666667 0.8013888888888889 0.89609375 0.7833333333333333 0.8919270833333334 0.7625 0.9677083333333333 0.7944444444444444 0.96640625 0.7953703703703704 0.9674479166666666 0.8023148148148148 0.9966145833333333 0.8106481481481481 0.99765625 0.8074074074074075 0.9997395833333333 0.8083333333333333 0.9997395833333333 0.8574074074074074 
1 0.9997395833333333 0.575462962962963 0.9513020833333333 0.575462962962963 0.95078125 0.47638888888888886 0.9997395833333333 0.4736111111111111 0.9997395833333333 0.575462962962963 
1 0.8328125 0.6111111111111112 0.8299479166666667 0.6087962962962963 0.7591145833333334 0.6046296296296296 0.7557291666666667 0.5143518518518518 0.7557291666666667 0.5087962962962963 0.7583333333333333 0.5087962962962963 0.7578125 0.487962962962963 0.9309895833333334 0.4777777777777778 0.93203125 0.575462962962963 0.9096354166666667 0.575462962962963 0.9091145833333333 0.5652777777777778 0.9044270833333333 0.5425925925925926 0.8927083333333333 0.5277777777777778 0.8893229166666666 0.5162037037037037 0.88828125 0.48703703703703705 0.8846354166666667 0.48333333333333334 0.8731770833333333 0.48518518518518516 0.86640625 0.49212962962962964 0.86640625 0.5046296296296297 0.8682291666666667 0.5171296296296296 0.85234375 0.5305555555555556 0.8388020833333333 0.5398148148148149 0.8296875 0.5694444444444444 0.83125 0.6032407407407407 0.8328125 0.6111111111111112 
1 0.7536458333333333 0.575 0.7536458333333333 0.5699074074074074 0.7536458333333333 0.575 
1 0.75390625 0.5944444444444444 0.75390625 0.5847222222222223 0.75390625 0.5944444444444444 
1 0.9322916666666666 0.6138888888888889 0.909375 0.6138888888888889 0.9098958333333333 0.5916666666666667 0.93203125 0.5912037037037037 0.9322916666666666 0.6138888888888889 
1 0.9546875 0.6138888888888889 0.9515625 0.6138888888888889 0.9515625 0.5916666666666667 0.9955729166666667 0.5939814814814814 0.9971354166666667 0.6111111111111112 0.9971354166666667 0.6125 0.9546875 0.6138888888888889 
1 0.7541666666666667 0.6078703703703704 0.7541666666666667 0.6 0.7541666666666667 0.6078703703703704 
1 0.85 0.6138888888888889 0.8497395833333333 0.6125 0.85 0.6138888888888889 
5 0.7424479166666667 0.737037037037037 0.7216145833333333 0.7351851851851852 0.6666666666666666 0.6842592592592592 0.6552083333333333 0.6796296296296296 0.6596354166666667 0.6671296296296296 0.6640625 0.6662037037037037 0.7497395833333333 0.7032407407407407 0.7497395833333333 0.7333333333333333 0.74609375 0.7328703703703704 0.7424479166666667 0.737037037037037 
5 0.8153645833333333 0.7342592592592593 0.7578125 0.7333333333333333 0.7578125 0.7074074074074074 0.7875 0.7194444444444444 0.8153645833333333 0.7342592592592593 
2 0.7497395833333333 0.6162037037037037 0.7328125 0.6143518518518518 0.7252604166666666 0.6111111111111112 0.7291666666666666 0.6092592592592593 0.7377604166666667 0.5972222222222222 0.75390625 0.5962962962962963 0.75390625 0.6078703703703704 0.7497395833333333 0.6111111111111112 0.7497395833333333 0.6162037037037037 
2 0.9557291666666666 0.6375 0.9515625 0.6375 0.9518229166666666 0.6138888888888889 0.9888020833333333 0.6129629629629629 0.97890625 0.6157407407407407 0.9729166666666667 0.6277777777777778 0.9734375 0.6361111111111111 0.9557291666666666 0.6375 
2 0.9979166666666667 0.6208333333333333 0.9890625 0.6129629629629629 0.9971354166666667 0.6125 0.9979166666666667 0.6208333333333333 
2 0.8393229166666667 0.6476851851851851 0.8388020833333333 0.6328703703703704 0.8479166666666667 0.6314814814814815 0.85 0.6138888888888889 0.85234375 0.6259259259259259 0.8528645833333334 0.6439814814814815 0.84609375 0.6439814814814815 0.8393229166666667 0.6476851851851851 
2 0.9044270833333333 0.6407407407407407 0.90234375 0.6407407407407407 0.90546875 0.6310185185185185 0.909375 0.6138888888888889 0.9322916666666666 0.6143518518518518 0.9325520833333333 0.6388888888888888 0.9044270833333333 0.6407407407407407 
2 0.98515625 0.6356481481481482 0.9838541666666667 0.6347222222222222 0.9856770833333334 0.6277777777777778 0.9919270833333333 0.6277777777777778 0.99375 0.6347222222222222 0.98515625 0.6356481481481482 
2 0.9997395833333333 0.7402777777777778 0.9963541666666667 0.7384259259259259 0.9940104166666667 0.7143518518518519 0.9997395833333333 0.7134259259259259 0.9997395833333333 0.7402777777777778 
