0 0.7421875 0.5523726851851852 0.7404513888888888 0.5523726851851852 0.7378472222222222 0.5503472222222222 0.7749565972222222 0.5457175925925926 0.7749565972222222 0.5471643518518519 0.7421875 0.5523726851851852 
0 0.6979166666666666 0.5575810185185185 0.6907552083333334 0.5575810185185185 0.6979166666666666 0.5575810185185185 
0 0.5833333333333334 0.5691550925925926 0.5789930555555556 0.5691550925925926 0.5787760416666666 0.5679976851851852 0.6037326388888888 0.5665509259259259 0.6202256944444444 0.5645254629629629 0.6358506944444444 0.5642361111111112 0.6417100694444444 0.5625 0.6493055555555556 0.5625 0.6898871527777778 0.5575810185185185 0.6907552083333334 0.5581597222222222 0.6918402777777778 0.5610532407407407 0.68359375 0.5625 0.6740451388888888 0.5625 0.6137152777777778 0.5677083333333334 0.5833333333333334 0.5691550925925926 
0 0.6966145833333334 0.5604745370370371 0.6957465277777778 0.5604745370370371 0.6966145833333334 0.5604745370370371 
0 0.6953125 0.5607638888888888 0.6944444444444444 0.5607638888888888 0.6953125 0.5607638888888888 
0 0.6942274305555556 0.5610532407407407 0.693359375 0.5610532407407407 0.6942274305555556 0.5610532407407407 
0 0.6929253472222222 0.5613425925925926 0.6920572916666666 0.5613425925925926 0.6929253472222222 0.5613425925925926 
0 0.2458767361111111 0.5940393518518519 0.24609375 0.5870949074074074 0.2478298611111111 0.5865162037037037 0.390625 0.5787037037037037 0.4544270833333333 0.5668402777777778 0.4583333333333333 0.5668402777777778 0.4587673611111111 0.5697337962962963 0.4587673611111111 0.5703125 0.4483506944444444 0.5717592592592593 0.4049479166666667 0.5844907407407407 0.3478732638888889 0.5865162037037037 0.2458767361111111 0.5940393518518519 
0 0.10416666666666667 0.6030092592592593 0.1015625 0.6030092592592593 0.0993923611111111 0.5989583333333334 0.095703125 0.6004050925925926 0.09244791666666667 0.5978009259259259 0.0915798611111111 0.5951967592592593 0.2265625 0.5879629629629629 0.2261284722222222 0.5951967592592593 0.2248263888888889 0.5954861111111112 0.10416666666666667 0.6030092592592593 
0 0.08463541666666667 0.5957754629629629 0.08116319444444445 0.5954861111111112 0.08506944444444445 0.5954861111111112 0.08463541666666667 0.5957754629629629 
0 0.0 0.6087962962962963 0.0 0.5986689814814815 0.05577256944444445 0.5966435185185185 0.053385416666666664 0.6004050925925926 0.052083333333333336 0.6059027777777778 0.0 0.6087962962962963 
0 0.0 0.6730324074074074 0.00021701388888888888 0.6545138888888888 0.03732638888888889 0.6504629629629629 0.04296875 0.6516203703703703 0.05490451388888889 0.6516203703703703 0.057074652777777776 0.6553819444444444 0.06966145833333333 0.6536458333333334 0.078125 0.6536458333333334 0.0881076388888889 0.6513310185185185 0.1015625 0.6498842592592593 0.12000868055555555 0.6420717592592593 0.2437065972222222 0.6276041666666666 0.2545572916666667 0.6281828703703703 0.2619357638888889 0.6258680555555556 0.2758246527777778 0.6238425925925926 0.2942708333333333 0.6183449074074074 0.2951388888888889 0.6163194444444444 0.3033854166666667 0.6151620370370371 0.306640625 0.6160300925925926 0.3077256944444444 0.6226851851851852 0.3033854166666667 0.6255787037037037 0.2680121527777778 0.6412037037037037 0.2608506944444444 0.6426504629629629 0.2484809027777778 0.6429398148148148 0.19075520833333334 0.6484375 0.17057291666666666 0.6524884259259259 0.0 0.6730324074074074 
0 0.9997829861111112 0.9473379629629629 0.9837239583333334 0.9302662037037037 0.9761284722222222 0.9001736111111112 0.9407552083333334 0.7294560185185185 0.9409722222222222 0.7152777777777778 0.9422743055555556 0.7071759259259259 0.9442274305555556 0.7039930555555556 0.9537760416666666 0.7028356481481481 0.9720052083333334 0.7051504629629629 0.9963107638888888 0.7196180555555556 0.9997829861111112 0.7210648148148148 0.9995659722222222 0.7329282407407407 0.9696180555555556 0.7129629629629629 0.9663628472222222 0.7126736111111112 0.9997829861111112 0.8113425925925926 0.9997829861111112 0.9473379629629629 
5 0.6920572916666666 0.5613425925925926 0.6907552083333334 0.5575810185185185 0.7016059027777778 0.5575810185185185 0.7152777777777778 0.5558449074074074 0.7289496527777778 0.5532407407407407 0.7376302083333334 0.5497685185185185 0.740234375 0.5523726851851852 0.7287326388888888 0.5555555555555556 0.697265625 0.5598958333333334 0.6920572916666666 0.5613425925925926 
5 0.9997829861111112 0.5610532407407407 0.9908854166666666 0.5561342592592593 0.9906684027777778 0.5532407407407407 0.9921875 0.5529513888888888 0.9937065972222222 0.5567129629629629 0.9997829861111112 0.5593171296296297 0.9997829861111112 0.5610532407407407 
3 0.8483072916666666 0.5480324074074074 0.8474392361111112 0.5465856481481481 0.8680555555555556 0.5407986111111112 0.8689236111111112 0.5425347222222222 0.8483072916666666 0.5480324074074074 
3 0.8506944444444444 0.5538194444444444 0.849609375 0.5517939814814815 0.8693576388888888 0.5448495370370371 0.8700086805555556 0.546875 0.8506944444444444 0.5538194444444444 
