0 0.555908 0.478704 0.0678711 0.012037
2 0.356079 0.444213 0.0144043 0.0189815
1 0.842896 0.444676 0.0432129 0.024537
2 0.184937 0.465278 0.0388184 0.0462963
2 0.240112 0.462037 0.0109863 0.0435185
2 0.194824 0.46412 0.0151367 0.0439815
2 0.269287 0.458333 0.0512695 0.0601852
0 0.361328 0.470833 0.0498047 0.0361111
2 0.165283 0.46875 0.0639648 0.0513889
2 0.101807 0.465046 0.0541992 0.0634259
2 0.217163 0.461806 0.0280762 0.0476852
0 0.612793 0.471296 0.125 0.025
0 0.87085 0.546759 0.256836 0.146296
0 0.155762 0.543519 0.311523 0.0907407
