2 0.28845 0.58027 0.0670956 0.0339052
2 0.373009 0.552083 0.0199142 0.0151144
0 0.339767 0.563725 0.00919118 0.00980392
0 0.134498 0.631332 0.0220588 0.0281863
0 0.55867 0.542075 0.0266544 0.0253268
0 0.400735 0.544935 0.0134804 0.0106209
0 0.373774 0.552083 0.0214461 0.0142974
0 0.601562 0.569649 0.0358456 0.0388072
2 0.55867 0.541667 0.0272672 0.0261438
2 0.602328 0.570466 0.036152 0.0388072
0 0.87883 0.764297 0.238051 0.222222
2 0.682751 0.621119 0.0750613 0.0837418
0 0.288756 0.580882 0.0634191 0.0334967
0 0.204197 0.607435 0.041973 0.0269608
0 0.0456495 0.657884 0.0900735 0.0486111
