4 0.428462 0.534926 0.0186887 0.0110294
1 0.471967 0.533905 0.0211397 0.0106209
1 0.490349 0.534926 0.0505515 0.0142974
0 0.193934 0.575163 0.371324 0.0727124
0 0.730086 0.695874 0.526961 0.306781
4 0.596507 0.541667 0.0122549 0.00898693
4 0.193934 0.574346 0.374387 0.0735294
0 0.943781 0.576797 0.109988 0.0147059
4 0.73269 0.680964 0.524816 0.281046
4 0.630668 0.542892 0.0229779 0.0130719
4 0.683977 0.544118 0.0456495 0.0163399
4 0.943321 0.559436 0.110907 0.0322712
4 0.789216 0.551266 0.11152 0.0257353
